filename,width,height,class,xmin,ymin,xmax,ymax
1277105424Image000008.jpg,30,30,70_SIGN,1051,339,1081,369
1277105424Image000008.jpg,23,30,70_SIGN,579,344,602,374
1277105424Image000008.jpg,30,30,70_SIGN,1051,339,1081,369
1277105424Image000008.jpg,23,30,70_SIGN,579,344,602,374
1277108116Image000006.jpg,30,28,PEDESTRIAN_CROSSING,653,481,683,509
1277108116Image000006.jpg,25,22,PEDESTRIAN_CROSSING,304,504,329,526
1277108116Image000006.jpg,14,15,NO_PARKING,709,530,723,545
1277108116Image000006.jpg,30,28,PEDESTRIAN_CROSSING,653,481,683,509
1277108116Image000006.jpg,25,22,PEDESTRIAN_CROSSING,304,504,329,526
1277108116Image000006.jpg,14,15,NO_PARKING,709,530,723,545
1277108116Image000006.jpg,30,28,PEDESTRIAN_CROSSING,653,481,683,509
1277108116Image000006.jpg,25,22,PEDESTRIAN_CROSSING,304,504,329,526
1277108116Image000006.jpg,14,15,NO_PARKING,709,530,723,545
1277106640Image000029.jpg,22,24,80_SIGN,423,406,445,430
1277106640Image000029.jpg,21,18,PRIORITY_ROAD,426,432,447,450
1277106640Image000029.jpg,22,24,80_SIGN,423,406,445,430
1277106640Image000029.jpg,21,18,PRIORITY_ROAD,426,432,447,450
1277106640Image000029.jpg,22,24,80_SIGN,423,406,445,430
1277106640Image000029.jpg,21,18,PRIORITY_ROAD,426,432,447,450
1277106732Image000011.jpg,18,41,STOP,687,407,705,448
1277106732Image000011.jpg,18,41,STOP,687,407,705,448
1277382118Image000001.jpg,59,61,OTHER,722,659,781,720
1277388484Image000021.jpg,16,16,NO_STOPPING_NO_STANDING,731,761,747,777
1277388484Image000021.jpg,16,16,NO_STOPPING_NO_STANDING,731,761,747,777
1277106640Image000034.jpg,26,27,80_SIGN,448,391,474,418
1277106640Image000034.jpg,26,23,PRIORITY_ROAD,450,421,476,444
1277106640Image000034.jpg,26,27,80_SIGN,448,391,474,418
1277106640Image000034.jpg,26,23,PRIORITY_ROAD,450,421,476,444
1277106640Image000034.jpg,26,27,80_SIGN,448,391,474,418
1277106640Image000034.jpg,26,23,PRIORITY_ROAD,450,421,476,444
1277107646Image000021.jpg,26,25,PASS_RIGHT_SIDE,134,404,160,429
1277107646Image000021.jpg,34,36,STOP,499,401,533,437
1277107646Image000021.jpg,13,13,OTHER,106,414,119,427
1277107646Image000021.jpg,26,25,PASS_RIGHT_SIDE,134,404,160,429
1277107646Image000021.jpg,34,36,STOP,499,401,533,437
1277107646Image000021.jpg,13,13,OTHER,106,414,119,427
1277107646Image000021.jpg,26,25,PASS_RIGHT_SIDE,134,404,160,429
1277107646Image000021.jpg,34,36,STOP,499,401,533,437
1277107646Image000021.jpg,13,13,OTHER,106,414,119,427
1277108220Image000004.jpg,29,28,PEDESTRIAN_CROSSING,375,495,404,523
1277108220Image000004.jpg,31,31,PASS_RIGHT_SIDE,374,522,405,553
1277108220Image000004.jpg,15,13,PRIORITY_ROAD,526,557,541,570
1277108220Image000004.jpg,13,30,PEDESTRIAN_CROSSING,973,420,986,450
1277108220Image000004.jpg,6,10,PEDESTRIAN_CROSSING,455,559,461,569
1277108220Image000004.jpg,7,7,PASS_RIGHT_SIDE,455,567,462,574
1277108220Image000004.jpg,29,28,PEDESTRIAN_CROSSING,375,495,404,523
1277108220Image000004.jpg,31,31,PASS_RIGHT_SIDE,374,522,405,553
1277108220Image000004.jpg,15,13,PRIORITY_ROAD,526,557,541,570
1277108220Image000004.jpg,13,30,PEDESTRIAN_CROSSING,973,420,986,450
1277108220Image000004.jpg,6,10,PEDESTRIAN_CROSSING,455,559,461,569
1277108220Image000004.jpg,7,7,PASS_RIGHT_SIDE,455,567,462,574
1277108220Image000004.jpg,29,28,PEDESTRIAN_CROSSING,375,495,404,523
1277108220Image000004.jpg,31,31,PASS_RIGHT_SIDE,374,522,405,553
1277108220Image000004.jpg,15,13,PRIORITY_ROAD,526,557,541,570
1277108220Image000004.jpg,13,30,PEDESTRIAN_CROSSING,973,420,986,450
1277108220Image000004.jpg,6,10,PEDESTRIAN_CROSSING,455,559,461,569
1277108220Image000004.jpg,7,7,PASS_RIGHT_SIDE,455,567,462,574
1277108220Image000004.jpg,29,28,PEDESTRIAN_CROSSING,375,495,404,523
1277108220Image000004.jpg,31,31,PASS_RIGHT_SIDE,374,522,405,553
1277108220Image000004.jpg,15,13,PRIORITY_ROAD,526,557,541,570
1277108220Image000004.jpg,13,30,PEDESTRIAN_CROSSING,973,420,986,450
1277108220Image000004.jpg,6,10,PEDESTRIAN_CROSSING,455,559,461,569
1277108220Image000004.jpg,7,7,PASS_RIGHT_SIDE,455,567,462,574
1277108220Image000004.jpg,29,28,PEDESTRIAN_CROSSING,375,495,404,523
1277108220Image000004.jpg,31,31,PASS_RIGHT_SIDE,374,522,405,553
1277108220Image000004.jpg,15,13,PRIORITY_ROAD,526,557,541,570
1277108220Image000004.jpg,13,30,PEDESTRIAN_CROSSING,973,420,986,450
1277108220Image000004.jpg,6,10,PEDESTRIAN_CROSSING,455,559,461,569
1277108220Image000004.jpg,7,7,PASS_RIGHT_SIDE,455,567,462,574
1277108220Image000004.jpg,29,28,PEDESTRIAN_CROSSING,375,495,404,523
1277108220Image000004.jpg,31,31,PASS_RIGHT_SIDE,374,522,405,553
1277108220Image000004.jpg,15,13,PRIORITY_ROAD,526,557,541,570
1277108220Image000004.jpg,13,30,PEDESTRIAN_CROSSING,973,420,986,450
1277108220Image000004.jpg,6,10,PEDESTRIAN_CROSSING,455,559,461,569
1277108220Image000004.jpg,7,7,PASS_RIGHT_SIDE,455,567,462,574
1277108220Image000004.jpg,29,28,PEDESTRIAN_CROSSING,375,495,404,523
1277108220Image000004.jpg,31,31,PASS_RIGHT_SIDE,374,522,405,553
1277108220Image000004.jpg,15,13,PRIORITY_ROAD,526,557,541,570
1277108220Image000004.jpg,13,30,PEDESTRIAN_CROSSING,973,420,986,450
1277108220Image000004.jpg,6,10,PEDESTRIAN_CROSSING,455,559,461,569
1277108220Image000004.jpg,7,7,PASS_RIGHT_SIDE,455,567,462,574
1277105585Image000002.jpg,19,20,80_SIGN,212,435,231,455
1277105585Image000002.jpg,12,13,PRIORITY_ROAD,217,453,229,466
1277105585Image000002.jpg,19,20,80_SIGN,212,435,231,455
1277105585Image000002.jpg,12,13,PRIORITY_ROAD,217,453,229,466
1277105585Image000002.jpg,19,20,80_SIGN,212,435,231,455
1277105585Image000002.jpg,12,13,PRIORITY_ROAD,217,453,229,466
1277382818Image000022.jpg,13,12,60_SIGN,238,720,251,732
1277382818Image000022.jpg,13,11,60_SIGN,446,712,459,723
1277382818Image000022.jpg,13,12,60_SIGN,238,720,251,732
1277382818Image000022.jpg,13,11,60_SIGN,446,712,459,723
1277384442Image000016.jpg,10,12,OTHER,431,721,441,733
1277384442Image000016.jpg,10,12,OTHER,431,721,441,733
1277107964Image000023.jpg,47,47,NO_STOPPING_NO_STANDING,671,454,718,501
1277107964Image000023.jpg,12,11,PEDESTRIAN_CROSSING,390,544,402,555
1277107964Image000023.jpg,9,9,NO_PARKING,429,548,438,557
1277107964Image000023.jpg,12,12,NO_PARKING,330,548,342,560
1277107964Image000023.jpg,47,47,NO_STOPPING_NO_STANDING,671,454,718,501
1277107964Image000023.jpg,12,11,PEDESTRIAN_CROSSING,390,544,402,555
1277107964Image000023.jpg,9,9,NO_PARKING,429,548,438,557
1277107964Image000023.jpg,12,12,NO_PARKING,330,548,342,560
1277107964Image000023.jpg,47,47,NO_STOPPING_NO_STANDING,671,454,718,501
1277107964Image000023.jpg,12,11,PEDESTRIAN_CROSSING,390,544,402,555
1277107964Image000023.jpg,9,9,NO_PARKING,429,548,438,557
1277107964Image000023.jpg,12,12,NO_PARKING,330,548,342,560
1277107964Image000023.jpg,47,47,NO_STOPPING_NO_STANDING,671,454,718,501
1277107964Image000023.jpg,12,11,PEDESTRIAN_CROSSING,390,544,402,555
1277107964Image000023.jpg,9,9,NO_PARKING,429,548,438,557
1277107964Image000023.jpg,12,12,NO_PARKING,330,548,342,560
1277384539Image000043.jpg,63,62,60_SIGN,806,600,869,662
1277384539Image000043.jpg,10,11,PASS_RIGHT_SIDE,603,697,613,708
1277384539Image000043.jpg,9,10,60_SIGN,658,690,667,700
1277384539Image000043.jpg,63,62,60_SIGN,806,600,869,662
1277384539Image000043.jpg,10,11,PASS_RIGHT_SIDE,603,697,613,708
1277384539Image000043.jpg,9,10,60_SIGN,658,690,667,700
1277384539Image000043.jpg,63,62,60_SIGN,806,600,869,662
1277384539Image000043.jpg,10,11,PASS_RIGHT_SIDE,603,697,613,708
1277384539Image000043.jpg,9,10,60_SIGN,658,690,667,700
1277107860Image000004.jpg,24,27,PRIORITY_ROAD,642,400,666,427
1277384442Image000011.jpg,9,10,OTHER,426,725,435,735
1277384442Image000011.jpg,9,10,OTHER,426,725,435,735
1277385890Image000011.jpg,21,22,PRIORITY_ROAD,515,698,536,720
1277108024Image000012.jpg,43,45,NO_PARKING,689,468,732,513
1277107964Image000003.jpg,62,59,PEDESTRIAN_CROSSING,772,371,834,430
1277107964Image000003.jpg,33,33,NO_STOPPING_NO_STANDING,584,489,617,522
1277107964Image000003.jpg,52,54,PEDESTRIAN_CROSSING,4,426,56,480
1277107964Image000003.jpg,62,59,PEDESTRIAN_CROSSING,772,371,834,430
1277107964Image000003.jpg,33,33,NO_STOPPING_NO_STANDING,584,489,617,522
1277107964Image000003.jpg,52,54,PEDESTRIAN_CROSSING,4,426,56,480
1277107964Image000003.jpg,62,59,PEDESTRIAN_CROSSING,772,371,834,430
1277107964Image000003.jpg,33,33,NO_STOPPING_NO_STANDING,584,489,617,522
1277107964Image000003.jpg,52,54,PEDESTRIAN_CROSSING,4,426,56,480
1277106832Image000002.jpg,26,22,OTHER,427,421,453,443
1277106832Image000002.jpg,26,22,OTHER,427,421,453,443
1277104195Image000033.jpg,83,98,100_SIGN,892,335,975,433
1277389846Image000046.jpg,18,19,120_SIGN,724,755,742,774
1277389846Image000046.jpg,18,19,120_SIGN,724,755,742,774
1277391792Image000161.jpg,13,13,PASS_RIGHT_SIDE,465,770,478,783
1277391792Image000161.jpg,10,10,PRIORITY_ROAD,620,759,630,769
1277391792Image000161.jpg,13,13,PASS_RIGHT_SIDE,465,770,478,783
1277391792Image000161.jpg,10,10,PRIORITY_ROAD,620,759,630,769
1277391792Image000161.jpg,13,13,PASS_RIGHT_SIDE,465,770,478,783
1277391792Image000161.jpg,10,10,PRIORITY_ROAD,620,759,630,769
1277108108Image000054.jpg,13,13,PEDESTRIAN_CROSSING,549,538,562,551
1277108108Image000054.jpg,13,14,PEDESTRIAN_CROSSING,706,529,719,543
1277108108Image000054.jpg,13,13,PEDESTRIAN_CROSSING,549,538,562,551
1277108108Image000054.jpg,13,14,PEDESTRIAN_CROSSING,706,529,719,543
1277391485Image000047.jpg,41,41,70_SIGN,997,697,1038,738
1277391485Image000047.jpg,41,41,70_SIGN,152,731,193,772
1277391485Image000047.jpg,41,41,70_SIGN,997,697,1038,738
1277391485Image000047.jpg,41,41,70_SIGN,152,731,193,772
1277105417Image000042.jpg,17,15,PASS_EITHER_SIDE,397,422,414,437
1277105417Image000042.jpg,13,14,70_SIGN,1107,414,1120,428
1277105417Image000042.jpg,13,15,70_SIGN,943,412,956,427
1277105417Image000042.jpg,17,15,PASS_EITHER_SIDE,397,422,414,437
1277105417Image000042.jpg,13,14,70_SIGN,1107,414,1120,428
1277105417Image000042.jpg,13,15,70_SIGN,943,412,956,427
1277105417Image000042.jpg,17,15,PASS_EITHER_SIDE,397,422,414,437
1277105417Image000042.jpg,13,14,70_SIGN,1107,414,1120,428
1277105417Image000042.jpg,13,15,70_SIGN,943,412,956,427
1277105417Image000042.jpg,17,15,PASS_EITHER_SIDE,397,422,414,437
1277105417Image000042.jpg,13,14,70_SIGN,1107,414,1120,428
1277105417Image000042.jpg,13,15,70_SIGN,943,412,956,427
1277381949Image000003.jpg,15,16,70_SIGN,454,696,469,712
1277381949Image000003.jpg,10,10,PRIORITY_ROAD,456,713,466,723
1277381949Image000003.jpg,16,14,70_SIGN,65,678,81,692
1277381949Image000003.jpg,46,39,OTHER,761,650,807,689
1277381949Image000003.jpg,15,16,70_SIGN,454,696,469,712
1277381949Image000003.jpg,10,10,PRIORITY_ROAD,456,713,466,723
1277381949Image000003.jpg,16,14,70_SIGN,65,678,81,692
1277381949Image000003.jpg,46,39,OTHER,761,650,807,689
1277381949Image000003.jpg,15,16,70_SIGN,454,696,469,712
1277381949Image000003.jpg,10,10,PRIORITY_ROAD,456,713,466,723
1277381949Image000003.jpg,16,14,70_SIGN,65,678,81,692
1277381949Image000003.jpg,46,39,OTHER,761,650,807,689
1277381949Image000003.jpg,15,16,70_SIGN,454,696,469,712
1277381949Image000003.jpg,10,10,PRIORITY_ROAD,456,713,466,723
1277381949Image000003.jpg,16,14,70_SIGN,65,678,81,692
1277381949Image000003.jpg,46,39,OTHER,761,650,807,689
1277108194Image000021.jpg,32,33,PEDESTRIAN_CROSSING,736,474,768,507
1277108194Image000021.jpg,33,34,PEDESTRIAN_CROSSING,101,489,134,523
1277108194Image000021.jpg,37,38,PASS_RIGHT_SIDE,396,509,433,547
1277108194Image000021.jpg,17,18,PEDESTRIAN_CROSSING,450,524,467,542
1277108194Image000021.jpg,20,19,PASS_RIGHT_SIDE,450,542,470,561
1277108194Image000021.jpg,18,16,50_SIGN,644,540,662,556
1277108194Image000021.jpg,32,33,PEDESTRIAN_CROSSING,736,474,768,507
1277108194Image000021.jpg,33,34,PEDESTRIAN_CROSSING,101,489,134,523
1277108194Image000021.jpg,37,38,PASS_RIGHT_SIDE,396,509,433,547
1277108194Image000021.jpg,17,18,PEDESTRIAN_CROSSING,450,524,467,542
1277108194Image000021.jpg,20,19,PASS_RIGHT_SIDE,450,542,470,561
1277108194Image000021.jpg,18,16,50_SIGN,644,540,662,556
1277108194Image000021.jpg,32,33,PEDESTRIAN_CROSSING,736,474,768,507
1277108194Image000021.jpg,33,34,PEDESTRIAN_CROSSING,101,489,134,523
1277108194Image000021.jpg,37,38,PASS_RIGHT_SIDE,396,509,433,547
1277108194Image000021.jpg,17,18,PEDESTRIAN_CROSSING,450,524,467,542
1277108194Image000021.jpg,20,19,PASS_RIGHT_SIDE,450,542,470,561
1277108194Image000021.jpg,18,16,50_SIGN,644,540,662,556
1277108194Image000021.jpg,32,33,PEDESTRIAN_CROSSING,736,474,768,507
1277108194Image000021.jpg,33,34,PEDESTRIAN_CROSSING,101,489,134,523
1277108194Image000021.jpg,37,38,PASS_RIGHT_SIDE,396,509,433,547
1277108194Image000021.jpg,17,18,PEDESTRIAN_CROSSING,450,524,467,542
1277108194Image000021.jpg,20,19,PASS_RIGHT_SIDE,450,542,470,561
1277108194Image000021.jpg,18,16,50_SIGN,644,540,662,556
1277108194Image000021.jpg,32,33,PEDESTRIAN_CROSSING,736,474,768,507
1277108194Image000021.jpg,33,34,PEDESTRIAN_CROSSING,101,489,134,523
1277108194Image000021.jpg,37,38,PASS_RIGHT_SIDE,396,509,433,547
1277108194Image000021.jpg,17,18,PEDESTRIAN_CROSSING,450,524,467,542
1277108194Image000021.jpg,20,19,PASS_RIGHT_SIDE,450,542,470,561
1277108194Image000021.jpg,18,16,50_SIGN,644,540,662,556
1277108194Image000021.jpg,32,33,PEDESTRIAN_CROSSING,736,474,768,507
1277108194Image000021.jpg,33,34,PEDESTRIAN_CROSSING,101,489,134,523
1277108194Image000021.jpg,37,38,PASS_RIGHT_SIDE,396,509,433,547
1277108194Image000021.jpg,17,18,PEDESTRIAN_CROSSING,450,524,467,542
1277108194Image000021.jpg,20,19,PASS_RIGHT_SIDE,450,542,470,561
1277108194Image000021.jpg,18,16,50_SIGN,644,540,662,556
1277108194Image000021.jpg,32,33,PEDESTRIAN_CROSSING,736,474,768,507
1277108194Image000021.jpg,33,34,PEDESTRIAN_CROSSING,101,489,134,523
1277108194Image000021.jpg,37,38,PASS_RIGHT_SIDE,396,509,433,547
1277108194Image000021.jpg,17,18,PEDESTRIAN_CROSSING,450,524,467,542
1277108194Image000021.jpg,20,19,PASS_RIGHT_SIDE,450,542,470,561
1277108194Image000021.jpg,18,16,50_SIGN,644,540,662,556
1277387088Image000056.jpg,42,117,PEDESTRIAN_CROSSING,1235,359,1277,476
1277108541Image000008.jpg,54,44,PEDESTRIAN_CROSSING,774,523,828,567
1277108541Image000008.jpg,15,16,NO_PARKING,561,540,576,556
1277108541Image000008.jpg,54,44,PEDESTRIAN_CROSSING,774,523,828,567
1277108541Image000008.jpg,15,16,NO_PARKING,561,540,576,556
1277108702Image000021.jpg,14,12,PEDESTRIAN_CROSSING,504,541,518,553
1277108702Image000021.jpg,14,14,PEDESTRIAN_CROSSING,18,532,32,546
1277108702Image000021.jpg,9,16,PEDESTRIAN_CROSSING,101,530,110,546
1277108702Image000021.jpg,11,13,50_SIGN,333,551,344,564
1277108702Image000021.jpg,14,12,PEDESTRIAN_CROSSING,504,541,518,553
1277108702Image000021.jpg,14,14,PEDESTRIAN_CROSSING,18,532,32,546
1277108702Image000021.jpg,9,16,PEDESTRIAN_CROSSING,101,530,110,546
1277108702Image000021.jpg,11,13,50_SIGN,333,551,344,564
1277108702Image000021.jpg,14,12,PEDESTRIAN_CROSSING,504,541,518,553
1277108702Image000021.jpg,14,14,PEDESTRIAN_CROSSING,18,532,32,546
1277108702Image000021.jpg,9,16,PEDESTRIAN_CROSSING,101,530,110,546
1277108702Image000021.jpg,11,13,50_SIGN,333,551,344,564
1277108702Image000021.jpg,14,12,PEDESTRIAN_CROSSING,504,541,518,553
1277108702Image000021.jpg,14,14,PEDESTRIAN_CROSSING,18,532,32,546
1277108702Image000021.jpg,9,16,PEDESTRIAN_CROSSING,101,530,110,546
1277108702Image000021.jpg,11,13,50_SIGN,333,551,344,564
1277108702Image000021.jpg,14,12,PEDESTRIAN_CROSSING,504,541,518,553
1277108702Image000021.jpg,14,14,PEDESTRIAN_CROSSING,18,532,32,546
1277108702Image000021.jpg,9,16,PEDESTRIAN_CROSSING,101,530,110,546
1277108702Image000021.jpg,11,13,50_SIGN,333,551,344,564
1277384745Image000017.jpg,35,35,100_SIGN,542,662,577,697
1277384745Image000017.jpg,29,30,PRIORITY_ROAD,543,698,572,728
1277384745Image000017.jpg,35,35,100_SIGN,542,662,577,697
1277384745Image000017.jpg,29,30,PRIORITY_ROAD,543,698,572,728
1277384745Image000017.jpg,35,35,100_SIGN,542,662,577,697
1277384745Image000017.jpg,29,30,PRIORITY_ROAD,543,698,572,728
1277107524Image000028.jpg,62,61,PRIORITY_ROAD,695,326,757,387
1277107524Image000028.jpg,62,61,PRIORITY_ROAD,695,326,757,387
1277106133Image000029.jpg,71,81,80_SIGN,881,334,952,415
1277106133Image000029.jpg,60,66,PRIORITY_ROAD,881,416,941,482
1277106133Image000029.jpg,71,81,80_SIGN,881,334,952,415
1277106133Image000029.jpg,60,66,PRIORITY_ROAD,881,416,941,482
1277384929Image000011.jpg,103,111,80_SIGN,974,489,1077,600
1277384929Image000011.jpg,67,69,PRIORITY_ROAD,996,612,1063,681
1277384929Image000011.jpg,103,111,80_SIGN,974,489,1077,600
1277384929Image000011.jpg,67,69,PRIORITY_ROAD,996,612,1063,681
1277384929Image000011.jpg,103,111,80_SIGN,974,489,1077,600
1277384929Image000011.jpg,67,69,PRIORITY_ROAD,996,612,1063,681
1277104756Image000011.jpg,28,30,70_SIGN,380,393,408,423
1277104756Image000011.jpg,17,16,PRIORITY_ROAD,388,422,405,438
1277104756Image000011.jpg,28,30,70_SIGN,380,393,408,423
1277104756Image000011.jpg,17,16,PRIORITY_ROAD,388,422,405,438
1277104756Image000011.jpg,28,30,70_SIGN,380,393,408,423
1277104756Image000011.jpg,17,16,PRIORITY_ROAD,388,422,405,438
1277383333Image000023.jpg,30,28,GIVE_WAY,543,677,573,705
1277383333Image000023.jpg,19,20,PRIORITY_ROAD,479,696,498,716
1277383333Image000023.jpg,30,28,GIVE_WAY,543,677,573,705
1277383333Image000023.jpg,19,20,PRIORITY_ROAD,479,696,498,716
1277383333Image000023.jpg,30,28,GIVE_WAY,543,677,573,705
1277383333Image000023.jpg,19,20,PRIORITY_ROAD,479,696,498,716
1277389506Image000046.jpg,17,17,120_SIGN,726,757,743,774
1277389506Image000046.jpg,17,17,120_SIGN,726,757,743,774
1277391556Image000024.jpg,12,13,110_SIGN,693,759,705,772
1277383292Image000028.jpg,28,28,PEDESTRIAN_CROSSING,427,615,455,643
1277383292Image000028.jpg,7,18,PEDESTRIAN_CROSSING,371,633,378,651
1277383292Image000028.jpg,12,18,PASS_RIGHT_SIDE,367,658,379,676
1277383292Image000028.jpg,25,23,PEDESTRIAN_CROSSING,27,645,52,668
1277383292Image000028.jpg,14,18,PEDESTRIAN_CROSSING,51,661,65,679
1277383292Image000028.jpg,28,28,PEDESTRIAN_CROSSING,427,615,455,643
1277383292Image000028.jpg,7,18,PEDESTRIAN_CROSSING,371,633,378,651
1277383292Image000028.jpg,12,18,PASS_RIGHT_SIDE,367,658,379,676
1277383292Image000028.jpg,25,23,PEDESTRIAN_CROSSING,27,645,52,668
1277383292Image000028.jpg,14,18,PEDESTRIAN_CROSSING,51,661,65,679
1277383292Image000028.jpg,28,28,PEDESTRIAN_CROSSING,427,615,455,643
1277383292Image000028.jpg,7,18,PEDESTRIAN_CROSSING,371,633,378,651
1277383292Image000028.jpg,12,18,PASS_RIGHT_SIDE,367,658,379,676
1277383292Image000028.jpg,25,23,PEDESTRIAN_CROSSING,27,645,52,668
1277383292Image000028.jpg,14,18,PEDESTRIAN_CROSSING,51,661,65,679
1277383292Image000028.jpg,28,28,PEDESTRIAN_CROSSING,427,615,455,643
1277383292Image000028.jpg,7,18,PEDESTRIAN_CROSSING,371,633,378,651
1277383292Image000028.jpg,12,18,PASS_RIGHT_SIDE,367,658,379,676
1277383292Image000028.jpg,25,23,PEDESTRIAN_CROSSING,27,645,52,668
1277383292Image000028.jpg,14,18,PEDESTRIAN_CROSSING,51,661,65,679
1277383292Image000028.jpg,28,28,PEDESTRIAN_CROSSING,427,615,455,643
1277383292Image000028.jpg,7,18,PEDESTRIAN_CROSSING,371,633,378,651
1277383292Image000028.jpg,12,18,PASS_RIGHT_SIDE,367,658,379,676
1277383292Image000028.jpg,25,23,PEDESTRIAN_CROSSING,27,645,52,668
1277383292Image000028.jpg,14,18,PEDESTRIAN_CROSSING,51,661,65,679
1277108851Image000051.jpg,79,81,PEDESTRIAN_CROSSING,18,300,97,381
1277108851Image000051.jpg,92,91,PASS_RIGHT_SIDE,10,391,102,482
1277108851Image000051.jpg,75,81,PEDESTRIAN_CROSSING,1000,341,1075,422
1277108851Image000051.jpg,40,42,GIVE_WAY,873,477,913,519
1277108851Image000051.jpg,35,39,OTHER,879,517,914,556
1277108851Image000051.jpg,8,17,GIVE_WAY,1108,509,1116,526
1277108851Image000051.jpg,6,16,OTHER,1108,527,1114,543
1277108851Image000051.jpg,10,10,80_SIGN,527,550,537,560
1277108851Image000051.jpg,11,12,80_SIGN,293,557,304,569
1277108851Image000051.jpg,79,81,PEDESTRIAN_CROSSING,18,300,97,381
1277108851Image000051.jpg,92,91,PASS_RIGHT_SIDE,10,391,102,482
1277108851Image000051.jpg,75,81,PEDESTRIAN_CROSSING,1000,341,1075,422
1277108851Image000051.jpg,40,42,GIVE_WAY,873,477,913,519
1277108851Image000051.jpg,35,39,OTHER,879,517,914,556
1277108851Image000051.jpg,8,17,GIVE_WAY,1108,509,1116,526
1277108851Image000051.jpg,6,16,OTHER,1108,527,1114,543
1277108851Image000051.jpg,10,10,80_SIGN,527,550,537,560
1277108851Image000051.jpg,11,12,80_SIGN,293,557,304,569
1277108851Image000051.jpg,79,81,PEDESTRIAN_CROSSING,18,300,97,381
1277108851Image000051.jpg,92,91,PASS_RIGHT_SIDE,10,391,102,482
1277108851Image000051.jpg,75,81,PEDESTRIAN_CROSSING,1000,341,1075,422
1277108851Image000051.jpg,40,42,GIVE_WAY,873,477,913,519
1277108851Image000051.jpg,35,39,OTHER,879,517,914,556
1277108851Image000051.jpg,8,17,GIVE_WAY,1108,509,1116,526
1277108851Image000051.jpg,6,16,OTHER,1108,527,1114,543
1277108851Image000051.jpg,10,10,80_SIGN,527,550,537,560
1277108851Image000051.jpg,11,12,80_SIGN,293,557,304,569
1277108851Image000051.jpg,79,81,PEDESTRIAN_CROSSING,18,300,97,381
1277108851Image000051.jpg,92,91,PASS_RIGHT_SIDE,10,391,102,482
1277108851Image000051.jpg,75,81,PEDESTRIAN_CROSSING,1000,341,1075,422
1277108851Image000051.jpg,40,42,GIVE_WAY,873,477,913,519
1277108851Image000051.jpg,35,39,OTHER,879,517,914,556
1277108851Image000051.jpg,8,17,GIVE_WAY,1108,509,1116,526
1277108851Image000051.jpg,6,16,OTHER,1108,527,1114,543
1277108851Image000051.jpg,10,10,80_SIGN,527,550,537,560
1277108851Image000051.jpg,11,12,80_SIGN,293,557,304,569
1277108851Image000051.jpg,79,81,PEDESTRIAN_CROSSING,18,300,97,381
1277108851Image000051.jpg,92,91,PASS_RIGHT_SIDE,10,391,102,482
1277108851Image000051.jpg,75,81,PEDESTRIAN_CROSSING,1000,341,1075,422
1277108851Image000051.jpg,40,42,GIVE_WAY,873,477,913,519
1277108851Image000051.jpg,35,39,OTHER,879,517,914,556
1277108851Image000051.jpg,8,17,GIVE_WAY,1108,509,1116,526
1277108851Image000051.jpg,6,16,OTHER,1108,527,1114,543
1277108851Image000051.jpg,10,10,80_SIGN,527,550,537,560
1277108851Image000051.jpg,11,12,80_SIGN,293,557,304,569
1277108851Image000051.jpg,79,81,PEDESTRIAN_CROSSING,18,300,97,381
1277108851Image000051.jpg,92,91,PASS_RIGHT_SIDE,10,391,102,482
1277108851Image000051.jpg,75,81,PEDESTRIAN_CROSSING,1000,341,1075,422
1277108851Image000051.jpg,40,42,GIVE_WAY,873,477,913,519
1277108851Image000051.jpg,35,39,OTHER,879,517,914,556
1277108851Image000051.jpg,8,17,GIVE_WAY,1108,509,1116,526
1277108851Image000051.jpg,6,16,OTHER,1108,527,1114,543
1277108851Image000051.jpg,10,10,80_SIGN,527,550,537,560
1277108851Image000051.jpg,11,12,80_SIGN,293,557,304,569
1277108851Image000051.jpg,79,81,PEDESTRIAN_CROSSING,18,300,97,381
1277108851Image000051.jpg,92,91,PASS_RIGHT_SIDE,10,391,102,482
1277108851Image000051.jpg,75,81,PEDESTRIAN_CROSSING,1000,341,1075,422
1277108851Image000051.jpg,40,42,GIVE_WAY,873,477,913,519
1277108851Image000051.jpg,35,39,OTHER,879,517,914,556
1277108851Image000051.jpg,8,17,GIVE_WAY,1108,509,1116,526
1277108851Image000051.jpg,6,16,OTHER,1108,527,1114,543
1277108851Image000051.jpg,10,10,80_SIGN,527,550,537,560
1277108851Image000051.jpg,11,12,80_SIGN,293,557,304,569
1277108851Image000051.jpg,79,81,PEDESTRIAN_CROSSING,18,300,97,381
1277108851Image000051.jpg,92,91,PASS_RIGHT_SIDE,10,391,102,482
1277108851Image000051.jpg,75,81,PEDESTRIAN_CROSSING,1000,341,1075,422
1277108851Image000051.jpg,40,42,GIVE_WAY,873,477,913,519
1277108851Image000051.jpg,35,39,OTHER,879,517,914,556
1277108851Image000051.jpg,8,17,GIVE_WAY,1108,509,1116,526
1277108851Image000051.jpg,6,16,OTHER,1108,527,1114,543
1277108851Image000051.jpg,10,10,80_SIGN,527,550,537,560
1277108851Image000051.jpg,11,12,80_SIGN,293,557,304,569
1277108851Image000051.jpg,79,81,PEDESTRIAN_CROSSING,18,300,97,381
1277108851Image000051.jpg,92,91,PASS_RIGHT_SIDE,10,391,102,482
1277108851Image000051.jpg,75,81,PEDESTRIAN_CROSSING,1000,341,1075,422
1277108851Image000051.jpg,40,42,GIVE_WAY,873,477,913,519
1277108851Image000051.jpg,35,39,OTHER,879,517,914,556
1277108851Image000051.jpg,8,17,GIVE_WAY,1108,509,1116,526
1277108851Image000051.jpg,6,16,OTHER,1108,527,1114,543
1277108851Image000051.jpg,10,10,80_SIGN,527,550,537,560
1277108851Image000051.jpg,11,12,80_SIGN,293,557,304,569
1277108851Image000051.jpg,79,81,PEDESTRIAN_CROSSING,18,300,97,381
1277108851Image000051.jpg,92,91,PASS_RIGHT_SIDE,10,391,102,482
1277108851Image000051.jpg,75,81,PEDESTRIAN_CROSSING,1000,341,1075,422
1277108851Image000051.jpg,40,42,GIVE_WAY,873,477,913,519
1277108851Image000051.jpg,35,39,OTHER,879,517,914,556
1277108851Image000051.jpg,8,17,GIVE_WAY,1108,509,1116,526
1277108851Image000051.jpg,6,16,OTHER,1108,527,1114,543
1277108851Image000051.jpg,10,10,80_SIGN,527,550,537,560
1277108851Image000051.jpg,11,12,80_SIGN,293,557,304,569
1277383654Image000047.jpg,26,25,50_SIGN,917,658,943,683
1277383654Image000047.jpg,26,25,50_SIGN,917,658,943,683
1277384442Image000036.jpg,12,15,OTHER,461,695,473,710
1277384442Image000036.jpg,12,15,OTHER,461,695,473,710
1277107280Image000031.jpg,22,20,50_SIGN,410,420,432,440
1277107280Image000031.jpg,21,20,50_SIGN,50,432,71,452
1277107280Image000031.jpg,22,20,50_SIGN,410,420,432,440
1277107280Image000031.jpg,21,20,50_SIGN,50,432,71,452
1277107280Image000031.jpg,22,20,50_SIGN,410,420,432,440
1277107280Image000031.jpg,21,20,50_SIGN,50,432,71,452
1277106832Image000042.jpg,11,21,STOP,491,426,502,447
1277106832Image000042.jpg,8,7,50_SIGN,341,449,349,456
1277106832Image000042.jpg,6,5,PRIORITY_ROAD,343,457,349,462
1277106832Image000042.jpg,11,21,STOP,491,426,502,447
1277106832Image000042.jpg,8,7,50_SIGN,341,449,349,456
1277106832Image000042.jpg,6,5,PRIORITY_ROAD,343,457,349,462
1277106832Image000042.jpg,11,21,STOP,491,426,502,447
1277106832Image000042.jpg,8,7,50_SIGN,341,449,349,456
1277106832Image000042.jpg,6,5,PRIORITY_ROAD,343,457,349,462
1277391635Image000016.jpg,37,38,70_SIGN,947,682,984,720
1277391635Image000016.jpg,33,36,PRIORITY_ROAD,950,720,983,756
1277391635Image000016.jpg,37,36,70_SIGN,300,716,337,752
1277391635Image000016.jpg,31,31,70_SIGN,306,754,337,785
1277391635Image000016.jpg,37,38,70_SIGN,947,682,984,720
1277391635Image000016.jpg,33,36,PRIORITY_ROAD,950,720,983,756
1277391635Image000016.jpg,37,36,70_SIGN,300,716,337,752
1277391635Image000016.jpg,31,31,70_SIGN,306,754,337,785
1277391635Image000016.jpg,37,38,70_SIGN,947,682,984,720
1277391635Image000016.jpg,33,36,PRIORITY_ROAD,950,720,983,756
1277391635Image000016.jpg,37,36,70_SIGN,300,716,337,752
1277391635Image000016.jpg,31,31,70_SIGN,306,754,337,785
1277391635Image000016.jpg,37,38,70_SIGN,947,682,984,720
1277391635Image000016.jpg,33,36,PRIORITY_ROAD,950,720,983,756
1277391635Image000016.jpg,37,36,70_SIGN,300,716,337,752
1277391635Image000016.jpg,31,31,70_SIGN,306,754,337,785
1277391635Image000016.jpg,37,38,70_SIGN,947,682,984,720
1277391635Image000016.jpg,33,36,PRIORITY_ROAD,950,720,983,756
1277391635Image000016.jpg,37,36,70_SIGN,300,716,337,752
1277391635Image000016.jpg,31,31,70_SIGN,306,754,337,785
1277391585Image000051.jpg,13,15,90_SIGN,712,738,725,753
1277391585Image000051.jpg,12,12,90_SIGN,438,754,450,766
1277391585Image000051.jpg,13,15,90_SIGN,712,738,725,753
1277391585Image000051.jpg,12,12,90_SIGN,438,754,450,766
1277391585Image000051.jpg,13,15,90_SIGN,712,738,725,753
1277391585Image000051.jpg,12,12,90_SIGN,438,754,450,766
1277387701Image000109.jpg,40,41,PRIORITY_ROAD,846,649,886,690
1277387701Image000109.jpg,14,13,PRIORITY_ROAD,633,743,647,756
1277387701Image000109.jpg,40,41,PRIORITY_ROAD,846,649,886,690
1277387701Image000109.jpg,14,13,PRIORITY_ROAD,633,743,647,756
1277387701Image000109.jpg,40,41,PRIORITY_ROAD,846,649,886,690
1277387701Image000109.jpg,14,13,PRIORITY_ROAD,633,743,647,756
1277383154Image000011.jpg,89,78,PEDESTRIAN_CROSSING,731,485,820,563
1277389506Image000006.jpg,10,10,120_SIGN,715,774,725,784
1277389506Image000006.jpg,10,10,120_SIGN,715,774,725,784
1277108547Image000001.jpg,35,37,NO_PARKING,617,484,652,521
1277107205Image000022.jpg,39,39,80_SIGN,462,390,501,429
1277108163Image000036.jpg,26,26,PEDESTRIAN_CROSSING,620,500,646,526
1277108163Image000036.jpg,15,16,PEDESTRIAN_CROSSING,582,538,597,554
1277108163Image000036.jpg,14,14,PEDESTRIAN_CROSSING,355,549,369,563
1277108163Image000036.jpg,25,29,PASS_RIGHT_SIDE,417,517,442,546
1277108163Image000036.jpg,16,18,PASS_RIGHT_SIDE,461,551,477,569
1277108163Image000036.jpg,26,26,PEDESTRIAN_CROSSING,620,500,646,526
1277108163Image000036.jpg,15,16,PEDESTRIAN_CROSSING,582,538,597,554
1277108163Image000036.jpg,14,14,PEDESTRIAN_CROSSING,355,549,369,563
1277108163Image000036.jpg,25,29,PASS_RIGHT_SIDE,417,517,442,546
1277108163Image000036.jpg,16,18,PASS_RIGHT_SIDE,461,551,477,569
1277108163Image000036.jpg,26,26,PEDESTRIAN_CROSSING,620,500,646,526
1277108163Image000036.jpg,15,16,PEDESTRIAN_CROSSING,582,538,597,554
1277108163Image000036.jpg,14,14,PEDESTRIAN_CROSSING,355,549,369,563
1277108163Image000036.jpg,25,29,PASS_RIGHT_SIDE,417,517,442,546
1277108163Image000036.jpg,16,18,PASS_RIGHT_SIDE,461,551,477,569
1277108163Image000036.jpg,26,26,PEDESTRIAN_CROSSING,620,500,646,526
1277108163Image000036.jpg,15,16,PEDESTRIAN_CROSSING,582,538,597,554
1277108163Image000036.jpg,14,14,PEDESTRIAN_CROSSING,355,549,369,563
1277108163Image000036.jpg,25,29,PASS_RIGHT_SIDE,417,517,442,546
1277108163Image000036.jpg,16,18,PASS_RIGHT_SIDE,461,551,477,569
1277108163Image000036.jpg,26,26,PEDESTRIAN_CROSSING,620,500,646,526
1277108163Image000036.jpg,15,16,PEDESTRIAN_CROSSING,582,538,597,554
1277108163Image000036.jpg,14,14,PEDESTRIAN_CROSSING,355,549,369,563
1277108163Image000036.jpg,25,29,PASS_RIGHT_SIDE,417,517,442,546
1277108163Image000036.jpg,16,18,PASS_RIGHT_SIDE,461,551,477,569
1277108163Image000036.jpg,26,26,PEDESTRIAN_CROSSING,620,500,646,526
1277108163Image000036.jpg,15,16,PEDESTRIAN_CROSSING,582,538,597,554
1277108163Image000036.jpg,14,14,PEDESTRIAN_CROSSING,355,549,369,563
1277108163Image000036.jpg,25,29,PASS_RIGHT_SIDE,417,517,442,546
1277108163Image000036.jpg,16,18,PASS_RIGHT_SIDE,461,551,477,569
1277106640Image000009.jpg,14,14,80_SIGN,384,429,398,443
1277106640Image000009.jpg,12,12,PRIORITY_ROAD,386,442,398,454
1277106640Image000009.jpg,14,14,80_SIGN,384,429,398,443
1277106640Image000009.jpg,12,12,PRIORITY_ROAD,386,442,398,454
1277106640Image000009.jpg,14,14,80_SIGN,384,429,398,443
1277106640Image000009.jpg,12,12,PRIORITY_ROAD,386,442,398,454
1277387666Image000067.jpg,46,44,PASS_RIGHT_SIDE,453,698,499,742
1277387666Image000067.jpg,46,44,PASS_RIGHT_SIDE,453,698,499,742
1277387259Image000041.jpg,89,85,PEDESTRIAN_CROSSING,803,404,892,489
1277386993Image000009.jpg,62,60,OTHER,371,732,433,792
1277386993Image000009.jpg,62,60,OTHER,371,732,433,792
1277384698Image000003.jpg,15,13,PASS_RIGHT_SIDE,255,703,270,716
1277384698Image000003.jpg,15,13,PASS_RIGHT_SIDE,255,703,270,716
1277107930Image000081.jpg,17,18,PRIORITY_ROAD,580,542,597,560
1277107930Image000081.jpg,26,26,NO_STOPPING_NO_STANDING,577,516,603,542
1277107930Image000081.jpg,14,12,PEDESTRIAN_CROSSING,547,541,561,553
1277107930Image000081.jpg,13,13,PEDESTRIAN_CROSSING,345,546,358,559
1277107930Image000081.jpg,17,18,PRIORITY_ROAD,580,542,597,560
1277107930Image000081.jpg,26,26,NO_STOPPING_NO_STANDING,577,516,603,542
1277107930Image000081.jpg,14,12,PEDESTRIAN_CROSSING,547,541,561,553
1277107930Image000081.jpg,13,13,PEDESTRIAN_CROSSING,345,546,358,559
1277107930Image000081.jpg,17,18,PRIORITY_ROAD,580,542,597,560
1277107930Image000081.jpg,26,26,NO_STOPPING_NO_STANDING,577,516,603,542
1277107930Image000081.jpg,14,12,PEDESTRIAN_CROSSING,547,541,561,553
1277107930Image000081.jpg,13,13,PEDESTRIAN_CROSSING,345,546,358,559
1277107930Image000081.jpg,17,18,PRIORITY_ROAD,580,542,597,560
1277107930Image000081.jpg,26,26,NO_STOPPING_NO_STANDING,577,516,603,542
1277107930Image000081.jpg,14,12,PEDESTRIAN_CROSSING,547,541,561,553
1277107930Image000081.jpg,13,13,PEDESTRIAN_CROSSING,345,546,358,559
1277107930Image000081.jpg,17,18,PRIORITY_ROAD,580,542,597,560
1277107930Image000081.jpg,26,26,NO_STOPPING_NO_STANDING,577,516,603,542
1277107930Image000081.jpg,14,12,PEDESTRIAN_CROSSING,547,541,561,553
1277107930Image000081.jpg,13,13,PEDESTRIAN_CROSSING,345,546,358,559
1277386082Image000007.jpg,31,33,70_SIGN,541,667,572,700
1277386082Image000007.jpg,31,33,70_SIGN,541,667,572,700
1277387246Image000011.jpg,28,33,PRIORITY_ROAD,732,635,760,668
1277387246Image000011.jpg,24,24,NO_STOPPING_NO_STANDING,736,668,760,692
1277387246Image000011.jpg,28,33,PRIORITY_ROAD,732,635,760,668
1277387246Image000011.jpg,24,24,NO_STOPPING_NO_STANDING,736,668,760,692
1277382078Image000001.jpg,31,30,PRIORITY_ROAD,516,644,547,674
1277382078Image000001.jpg,31,30,PRIORITY_ROAD,516,644,547,674
1277106927Image000131.jpg,83,88,PRIORITY_ROAD,1119,104,1202,192
1277106927Image000131.jpg,83,88,PRIORITY_ROAD,1119,104,1202,192
1277106732Image000031.jpg,15,13,80_SIGN,352,431,367,444
1277106732Image000031.jpg,10,11,PRIORITY_ROAD,355,444,365,455
1277106732Image000031.jpg,15,13,80_SIGN,352,431,367,444
1277106732Image000031.jpg,10,11,PRIORITY_ROAD,355,444,365,455
1277106732Image000031.jpg,15,13,80_SIGN,352,431,367,444
1277106732Image000031.jpg,10,11,PRIORITY_ROAD,355,444,365,455
1277382639Image000006.jpg,43,43,80_SIGN,640,659,683,702
1277382639Image000006.jpg,43,43,80_SIGN,640,659,683,702
1277387727Image000011.jpg,20,21,OTHER,692,711,712,732
1277387727Image000011.jpg,20,21,OTHER,692,711,712,732
1277383134Image000003.jpg,72,72,50_SIGN,709,638,781,710
1277388958Image000001.jpg,10,9,70_SIGN,695,757,705,766
1277388958Image000001.jpg,11,9,GIVE_WAY,856,744,867,753
1277388958Image000001.jpg,10,9,70_SIGN,695,757,705,766
1277388958Image000001.jpg,11,9,GIVE_WAY,856,744,867,753
1277105103Image000084.jpg,12,12,70_SIGN,364,441,376,453
1277105103Image000084.jpg,12,12,70_SIGN,125,447,137,459
1277105103Image000084.jpg,12,12,70_SIGN,364,441,376,453
1277105103Image000084.jpg,12,12,70_SIGN,125,447,137,459
1277105103Image000084.jpg,12,12,70_SIGN,364,441,376,453
1277105103Image000084.jpg,12,12,70_SIGN,125,447,137,459
1277381979Image000003.jpg,31,31,70_SIGN,488,687,519,718
1277383042Image000001.jpg,32,29,OTHER,544,699,576,728
1277383042Image000001.jpg,32,29,OTHER,544,699,576,728
1277108453Image000056.jpg,32,33,PEDESTRIAN_CROSSING,294,462,326,495
1277108453Image000056.jpg,35,35,PASS_RIGHT_SIDE,294,493,329,528
1277108453Image000056.jpg,19,19,PASS_RIGHT_SIDE,394,520,413,539
1277108453Image000056.jpg,16,17,PEDESTRIAN_CROSSING,239,511,255,528
1277108453Image000056.jpg,17,18,PEDESTRIAN_CROSSING,538,505,555,523
1277108453Image000056.jpg,13,13,PRIORITY_ROAD,535,525,548,538
1277108453Image000056.jpg,32,33,PEDESTRIAN_CROSSING,294,462,326,495
1277108453Image000056.jpg,35,35,PASS_RIGHT_SIDE,294,493,329,528
1277108453Image000056.jpg,19,19,PASS_RIGHT_SIDE,394,520,413,539
1277108453Image000056.jpg,16,17,PEDESTRIAN_CROSSING,239,511,255,528
1277108453Image000056.jpg,17,18,PEDESTRIAN_CROSSING,538,505,555,523
1277108453Image000056.jpg,13,13,PRIORITY_ROAD,535,525,548,538
1277108453Image000056.jpg,32,33,PEDESTRIAN_CROSSING,294,462,326,495
1277108453Image000056.jpg,35,35,PASS_RIGHT_SIDE,294,493,329,528
1277108453Image000056.jpg,19,19,PASS_RIGHT_SIDE,394,520,413,539
1277108453Image000056.jpg,16,17,PEDESTRIAN_CROSSING,239,511,255,528
1277108453Image000056.jpg,17,18,PEDESTRIAN_CROSSING,538,505,555,523
1277108453Image000056.jpg,13,13,PRIORITY_ROAD,535,525,548,538
1277108453Image000056.jpg,32,33,PEDESTRIAN_CROSSING,294,462,326,495
1277108453Image000056.jpg,35,35,PASS_RIGHT_SIDE,294,493,329,528
1277108453Image000056.jpg,19,19,PASS_RIGHT_SIDE,394,520,413,539
1277108453Image000056.jpg,16,17,PEDESTRIAN_CROSSING,239,511,255,528
1277108453Image000056.jpg,17,18,PEDESTRIAN_CROSSING,538,505,555,523
1277108453Image000056.jpg,13,13,PRIORITY_ROAD,535,525,548,538
1277108453Image000056.jpg,32,33,PEDESTRIAN_CROSSING,294,462,326,495
1277108453Image000056.jpg,35,35,PASS_RIGHT_SIDE,294,493,329,528
1277108453Image000056.jpg,19,19,PASS_RIGHT_SIDE,394,520,413,539
1277108453Image000056.jpg,16,17,PEDESTRIAN_CROSSING,239,511,255,528
1277108453Image000056.jpg,17,18,PEDESTRIAN_CROSSING,538,505,555,523
1277108453Image000056.jpg,13,13,PRIORITY_ROAD,535,525,548,538
1277108453Image000056.jpg,32,33,PEDESTRIAN_CROSSING,294,462,326,495
1277108453Image000056.jpg,35,35,PASS_RIGHT_SIDE,294,493,329,528
1277108453Image000056.jpg,19,19,PASS_RIGHT_SIDE,394,520,413,539
1277108453Image000056.jpg,16,17,PEDESTRIAN_CROSSING,239,511,255,528
1277108453Image000056.jpg,17,18,PEDESTRIAN_CROSSING,538,505,555,523
1277108453Image000056.jpg,13,13,PRIORITY_ROAD,535,525,548,538
1277108453Image000056.jpg,32,33,PEDESTRIAN_CROSSING,294,462,326,495
1277108453Image000056.jpg,35,35,PASS_RIGHT_SIDE,294,493,329,528
1277108453Image000056.jpg,19,19,PASS_RIGHT_SIDE,394,520,413,539
1277108453Image000056.jpg,16,17,PEDESTRIAN_CROSSING,239,511,255,528
1277108453Image000056.jpg,17,18,PEDESTRIAN_CROSSING,538,505,555,523
1277108453Image000056.jpg,13,13,PRIORITY_ROAD,535,525,548,538
1277106732Image000056.jpg,61,65,80_SIGN,914,279,975,344
1277106732Image000056.jpg,56,62,PRIORITY_ROAD,919,349,975,411
1277106732Image000056.jpg,61,65,80_SIGN,914,279,975,344
1277106732Image000056.jpg,56,62,PRIORITY_ROAD,919,349,975,411
1277106732Image000056.jpg,61,65,80_SIGN,914,279,975,344
1277106732Image000056.jpg,56,62,PRIORITY_ROAD,919,349,975,411
1277106832Image000032.jpg,10,17,STOP,470,447,480,464
1277106832Image000032.jpg,10,17,STOP,470,447,480,464
1277108194Image000051.jpg,29,31,50_SIGN,594,504,623,535
1277108194Image000051.jpg,31,30,PEDESTRIAN_CROSSING,258,479,289,509
1277108194Image000051.jpg,34,32,PASS_RIGHT_SIDE,257,509,291,541
1277108194Image000051.jpg,16,17,PASS_RIGHT_SIDE,312,536,328,553
1277108194Image000051.jpg,12,12,PEDESTRIAN_CROSSING,330,536,342,548
1277108194Image000051.jpg,14,14,PASS_RIGHT_SIDE,330,549,344,563
1277108194Image000051.jpg,29,31,50_SIGN,594,504,623,535
1277108194Image000051.jpg,31,30,PEDESTRIAN_CROSSING,258,479,289,509
1277108194Image000051.jpg,34,32,PASS_RIGHT_SIDE,257,509,291,541
1277108194Image000051.jpg,16,17,PASS_RIGHT_SIDE,312,536,328,553
1277108194Image000051.jpg,12,12,PEDESTRIAN_CROSSING,330,536,342,548
1277108194Image000051.jpg,14,14,PASS_RIGHT_SIDE,330,549,344,563
1277108194Image000051.jpg,29,31,50_SIGN,594,504,623,535
1277108194Image000051.jpg,31,30,PEDESTRIAN_CROSSING,258,479,289,509
1277108194Image000051.jpg,34,32,PASS_RIGHT_SIDE,257,509,291,541
1277108194Image000051.jpg,16,17,PASS_RIGHT_SIDE,312,536,328,553
1277108194Image000051.jpg,12,12,PEDESTRIAN_CROSSING,330,536,342,548
1277108194Image000051.jpg,14,14,PASS_RIGHT_SIDE,330,549,344,563
1277108194Image000051.jpg,29,31,50_SIGN,594,504,623,535
1277108194Image000051.jpg,31,30,PEDESTRIAN_CROSSING,258,479,289,509
1277108194Image000051.jpg,34,32,PASS_RIGHT_SIDE,257,509,291,541
1277108194Image000051.jpg,16,17,PASS_RIGHT_SIDE,312,536,328,553
1277108194Image000051.jpg,12,12,PEDESTRIAN_CROSSING,330,536,342,548
1277108194Image000051.jpg,14,14,PASS_RIGHT_SIDE,330,549,344,563
1277108194Image000051.jpg,29,31,50_SIGN,594,504,623,535
1277108194Image000051.jpg,31,30,PEDESTRIAN_CROSSING,258,479,289,509
1277108194Image000051.jpg,34,32,PASS_RIGHT_SIDE,257,509,291,541
1277108194Image000051.jpg,16,17,PASS_RIGHT_SIDE,312,536,328,553
1277108194Image000051.jpg,12,12,PEDESTRIAN_CROSSING,330,536,342,548
1277108194Image000051.jpg,14,14,PASS_RIGHT_SIDE,330,549,344,563
1277108194Image000051.jpg,29,31,50_SIGN,594,504,623,535
1277108194Image000051.jpg,31,30,PEDESTRIAN_CROSSING,258,479,289,509
1277108194Image000051.jpg,34,32,PASS_RIGHT_SIDE,257,509,291,541
1277108194Image000051.jpg,16,17,PASS_RIGHT_SIDE,312,536,328,553
1277108194Image000051.jpg,12,12,PEDESTRIAN_CROSSING,330,536,342,548
1277108194Image000051.jpg,14,14,PASS_RIGHT_SIDE,330,549,344,563
1277108194Image000051.jpg,29,31,50_SIGN,594,504,623,535
1277108194Image000051.jpg,31,30,PEDESTRIAN_CROSSING,258,479,289,509
1277108194Image000051.jpg,34,32,PASS_RIGHT_SIDE,257,509,291,541
1277108194Image000051.jpg,16,17,PASS_RIGHT_SIDE,312,536,328,553
1277108194Image000051.jpg,12,12,PEDESTRIAN_CROSSING,330,536,342,548
1277108194Image000051.jpg,14,14,PASS_RIGHT_SIDE,330,549,344,563
1277387277Image000001.jpg,25,25,PASS_RIGHT_SIDE,549,740,574,765
1277387277Image000001.jpg,25,25,PASS_RIGHT_SIDE,549,740,574,765
1277386234Image000009.jpg,40,39,70_SIGN,596,659,636,698
1277386234Image000009.jpg,35,34,PRIORITY_ROAD,601,701,636,735
1277386234Image000009.jpg,40,39,70_SIGN,596,659,636,698
1277386234Image000009.jpg,35,34,PRIORITY_ROAD,601,701,636,735
1277386234Image000009.jpg,40,39,70_SIGN,596,659,636,698
1277386234Image000009.jpg,35,34,PRIORITY_ROAD,601,701,636,735
1277387088Image000041.jpg,38,42,PEDESTRIAN_CROSSING,639,663,677,705
1277387088Image000041.jpg,85,78,OTHER,763,622,848,700
1277387088Image000041.jpg,38,42,PEDESTRIAN_CROSSING,639,663,677,705
1277387088Image000041.jpg,85,78,OTHER,763,622,848,700
1277106518Image000013.jpg,29,27,OTHER,460,394,489,421
1277106518Image000013.jpg,29,27,OTHER,460,394,489,421
1277387272Image000001.jpg,81,81,OTHER,1030,516,1111,597
1277387272Image000001.jpg,49,56,PASS_RIGHT_SIDE,425,718,474,774
1277387272Image000001.jpg,81,81,OTHER,1030,516,1111,597
1277387272Image000001.jpg,49,56,PASS_RIGHT_SIDE,425,718,474,774
1277387272Image000001.jpg,81,81,OTHER,1030,516,1111,597
1277387272Image000001.jpg,49,56,PASS_RIGHT_SIDE,425,718,474,774
1277384733Image000053.jpg,25,27,80_SIGN,495,691,520,718
1277384733Image000053.jpg,25,27,80_SIGN,495,691,520,718
1277106460Image000026.jpg,27,26,OTHER,417,442,444,468
1277106918Image000007.jpg,19,17,PRIORITY_ROAD,493,392,512,409
1277106918Image000007.jpg,21,20,OTHER,492,412,513,432
1277106918Image000007.jpg,19,17,PRIORITY_ROAD,493,392,512,409
1277106918Image000007.jpg,21,20,OTHER,492,412,513,432
1277106918Image000007.jpg,19,17,PRIORITY_ROAD,493,392,512,409
1277106918Image000007.jpg,21,20,OTHER,492,412,513,432
1277387117Image000007.jpg,46,53,GIVE_WAY,1189,628,1235,681
1277387117Image000007.jpg,52,50,OTHER,1192,684,1244,734
1277387117Image000007.jpg,60,63,OTHER,848,617,908,680
1277387117Image000007.jpg,32,34,OTHER,1107,725,1139,759
1277387117Image000007.jpg,46,53,GIVE_WAY,1189,628,1235,681
1277387117Image000007.jpg,52,50,OTHER,1192,684,1244,734
1277387117Image000007.jpg,60,63,OTHER,848,617,908,680
1277387117Image000007.jpg,32,34,OTHER,1107,725,1139,759
1277387117Image000007.jpg,46,53,GIVE_WAY,1189,628,1235,681
1277387117Image000007.jpg,52,50,OTHER,1192,684,1244,734
1277387117Image000007.jpg,60,63,OTHER,848,617,908,680
1277387117Image000007.jpg,32,34,OTHER,1107,725,1139,759
1277387117Image000007.jpg,46,53,GIVE_WAY,1189,628,1235,681
1277387117Image000007.jpg,52,50,OTHER,1192,684,1244,734
1277387117Image000007.jpg,60,63,OTHER,848,617,908,680
1277387117Image000007.jpg,32,34,OTHER,1107,725,1139,759
1277108116Image000031.jpg,52,51,PEDESTRIAN_CROSSING,746,397,798,448
1277108116Image000031.jpg,23,19,NO_PARKING,720,517,743,536
1277108116Image000031.jpg,42,43,PEDESTRIAN_CROSSING,106,440,148,483
1277108116Image000031.jpg,18,28,OTHER,1194,477,1212,505
1277108116Image000031.jpg,13,31,PEDESTRIAN_CROSSING,1030,461,1043,492
1277108116Image000031.jpg,9,19,PEDESTRIAN_CROSSING,1012,483,1021,502
1277108116Image000031.jpg,52,51,PEDESTRIAN_CROSSING,746,397,798,448
1277108116Image000031.jpg,23,19,NO_PARKING,720,517,743,536
1277108116Image000031.jpg,42,43,PEDESTRIAN_CROSSING,106,440,148,483
1277108116Image000031.jpg,18,28,OTHER,1194,477,1212,505
1277108116Image000031.jpg,13,31,PEDESTRIAN_CROSSING,1030,461,1043,492
1277108116Image000031.jpg,9,19,PEDESTRIAN_CROSSING,1012,483,1021,502
1277108116Image000031.jpg,52,51,PEDESTRIAN_CROSSING,746,397,798,448
1277108116Image000031.jpg,23,19,NO_PARKING,720,517,743,536
1277108116Image000031.jpg,42,43,PEDESTRIAN_CROSSING,106,440,148,483
1277108116Image000031.jpg,18,28,OTHER,1194,477,1212,505
1277108116Image000031.jpg,13,31,PEDESTRIAN_CROSSING,1030,461,1043,492
1277108116Image000031.jpg,9,19,PEDESTRIAN_CROSSING,1012,483,1021,502
1277108116Image000031.jpg,52,51,PEDESTRIAN_CROSSING,746,397,798,448
1277108116Image000031.jpg,23,19,NO_PARKING,720,517,743,536
1277108116Image000031.jpg,42,43,PEDESTRIAN_CROSSING,106,440,148,483
1277108116Image000031.jpg,18,28,OTHER,1194,477,1212,505
1277108116Image000031.jpg,13,31,PEDESTRIAN_CROSSING,1030,461,1043,492
1277108116Image000031.jpg,9,19,PEDESTRIAN_CROSSING,1012,483,1021,502
1277108116Image000031.jpg,52,51,PEDESTRIAN_CROSSING,746,397,798,448
1277108116Image000031.jpg,23,19,NO_PARKING,720,517,743,536
1277108116Image000031.jpg,42,43,PEDESTRIAN_CROSSING,106,440,148,483
1277108116Image000031.jpg,18,28,OTHER,1194,477,1212,505
1277108116Image000031.jpg,13,31,PEDESTRIAN_CROSSING,1030,461,1043,492
1277108116Image000031.jpg,9,19,PEDESTRIAN_CROSSING,1012,483,1021,502
1277108116Image000031.jpg,52,51,PEDESTRIAN_CROSSING,746,397,798,448
1277108116Image000031.jpg,23,19,NO_PARKING,720,517,743,536
1277108116Image000031.jpg,42,43,PEDESTRIAN_CROSSING,106,440,148,483
1277108116Image000031.jpg,18,28,OTHER,1194,477,1212,505
1277108116Image000031.jpg,13,31,PEDESTRIAN_CROSSING,1030,461,1043,492
1277108116Image000031.jpg,9,19,PEDESTRIAN_CROSSING,1012,483,1021,502
1277106257Image000066.jpg,17,13,80_SIGN,317,465,334,478
1277106257Image000066.jpg,12,10,PRIORITY_ROAD,320,478,332,488
1277106257Image000066.jpg,17,13,80_SIGN,317,465,334,478
1277106257Image000066.jpg,12,10,PRIORITY_ROAD,320,478,332,488
1277382434Image000016.jpg,22,21,80_SIGN,499,688,521,709
1277387701Image000079.jpg,17,15,PRIORITY_ROAD,674,727,691,742
1277387701Image000079.jpg,17,15,PRIORITY_ROAD,674,727,691,742
1277105417Image000032.jpg,79,77,OTHER,749,349,828,426
1277105417Image000032.jpg,15,16,PASS_EITHER_SIDE,404,420,419,436
1277105417Image000032.jpg,79,77,OTHER,749,349,828,426
1277105417Image000032.jpg,15,16,PASS_EITHER_SIDE,404,420,419,436
1277105417Image000032.jpg,79,77,OTHER,749,349,828,426
1277105417Image000032.jpg,15,16,PASS_EITHER_SIDE,404,420,419,436
1277384956Image000008.jpg,47,44,100_SIGN,709,630,756,674
1277384956Image000008.jpg,27,25,PRIORITY_ROAD,722,678,749,703
1277384956Image000008.jpg,47,44,100_SIGN,709,630,756,674
1277384956Image000008.jpg,27,25,PRIORITY_ROAD,722,678,749,703
1277384956Image000008.jpg,47,44,100_SIGN,709,630,756,674
1277384956Image000008.jpg,27,25,PRIORITY_ROAD,722,678,749,703
1277108245Image000143.jpg,16,16,PEDESTRIAN_CROSSING,404,536,420,552
1277108245Image000143.jpg,18,19,PASS_RIGHT_SIDE,403,551,421,570
1277108245Image000143.jpg,16,16,PEDESTRIAN_CROSSING,404,536,420,552
1277108245Image000143.jpg,18,19,PASS_RIGHT_SIDE,403,551,421,570
1277108245Image000143.jpg,16,16,PEDESTRIAN_CROSSING,404,536,420,552
1277108245Image000143.jpg,18,19,PASS_RIGHT_SIDE,403,551,421,570
1277391585Image000036.jpg,11,12,90_SIGN,681,737,692,749
1277391585Image000036.jpg,10,12,90_SIGN,480,749,490,761
1277391585Image000036.jpg,11,12,90_SIGN,681,737,692,749
1277391585Image000036.jpg,10,12,90_SIGN,480,749,490,761
1277391585Image000036.jpg,11,12,90_SIGN,681,737,692,749
1277391585Image000036.jpg,10,12,90_SIGN,480,749,490,761
1277108089Image000039.jpg,91,93,PEDESTRIAN_CROSSING,1107,275,1198,368
1277108089Image000039.jpg,59,60,NO_PARKING,853,395,912,455
1277108089Image000039.jpg,91,93,PEDESTRIAN_CROSSING,1107,275,1198,368
1277108089Image000039.jpg,59,60,NO_PARKING,853,395,912,455
1277386107Image000002.jpg,19,20,100_SIGN,582,644,601,664
1277386107Image000002.jpg,17,18,PRIORITY_ROAD,584,665,601,683
1277386107Image000002.jpg,58,62,PASS_RIGHT_SIDE,131,632,189,694
1277386107Image000002.jpg,19,21,100_SIGN,48,672,67,693
1277386107Image000002.jpg,19,20,100_SIGN,582,644,601,664
1277386107Image000002.jpg,17,18,PRIORITY_ROAD,584,665,601,683
1277386107Image000002.jpg,58,62,PASS_RIGHT_SIDE,131,632,189,694
1277386107Image000002.jpg,19,21,100_SIGN,48,672,67,693
1277386107Image000002.jpg,19,20,100_SIGN,582,644,601,664
1277386107Image000002.jpg,17,18,PRIORITY_ROAD,584,665,601,683
1277386107Image000002.jpg,58,62,PASS_RIGHT_SIDE,131,632,189,694
1277386107Image000002.jpg,19,21,100_SIGN,48,672,67,693
1277386107Image000002.jpg,19,20,100_SIGN,582,644,601,664
1277386107Image000002.jpg,17,18,PRIORITY_ROAD,584,665,601,683
1277386107Image000002.jpg,58,62,PASS_RIGHT_SIDE,131,632,189,694
1277386107Image000002.jpg,19,21,100_SIGN,48,672,67,693
1277386107Image000002.jpg,19,20,100_SIGN,582,644,601,664
1277386107Image000002.jpg,17,18,PRIORITY_ROAD,584,665,601,683
1277386107Image000002.jpg,58,62,PASS_RIGHT_SIDE,131,632,189,694
1277386107Image000002.jpg,19,21,100_SIGN,48,672,67,693
1277391485Image000012.jpg,17,14,70_SIGN,970,749,987,763
1277391485Image000012.jpg,18,17,70_SIGN,645,763,663,780
1277391485Image000012.jpg,17,14,70_SIGN,970,749,987,763
1277391485Image000012.jpg,18,17,70_SIGN,645,763,663,780
1277387083Image000006.jpg,44,41,GIVE_WAY,862,717,906,758
1277387083Image000006.jpg,39,46,OTHER,868,756,907,802
1277387083Image000006.jpg,49,38,GIVE_WAY,251,716,300,754
1277387083Image000006.jpg,46,36,OTHER,250,758,296,794
1277387083Image000006.jpg,44,41,GIVE_WAY,862,717,906,758
1277387083Image000006.jpg,39,46,OTHER,868,756,907,802
1277387083Image000006.jpg,49,38,GIVE_WAY,251,716,300,754
1277387083Image000006.jpg,46,36,OTHER,250,758,296,794
1277387083Image000006.jpg,44,41,GIVE_WAY,862,717,906,758
1277387083Image000006.jpg,39,46,OTHER,868,756,907,802
1277387083Image000006.jpg,49,38,GIVE_WAY,251,716,300,754
1277387083Image000006.jpg,46,36,OTHER,250,758,296,794
1277387083Image000006.jpg,44,41,GIVE_WAY,862,717,906,758
1277387083Image000006.jpg,39,46,OTHER,868,756,907,802
1277387083Image000006.jpg,49,38,GIVE_WAY,251,716,300,754
1277387083Image000006.jpg,46,36,OTHER,250,758,296,794
1277107918Image000036.jpg,87,83,PRIORITY_ROAD,942,398,1029,481
1277107918Image000036.jpg,41,38,50_SIGN,568,472,609,510
1277107918Image000036.jpg,22,20,PEDESTRIAN_CROSSING,558,526,580,546
1277107918Image000036.jpg,10,11,PRIORITY_ROAD,548,546,558,557
1277107918Image000036.jpg,13,13,PEDESTRIAN_CROSSING,459,540,472,553
1277107918Image000036.jpg,15,15,PASS_RIGHT_SIDE,459,553,474,568
1277107918Image000036.jpg,87,83,PRIORITY_ROAD,942,398,1029,481
1277107918Image000036.jpg,41,38,50_SIGN,568,472,609,510
1277107918Image000036.jpg,22,20,PEDESTRIAN_CROSSING,558,526,580,546
1277107918Image000036.jpg,10,11,PRIORITY_ROAD,548,546,558,557
1277107918Image000036.jpg,13,13,PEDESTRIAN_CROSSING,459,540,472,553
1277107918Image000036.jpg,15,15,PASS_RIGHT_SIDE,459,553,474,568
1277107918Image000036.jpg,87,83,PRIORITY_ROAD,942,398,1029,481
1277107918Image000036.jpg,41,38,50_SIGN,568,472,609,510
1277107918Image000036.jpg,22,20,PEDESTRIAN_CROSSING,558,526,580,546
1277107918Image000036.jpg,10,11,PRIORITY_ROAD,548,546,558,557
1277107918Image000036.jpg,13,13,PEDESTRIAN_CROSSING,459,540,472,553
1277107918Image000036.jpg,15,15,PASS_RIGHT_SIDE,459,553,474,568
1277107918Image000036.jpg,87,83,PRIORITY_ROAD,942,398,1029,481
1277107918Image000036.jpg,41,38,50_SIGN,568,472,609,510
1277107918Image000036.jpg,22,20,PEDESTRIAN_CROSSING,558,526,580,546
1277107918Image000036.jpg,10,11,PRIORITY_ROAD,548,546,558,557
1277107918Image000036.jpg,13,13,PEDESTRIAN_CROSSING,459,540,472,553
1277107918Image000036.jpg,15,15,PASS_RIGHT_SIDE,459,553,474,568
1277107918Image000036.jpg,87,83,PRIORITY_ROAD,942,398,1029,481
1277107918Image000036.jpg,41,38,50_SIGN,568,472,609,510
1277107918Image000036.jpg,22,20,PEDESTRIAN_CROSSING,558,526,580,546
1277107918Image000036.jpg,10,11,PRIORITY_ROAD,548,546,558,557
1277107918Image000036.jpg,13,13,PEDESTRIAN_CROSSING,459,540,472,553
1277107918Image000036.jpg,15,15,PASS_RIGHT_SIDE,459,553,474,568
1277107918Image000036.jpg,87,83,PRIORITY_ROAD,942,398,1029,481
1277107918Image000036.jpg,41,38,50_SIGN,568,472,609,510
1277107918Image000036.jpg,22,20,PEDESTRIAN_CROSSING,558,526,580,546
1277107918Image000036.jpg,10,11,PRIORITY_ROAD,548,546,558,557
1277107918Image000036.jpg,13,13,PEDESTRIAN_CROSSING,459,540,472,553
1277107918Image000036.jpg,15,15,PASS_RIGHT_SIDE,459,553,474,568
1277108487Image000054.jpg,39,39,PEDESTRIAN_CROSSING,639,547,678,586
1277108487Image000054.jpg,39,39,PEDESTRIAN_CROSSING,639,547,678,586
1277104487Image000071.jpg,11,13,STOP,369,434,380,447
1277104487Image000071.jpg,15,15,OTHER,301,435,316,450
1277104487Image000071.jpg,11,13,STOP,369,434,380,447
1277104487Image000071.jpg,15,15,OTHER,301,435,316,450
1277104487Image000071.jpg,11,13,STOP,369,434,380,447
1277104487Image000071.jpg,15,15,OTHER,301,435,316,450
1277384956Image000018.jpg,84,91,100_SIGN,1136,498,1220,589
1277384956Image000018.jpg,50,56,PRIORITY_ROAD,1161,592,1211,648
1277384956Image000018.jpg,84,91,100_SIGN,1136,498,1220,589
1277384956Image000018.jpg,50,56,PRIORITY_ROAD,1161,592,1211,648
1277384956Image000018.jpg,84,91,100_SIGN,1136,498,1220,589
1277384956Image000018.jpg,50,56,PRIORITY_ROAD,1161,592,1211,648
1277105720Image000052.jpg,47,46,PRIORITY_ROAD,640,350,687,396
1277108867Image000013.jpg,27,25,80_SIGN,867,535,894,560
1277108867Image000013.jpg,22,22,PRIORITY_ROAD,868,559,890,581
1277108867Image000013.jpg,18,21,80_SIGN,358,558,376,579
1277108867Image000013.jpg,27,25,80_SIGN,867,535,894,560
1277108867Image000013.jpg,22,22,PRIORITY_ROAD,868,559,890,581
1277108867Image000013.jpg,18,21,80_SIGN,358,558,376,579
1277108867Image000013.jpg,27,25,80_SIGN,867,535,894,560
1277108867Image000013.jpg,22,22,PRIORITY_ROAD,868,559,890,581
1277108867Image000013.jpg,18,21,80_SIGN,358,558,376,579
1277108867Image000013.jpg,27,25,80_SIGN,867,535,894,560
1277108867Image000013.jpg,22,22,PRIORITY_ROAD,868,559,890,581
1277108867Image000013.jpg,18,21,80_SIGN,358,558,376,579
1277104375Image000028.jpg,43,46,PRIORITY_ROAD,507,390,550,436
1277104375Image000028.jpg,43,46,PRIORITY_ROAD,507,390,550,436
1277391485Image000037.jpg,29,29,70_SIGN,941,712,970,741
1277391485Image000037.jpg,26,29,70_SIGN,361,739,387,768
1277391485Image000037.jpg,29,29,70_SIGN,941,712,970,741
1277391485Image000037.jpg,26,29,70_SIGN,361,739,387,768
1277108134Image000068.jpg,28,31,PRIORITY_ROAD,755,469,783,500
1277108134Image000068.jpg,16,16,PEDESTRIAN_CROSSING,759,497,775,513
1277108134Image000068.jpg,17,18,PEDESTRIAN_CROSSING,491,504,508,522
1277108134Image000068.jpg,28,31,PRIORITY_ROAD,755,469,783,500
1277108134Image000068.jpg,16,16,PEDESTRIAN_CROSSING,759,497,775,513
1277108134Image000068.jpg,17,18,PEDESTRIAN_CROSSING,491,504,508,522
1277108134Image000068.jpg,28,31,PRIORITY_ROAD,755,469,783,500
1277108134Image000068.jpg,16,16,PEDESTRIAN_CROSSING,759,497,775,513
1277108134Image000068.jpg,17,18,PEDESTRIAN_CROSSING,491,504,508,522
1277108134Image000068.jpg,28,31,PRIORITY_ROAD,755,469,783,500
1277108134Image000068.jpg,16,16,PEDESTRIAN_CROSSING,759,497,775,513
1277108134Image000068.jpg,17,18,PEDESTRIAN_CROSSING,491,504,508,522
1277387071Image000006.jpg,42,49,NO_STOPPING_NO_STANDING,1104,534,1146,583
1277387071Image000006.jpg,43,40,PRIORITY_ROAD,1106,590,1149,630
1277387071Image000006.jpg,46,53,OTHER,1107,631,1153,684
1277387071Image000006.jpg,42,49,NO_STOPPING_NO_STANDING,1104,534,1146,583
1277387071Image000006.jpg,43,40,PRIORITY_ROAD,1106,590,1149,630
1277387071Image000006.jpg,46,53,OTHER,1107,631,1153,684
1277387071Image000006.jpg,42,49,NO_STOPPING_NO_STANDING,1104,534,1146,583
1277387071Image000006.jpg,43,40,PRIORITY_ROAD,1106,590,1149,630
1277387071Image000006.jpg,46,53,OTHER,1107,631,1153,684
1277387071Image000006.jpg,42,49,NO_STOPPING_NO_STANDING,1104,534,1146,583
1277387071Image000006.jpg,43,40,PRIORITY_ROAD,1106,590,1149,630
1277387071Image000006.jpg,46,53,OTHER,1107,631,1153,684
1277383342Image000002.jpg,10,17,GIVE_WAY,365,686,375,703
1277383342Image000002.jpg,13,11,GIVE_WAY,195,674,208,685
1277383342Image000002.jpg,12,10,OTHER,196,686,208,696
1277383342Image000002.jpg,10,11,PEDESTRIAN_CROSSING,70,685,80,696
1277383342Image000002.jpg,9,10,PASS_RIGHT_SIDE,71,697,80,707
1277383342Image000002.jpg,10,17,GIVE_WAY,365,686,375,703
1277383342Image000002.jpg,13,11,GIVE_WAY,195,674,208,685
1277383342Image000002.jpg,12,10,OTHER,196,686,208,696
1277383342Image000002.jpg,10,11,PEDESTRIAN_CROSSING,70,685,80,696
1277383342Image000002.jpg,9,10,PASS_RIGHT_SIDE,71,697,80,707
1277383342Image000002.jpg,10,17,GIVE_WAY,365,686,375,703
1277383342Image000002.jpg,13,11,GIVE_WAY,195,674,208,685
1277383342Image000002.jpg,12,10,OTHER,196,686,208,696
1277383342Image000002.jpg,10,11,PEDESTRIAN_CROSSING,70,685,80,696
1277383342Image000002.jpg,9,10,PASS_RIGHT_SIDE,71,697,80,707
1277383342Image000002.jpg,10,17,GIVE_WAY,365,686,375,703
1277383342Image000002.jpg,13,11,GIVE_WAY,195,674,208,685
1277383342Image000002.jpg,12,10,OTHER,196,686,208,696
1277383342Image000002.jpg,10,11,PEDESTRIAN_CROSSING,70,685,80,696
1277383342Image000002.jpg,9,10,PASS_RIGHT_SIDE,71,697,80,707
1277383342Image000002.jpg,10,17,GIVE_WAY,365,686,375,703
1277383342Image000002.jpg,13,11,GIVE_WAY,195,674,208,685
1277383342Image000002.jpg,12,10,OTHER,196,686,208,696
1277383342Image000002.jpg,10,11,PEDESTRIAN_CROSSING,70,685,80,696
1277383342Image000002.jpg,9,10,PASS_RIGHT_SIDE,71,697,80,707
1277383342Image000002.jpg,10,17,GIVE_WAY,365,686,375,703
1277383342Image000002.jpg,13,11,GIVE_WAY,195,674,208,685
1277383342Image000002.jpg,12,10,OTHER,196,686,208,696
1277383342Image000002.jpg,10,11,PEDESTRIAN_CROSSING,70,685,80,696
1277383342Image000002.jpg,9,10,PASS_RIGHT_SIDE,71,697,80,707
1277391503Image000008.jpg,18,18,110_SIGN,881,742,899,760
1277391503Image000008.jpg,16,17,110_SIGN,575,750,591,767
1277391503Image000008.jpg,18,18,110_SIGN,881,742,899,760
1277391503Image000008.jpg,16,17,110_SIGN,575,750,591,767
1277391503Image000008.jpg,18,18,110_SIGN,881,742,899,760
1277391503Image000008.jpg,16,17,110_SIGN,575,750,591,767
1277108134Image000018.jpg,23,22,PRIORITY_ROAD,623,514,646,536
1277108134Image000018.jpg,10,10,PRIORITY_ROAD,584,540,594,550
1277108134Image000018.jpg,23,22,PRIORITY_ROAD,623,514,646,536
1277108134Image000018.jpg,10,10,PRIORITY_ROAD,584,540,594,550
1277108134Image000018.jpg,23,22,PRIORITY_ROAD,623,514,646,536
1277108134Image000018.jpg,10,10,PRIORITY_ROAD,584,540,594,550
1277108514Image000016.jpg,57,57,NO_PARKING,806,421,863,478
1277108514Image000016.jpg,47,46,PEDESTRIAN_CROSSING,681,524,728,570
1277108514Image000016.jpg,57,57,NO_PARKING,806,421,863,478
1277108514Image000016.jpg,47,46,PEDESTRIAN_CROSSING,681,524,728,570
1277388958Image000036.jpg,20,18,70_SIGN,790,751,810,769
1277388958Image000036.jpg,19,19,70_SIGN,1041,736,1060,755
1277388958Image000036.jpg,19,17,GIVE_WAY,1060,731,1079,748
1277388958Image000036.jpg,20,18,70_SIGN,790,751,810,769
1277388958Image000036.jpg,19,19,70_SIGN,1041,736,1060,755
1277388958Image000036.jpg,19,17,GIVE_WAY,1060,731,1079,748
1277388958Image000036.jpg,20,18,70_SIGN,790,751,810,769
1277388958Image000036.jpg,19,19,70_SIGN,1041,736,1060,755
1277388958Image000036.jpg,19,17,GIVE_WAY,1060,731,1079,748
1277105720Image000042.jpg,27,25,PRIORITY_ROAD,548,409,575,434
1277105307Image000028.jpg,35,35,70_SIGN,515,405,550,440
1277387882Image000017.jpg,13,13,GIVE_WAY,1201,729,1214,742
1277387882Image000017.jpg,9,11,OTHER,1202,743,1211,754
1277387882Image000017.jpg,22,20,OTHER,1169,727,1191,747
1277387882Image000017.jpg,12,13,NO_STOPPING_NO_STANDING,1064,756,1076,769
1277387882Image000017.jpg,16,16,70_SIGN,660,741,676,757
1277387882Image000017.jpg,19,24,70_SIGN,433,758,452,782
1277387882Image000017.jpg,13,13,GIVE_WAY,1201,729,1214,742
1277387882Image000017.jpg,9,11,OTHER,1202,743,1211,754
1277387882Image000017.jpg,22,20,OTHER,1169,727,1191,747
1277387882Image000017.jpg,12,13,NO_STOPPING_NO_STANDING,1064,756,1076,769
1277387882Image000017.jpg,16,16,70_SIGN,660,741,676,757
1277387882Image000017.jpg,19,24,70_SIGN,433,758,452,782
1277387882Image000017.jpg,13,13,GIVE_WAY,1201,729,1214,742
1277387882Image000017.jpg,9,11,OTHER,1202,743,1211,754
1277387882Image000017.jpg,22,20,OTHER,1169,727,1191,747
1277387882Image000017.jpg,12,13,NO_STOPPING_NO_STANDING,1064,756,1076,769
1277387882Image000017.jpg,16,16,70_SIGN,660,741,676,757
1277387882Image000017.jpg,19,24,70_SIGN,433,758,452,782
1277387882Image000017.jpg,13,13,GIVE_WAY,1201,729,1214,742
1277387882Image000017.jpg,9,11,OTHER,1202,743,1211,754
1277387882Image000017.jpg,22,20,OTHER,1169,727,1191,747
1277387882Image000017.jpg,12,13,NO_STOPPING_NO_STANDING,1064,756,1076,769
1277387882Image000017.jpg,16,16,70_SIGN,660,741,676,757
1277387882Image000017.jpg,19,24,70_SIGN,433,758,452,782
1277387882Image000017.jpg,13,13,GIVE_WAY,1201,729,1214,742
1277387882Image000017.jpg,9,11,OTHER,1202,743,1211,754
1277387882Image000017.jpg,22,20,OTHER,1169,727,1191,747
1277387882Image000017.jpg,12,13,NO_STOPPING_NO_STANDING,1064,756,1076,769
1277387882Image000017.jpg,16,16,70_SIGN,660,741,676,757
1277387882Image000017.jpg,19,24,70_SIGN,433,758,452,782
1277387882Image000017.jpg,13,13,GIVE_WAY,1201,729,1214,742
1277387882Image000017.jpg,9,11,OTHER,1202,743,1211,754
1277387882Image000017.jpg,22,20,OTHER,1169,727,1191,747
1277387882Image000017.jpg,12,13,NO_STOPPING_NO_STANDING,1064,756,1076,769
1277387882Image000017.jpg,16,16,70_SIGN,660,741,676,757
1277387882Image000017.jpg,19,24,70_SIGN,433,758,452,782
1277387882Image000017.jpg,13,13,GIVE_WAY,1201,729,1214,742
1277387882Image000017.jpg,9,11,OTHER,1202,743,1211,754
1277387882Image000017.jpg,22,20,OTHER,1169,727,1191,747
1277387882Image000017.jpg,12,13,NO_STOPPING_NO_STANDING,1064,756,1076,769
1277387882Image000017.jpg,16,16,70_SIGN,660,741,676,757
1277387882Image000017.jpg,19,24,70_SIGN,433,758,452,782
1277383256Image000001.jpg,83,72,OTHER,702,609,785,681
1277391651Image000033.jpg,20,18,50_SIGN,883,742,903,760
1277391651Image000033.jpg,20,18,50_SIGN,471,760,491,778
1277391651Image000033.jpg,10,8,GIVE_WAY,549,766,559,774
1277391651Image000033.jpg,12,8,OTHER,550,774,562,782
1277391651Image000033.jpg,20,18,50_SIGN,883,742,903,760
1277391651Image000033.jpg,20,18,50_SIGN,471,760,491,778
1277391651Image000033.jpg,10,8,GIVE_WAY,549,766,559,774
1277391651Image000033.jpg,12,8,OTHER,550,774,562,782
1277391651Image000033.jpg,20,18,50_SIGN,883,742,903,760
1277391651Image000033.jpg,20,18,50_SIGN,471,760,491,778
1277391651Image000033.jpg,10,8,GIVE_WAY,549,766,559,774
1277391651Image000033.jpg,12,8,OTHER,550,774,562,782
1277391651Image000033.jpg,20,18,50_SIGN,883,742,903,760
1277391651Image000033.jpg,20,18,50_SIGN,471,760,491,778
1277391651Image000033.jpg,10,8,GIVE_WAY,549,766,559,774
1277391651Image000033.jpg,12,8,OTHER,550,774,562,782
1277391651Image000033.jpg,20,18,50_SIGN,883,742,903,760
1277391651Image000033.jpg,20,18,50_SIGN,471,760,491,778
1277391651Image000033.jpg,10,8,GIVE_WAY,549,766,559,774
1277391651Image000033.jpg,12,8,OTHER,550,774,562,782
1277106832Image000027.jpg,122,112,OTHER,799,111,921,223
1277106832Image000027.jpg,122,112,OTHER,799,111,921,223
1277384745Image000037.jpg,138,135,100_SIGN,1068,381,1206,516
1277384745Image000037.jpg,130,134,PRIORITY_ROAD,1080,525,1210,659
1277384745Image000037.jpg,138,135,100_SIGN,1068,381,1206,516
1277384745Image000037.jpg,130,134,PRIORITY_ROAD,1080,525,1210,659
1277384745Image000037.jpg,138,135,100_SIGN,1068,381,1206,516
1277384745Image000037.jpg,130,134,PRIORITY_ROAD,1080,525,1210,659
1277105333Image000003.jpg,28,30,PRIORITY_ROAD,367,412,395,442
1277108085Image000011.jpg,13,14,PEDESTRIAN_CROSSING,704,545,717,559
1277108194Image000114.jpg,22,26,PEDESTRIAN_CROSSING,196,499,218,525
1277108194Image000114.jpg,24,26,PASS_RIGHT_SIDE,195,528,219,554
1277108194Image000114.jpg,10,11,PRIORITY_ROAD,375,553,385,564
1277108194Image000114.jpg,7,8,PEDESTRIAN_CROSSING,356,548,363,556
1277108194Image000114.jpg,8,5,PASS_RIGHT_SIDE,357,556,365,561
1277108194Image000114.jpg,22,26,PEDESTRIAN_CROSSING,196,499,218,525
1277108194Image000114.jpg,24,26,PASS_RIGHT_SIDE,195,528,219,554
1277108194Image000114.jpg,10,11,PRIORITY_ROAD,375,553,385,564
1277108194Image000114.jpg,7,8,PEDESTRIAN_CROSSING,356,548,363,556
1277108194Image000114.jpg,8,5,PASS_RIGHT_SIDE,357,556,365,561
1277108194Image000114.jpg,22,26,PEDESTRIAN_CROSSING,196,499,218,525
1277108194Image000114.jpg,24,26,PASS_RIGHT_SIDE,195,528,219,554
1277108194Image000114.jpg,10,11,PRIORITY_ROAD,375,553,385,564
1277108194Image000114.jpg,7,8,PEDESTRIAN_CROSSING,356,548,363,556
1277108194Image000114.jpg,8,5,PASS_RIGHT_SIDE,357,556,365,561
1277108194Image000114.jpg,22,26,PEDESTRIAN_CROSSING,196,499,218,525
1277108194Image000114.jpg,24,26,PASS_RIGHT_SIDE,195,528,219,554
1277108194Image000114.jpg,10,11,PRIORITY_ROAD,375,553,385,564
1277108194Image000114.jpg,7,8,PEDESTRIAN_CROSSING,356,548,363,556
1277108194Image000114.jpg,8,5,PASS_RIGHT_SIDE,357,556,365,561
1277108194Image000114.jpg,22,26,PEDESTRIAN_CROSSING,196,499,218,525
1277108194Image000114.jpg,24,26,PASS_RIGHT_SIDE,195,528,219,554
1277108194Image000114.jpg,10,11,PRIORITY_ROAD,375,553,385,564
1277108194Image000114.jpg,7,8,PEDESTRIAN_CROSSING,356,548,363,556
1277108194Image000114.jpg,8,5,PASS_RIGHT_SIDE,357,556,365,561
1277108194Image000114.jpg,22,26,PEDESTRIAN_CROSSING,196,499,218,525
1277108194Image000114.jpg,24,26,PASS_RIGHT_SIDE,195,528,219,554
1277108194Image000114.jpg,10,11,PRIORITY_ROAD,375,553,385,564
1277108194Image000114.jpg,7,8,PEDESTRIAN_CROSSING,356,548,363,556
1277108194Image000114.jpg,8,5,PASS_RIGHT_SIDE,357,556,365,561
1277385920Image000007.jpg,33,30,70_SIGN,510,671,543,701
1277385920Image000007.jpg,33,30,70_SIGN,510,671,543,701
1277105333Image000023.jpg,114,111,PRIORITY_ROAD,802,240,916,351
1277105333Image000023.jpg,114,111,PRIORITY_ROAD,802,240,916,351
1277382878Image000022.jpg,100,100,50_SIGN,733,515,833,615
1277382878Image000022.jpg,46,42,OTHER,551,660,597,702
1277382878Image000022.jpg,100,100,50_SIGN,733,515,833,615
1277382878Image000022.jpg,46,42,OTHER,551,660,597,702
1277104756Image000026.jpg,47,47,70_SIGN,478,344,525,391
1277104756Image000026.jpg,29,29,PRIORITY_ROAD,490,391,519,420
1277104756Image000026.jpg,47,47,70_SIGN,478,344,525,391
1277104756Image000026.jpg,29,29,PRIORITY_ROAD,490,391,519,420
1277104756Image000026.jpg,47,47,70_SIGN,478,344,525,391
1277104756Image000026.jpg,29,29,PRIORITY_ROAD,490,391,519,420
1277105440Image000016.jpg,30,28,GIVE_WAY,508,408,538,436
1277105440Image000016.jpg,27,30,PASS_RIGHT_SIDE,179,411,206,441
1277105440Image000016.jpg,30,28,GIVE_WAY,508,408,538,436
1277105440Image000016.jpg,27,30,PASS_RIGHT_SIDE,179,411,206,441
1277105440Image000016.jpg,30,28,GIVE_WAY,508,408,538,436
1277105440Image000016.jpg,27,30,PASS_RIGHT_SIDE,179,411,206,441
1277108245Image000123.jpg,14,13,PEDESTRIAN_CROSSING,570,550,584,563
1277108245Image000123.jpg,14,12,PASS_RIGHT_SIDE,571,564,585,576
1277108245Image000123.jpg,14,13,PEDESTRIAN_CROSSING,570,550,584,563
1277108245Image000123.jpg,14,12,PASS_RIGHT_SIDE,571,564,585,576
1277108245Image000123.jpg,14,13,PEDESTRIAN_CROSSING,570,550,584,563
1277108245Image000123.jpg,14,12,PASS_RIGHT_SIDE,571,564,585,576
1277387215Image000049.jpg,69,142,PRIORITY_ROAD,1210,115,1279,257
1277387215Image000049.jpg,42,168,NO_STOPPING_NO_STANDING,1236,266,1278,434
1277387215Image000049.jpg,69,142,PRIORITY_ROAD,1210,115,1279,257
1277387215Image000049.jpg,42,168,NO_STOPPING_NO_STANDING,1236,266,1278,434
1277384449Image000011.jpg,63,65,OTHER,742,606,805,671
1277384449Image000011.jpg,63,65,OTHER,742,606,805,671
1277384393Image000037.jpg,24,23,80_SIGN,511,682,535,705
1277384393Image000037.jpg,13,13,OTHER,449,707,462,720
1277384393Image000037.jpg,13,12,OTHER,215,720,228,732
1277384393Image000037.jpg,24,23,80_SIGN,511,682,535,705
1277384393Image000037.jpg,13,13,OTHER,449,707,462,720
1277384393Image000037.jpg,13,12,OTHER,215,720,228,732
1277384393Image000037.jpg,24,23,80_SIGN,511,682,535,705
1277384393Image000037.jpg,13,13,OTHER,449,707,462,720
1277384393Image000037.jpg,13,12,OTHER,215,720,228,732
1277384393Image000037.jpg,24,23,80_SIGN,511,682,535,705
1277384393Image000037.jpg,13,13,OTHER,449,707,462,720
1277384393Image000037.jpg,13,12,OTHER,215,720,228,732
1277387280Image000009.jpg,57,56,PASS_RIGHT_SIDE,5,701,62,757
1277387280Image000009.jpg,35,72,PEDESTRIAN_CROSSING,1155,470,1190,542
1277387280Image000009.jpg,57,56,PASS_RIGHT_SIDE,5,701,62,757
1277387280Image000009.jpg,35,72,PEDESTRIAN_CROSSING,1155,470,1190,542
1277387280Image000009.jpg,57,56,PASS_RIGHT_SIDE,5,701,62,757
1277387280Image000009.jpg,35,72,PEDESTRIAN_CROSSING,1155,470,1190,542
1277105720Image000017.jpg,48,46,50_SIGN,529,344,577,390
1277391556Image000069.jpg,79,89,110_SIGN,1153,611,1232,700
1277108487Image000034.jpg,156,142,30_SIGN,1079,165,1235,307
1277108487Image000034.jpg,25,27,PEDESTRIAN_CROSSING,475,568,500,595
1277108487Image000034.jpg,156,142,30_SIGN,1079,165,1235,307
1277108487Image000034.jpg,25,27,PEDESTRIAN_CROSSING,475,568,500,595
1277108487Image000034.jpg,156,142,30_SIGN,1079,165,1235,307
1277108487Image000034.jpg,25,27,PEDESTRIAN_CROSSING,475,568,500,595
1277106794Image000001.jpg,18,19,NO_STOPPING_NO_STANDING,353,403,371,422
1277106794Image000001.jpg,14,12,PRIORITY_ROAD,357,422,371,434
1277106794Image000001.jpg,18,19,NO_STOPPING_NO_STANDING,353,403,371,422
1277106794Image000001.jpg,14,12,PRIORITY_ROAD,357,422,371,434
1277106794Image000001.jpg,18,19,NO_STOPPING_NO_STANDING,353,403,371,422
1277106794Image000001.jpg,14,12,PRIORITY_ROAD,357,422,371,434
1277384661Image000006.jpg,39,38,80_SIGN,619,627,658,665
1277384661Image000006.jpg,33,33,PRIORITY_ROAD,622,668,655,701
1277384661Image000006.jpg,36,34,PASS_RIGHT_SIDE,153,685,189,719
1277384661Image000006.jpg,39,38,80_SIGN,619,627,658,665
1277384661Image000006.jpg,33,33,PRIORITY_ROAD,622,668,655,701
1277384661Image000006.jpg,36,34,PASS_RIGHT_SIDE,153,685,189,719
1277384661Image000006.jpg,39,38,80_SIGN,619,627,658,665
1277384661Image000006.jpg,33,33,PRIORITY_ROAD,622,668,655,701
1277384661Image000006.jpg,36,34,PASS_RIGHT_SIDE,153,685,189,719
1277384661Image000006.jpg,39,38,80_SIGN,619,627,658,665
1277384661Image000006.jpg,33,33,PRIORITY_ROAD,622,668,655,701
1277384661Image000006.jpg,36,34,PASS_RIGHT_SIDE,153,685,189,719
1277107950Image000016.jpg,86,86,NO_PARKING,770,304,856,390
1277107950Image000016.jpg,36,72,OTHER,786,391,822,463
1277107950Image000016.jpg,19,17,OTHER,520,526,539,543
1277107950Image000016.jpg,86,86,NO_PARKING,770,304,856,390
1277107950Image000016.jpg,36,72,OTHER,786,391,822,463
1277107950Image000016.jpg,19,17,OTHER,520,526,539,543
1277107950Image000016.jpg,86,86,NO_PARKING,770,304,856,390
1277107950Image000016.jpg,36,72,OTHER,786,391,822,463
1277107950Image000016.jpg,19,17,OTHER,520,526,539,543
1277105697Image000069.jpg,36,38,50_SIGN,531,358,567,396
1277105697Image000069.jpg,36,38,50_SIGN,531,358,567,396
1277105692Image000019.jpg,77,80,50_SIGN,755,294,832,374
1277105692Image000019.jpg,12,12,OTHER,317,422,329,434
1277105692Image000019.jpg,9,8,PRIORITY_ROAD,319,434,328,442
1277105692Image000019.jpg,77,80,50_SIGN,755,294,832,374
1277105692Image000019.jpg,12,12,OTHER,317,422,329,434
1277105692Image000019.jpg,9,8,PRIORITY_ROAD,319,434,328,442
1277105692Image000019.jpg,77,80,50_SIGN,755,294,832,374
1277105692Image000019.jpg,12,12,OTHER,317,422,329,434
1277105692Image000019.jpg,9,8,PRIORITY_ROAD,319,434,328,442
1277105692Image000019.jpg,77,80,50_SIGN,755,294,832,374
1277105692Image000019.jpg,12,12,OTHER,317,422,329,434
1277105692Image000019.jpg,9,8,PRIORITY_ROAD,319,434,328,442
1277388138Image000113.jpg,53,50,110_SIGN,943,696,996,746
1277388138Image000113.jpg,53,52,110_SIGN,80,738,133,790
1277388138Image000113.jpg,53,50,110_SIGN,943,696,996,746
1277388138Image000113.jpg,53,52,110_SIGN,80,738,133,790
1277108730Image000002.jpg,49,80,PEDESTRIAN_CROSSING,834,326,883,406
1277108730Image000002.jpg,50,81,PASS_RIGHT_SIDE,826,409,876,490
1277108730Image000002.jpg,21,61,GIVE_WAY,82,392,103,453
1277108730Image000002.jpg,49,80,PEDESTRIAN_CROSSING,834,326,883,406
1277108730Image000002.jpg,50,81,PASS_RIGHT_SIDE,826,409,876,490
1277108730Image000002.jpg,21,61,GIVE_WAY,82,392,103,453
1277108730Image000002.jpg,49,80,PEDESTRIAN_CROSSING,834,326,883,406
1277108730Image000002.jpg,50,81,PASS_RIGHT_SIDE,826,409,876,490
1277108730Image000002.jpg,21,61,GIVE_WAY,82,392,103,453
1277108730Image000002.jpg,49,80,PEDESTRIAN_CROSSING,834,326,883,406
1277108730Image000002.jpg,50,81,PASS_RIGHT_SIDE,826,409,876,490
1277108730Image000002.jpg,21,61,GIVE_WAY,82,392,103,453
1277386319Image000009.jpg,14,14,100_SIGN,410,719,424,733
1277386319Image000009.jpg,13,13,PRIORITY_ROAD,411,734,424,747
1277386319Image000009.jpg,15,16,PASS_RIGHT_SIDE,204,711,219,727
1277386319Image000009.jpg,14,14,100_SIGN,410,719,424,733
1277386319Image000009.jpg,13,13,PRIORITY_ROAD,411,734,424,747
1277386319Image000009.jpg,15,16,PASS_RIGHT_SIDE,204,711,219,727
1277386319Image000009.jpg,14,14,100_SIGN,410,719,424,733
1277386319Image000009.jpg,13,13,PRIORITY_ROAD,411,734,424,747
1277386319Image000009.jpg,15,16,PASS_RIGHT_SIDE,204,711,219,727
1277386319Image000009.jpg,14,14,100_SIGN,410,719,424,733
1277386319Image000009.jpg,13,13,PRIORITY_ROAD,411,734,424,747
1277386319Image000009.jpg,15,16,PASS_RIGHT_SIDE,204,711,219,727
1277388053Image000021.jpg,15,16,90_SIGN,811,757,826,773
1277388053Image000021.jpg,15,16,90_SIGN,811,757,826,773
1277389506Image000031.jpg,13,11,120_SIGN,707,770,720,781
1277389506Image000031.jpg,13,11,120_SIGN,707,770,720,781
1277385749Image000002.jpg,65,63,100_SIGN,698,573,763,636
1277385749Image000002.jpg,56,59,PRIORITY_ROAD,703,638,759,697
1277385749Image000002.jpg,65,63,100_SIGN,698,573,763,636
1277385749Image000002.jpg,56,59,PRIORITY_ROAD,703,638,759,697
1277385749Image000002.jpg,65,63,100_SIGN,698,573,763,636
1277385749Image000002.jpg,56,59,PRIORITY_ROAD,703,638,759,697
1277387159Image000018.jpg,64,69,PRIORITY_ROAD,1018,520,1082,589
1277387159Image000018.jpg,84,86,NO_STOPPING_NO_STANDING,1044,591,1128,677
1277387159Image000018.jpg,64,69,PRIORITY_ROAD,1018,520,1082,589
1277387159Image000018.jpg,84,86,NO_STOPPING_NO_STANDING,1044,591,1128,677
1277383333Image000048.jpg,63,62,PRIORITY_ROAD,972,571,1035,633
1277383333Image000048.jpg,63,62,PRIORITY_ROAD,972,571,1035,633
1277391792Image000061.jpg,20,18,50_SIGN,698,777,718,795
1277391792Image000061.jpg,22,20,50_SIGN,338,753,360,773
1277391792Image000061.jpg,11,11,PASS_RIGHT_SIDE,614,763,625,774
1277391792Image000061.jpg,20,18,50_SIGN,698,777,718,795
1277391792Image000061.jpg,22,20,50_SIGN,338,753,360,773
1277391792Image000061.jpg,11,11,PASS_RIGHT_SIDE,614,763,625,774
1277391792Image000061.jpg,20,18,50_SIGN,698,777,718,795
1277391792Image000061.jpg,22,20,50_SIGN,338,753,360,773
1277391792Image000061.jpg,11,11,PASS_RIGHT_SIDE,614,763,625,774
1277391792Image000061.jpg,20,18,50_SIGN,698,777,718,795
1277391792Image000061.jpg,22,20,50_SIGN,338,753,360,773
1277391792Image000061.jpg,11,11,PASS_RIGHT_SIDE,614,763,625,774
1277389846Image000061.jpg,32,31,120_SIGN,834,728,866,759
1277389846Image000061.jpg,32,31,120_SIGN,834,728,866,759
1277387195Image000016.jpg,67,64,PRIORITY_ROAD,863,534,930,598
1277387195Image000016.jpg,78,81,NO_STOPPING_NO_STANDING,861,598,939,679
1277387195Image000016.jpg,8,8,PRIORITY_ROAD,647,751,655,759
1277387195Image000016.jpg,10,12,NO_STOPPING_NO_STANDING,647,760,657,772
1277387195Image000016.jpg,67,64,PRIORITY_ROAD,863,534,930,598
1277387195Image000016.jpg,78,81,NO_STOPPING_NO_STANDING,861,598,939,679
1277387195Image000016.jpg,8,8,PRIORITY_ROAD,647,751,655,759
1277387195Image000016.jpg,10,12,NO_STOPPING_NO_STANDING,647,760,657,772
1277387195Image000016.jpg,67,64,PRIORITY_ROAD,863,534,930,598
1277387195Image000016.jpg,78,81,NO_STOPPING_NO_STANDING,861,598,939,679
1277387195Image000016.jpg,8,8,PRIORITY_ROAD,647,751,655,759
1277387195Image000016.jpg,10,12,NO_STOPPING_NO_STANDING,647,760,657,772
1277387195Image000016.jpg,67,64,PRIORITY_ROAD,863,534,930,598
1277387195Image000016.jpg,78,81,NO_STOPPING_NO_STANDING,861,598,939,679
1277387195Image000016.jpg,8,8,PRIORITY_ROAD,647,751,655,759
1277387195Image000016.jpg,10,12,NO_STOPPING_NO_STANDING,647,760,657,772
1277384929Image000006.jpg,69,72,80_SIGN,765,580,834,652
1277384929Image000006.jpg,42,43,PRIORITY_ROAD,778,659,820,702
1277384929Image000006.jpg,69,72,80_SIGN,765,580,834,652
1277384929Image000006.jpg,42,43,PRIORITY_ROAD,778,659,820,702
1277384929Image000006.jpg,69,72,80_SIGN,765,580,834,652
1277384929Image000006.jpg,42,43,PRIORITY_ROAD,778,659,820,702
1277105417Image000012.jpg,25,25,OTHER,488,418,513,443
1277105417Image000012.jpg,25,25,OTHER,488,418,513,443
1277106956Image000042.jpg,11,12,OTHER,278,452,289,464
1277387782Image000037.jpg,43,42,PEDESTRIAN_CROSSING,774,640,817,682
1277387782Image000037.jpg,64,64,OTHER,413,550,477,614
1277387782Image000037.jpg,65,66,PASS_EITHER_SIDE,417,615,482,681
1277387782Image000037.jpg,14,14,PRIORITY_ROAD,249,671,263,685
1277387782Image000037.jpg,43,42,PEDESTRIAN_CROSSING,774,640,817,682
1277387782Image000037.jpg,64,64,OTHER,413,550,477,614
1277387782Image000037.jpg,65,66,PASS_EITHER_SIDE,417,615,482,681
1277387782Image000037.jpg,14,14,PRIORITY_ROAD,249,671,263,685
1277387782Image000037.jpg,43,42,PEDESTRIAN_CROSSING,774,640,817,682
1277387782Image000037.jpg,64,64,OTHER,413,550,477,614
1277387782Image000037.jpg,65,66,PASS_EITHER_SIDE,417,615,482,681
1277387782Image000037.jpg,14,14,PRIORITY_ROAD,249,671,263,685
1277387782Image000037.jpg,43,42,PEDESTRIAN_CROSSING,774,640,817,682
1277387782Image000037.jpg,64,64,OTHER,413,550,477,614
1277387782Image000037.jpg,65,66,PASS_EITHER_SIDE,417,615,482,681
1277387782Image000037.jpg,14,14,PRIORITY_ROAD,249,671,263,685
1277387782Image000037.jpg,43,42,PEDESTRIAN_CROSSING,774,640,817,682
1277387782Image000037.jpg,64,64,OTHER,413,550,477,614
1277387782Image000037.jpg,65,66,PASS_EITHER_SIDE,417,615,482,681
1277387782Image000037.jpg,14,14,PRIORITY_ROAD,249,671,263,685
1277383222Image000004.jpg,35,36,PRIORITY_ROAD,714,662,749,698
1277382703Image000014.jpg,14,35,GIVE_WAY,793,675,807,710
1277391485Image000052.jpg,48,50,70_SIGN,1057,671,1105,721
1277391485Image000052.jpg,53,57,70_SIGN,3,708,56,765
1277391485Image000052.jpg,48,50,70_SIGN,1057,671,1105,721
1277391485Image000052.jpg,53,57,70_SIGN,3,708,56,765
1277108415Image000003.jpg,37,39,PRIORITY_ROAD,712,492,749,531
1277384745Image000002.jpg,22,22,100_SIGN,491,683,513,705
1277384745Image000002.jpg,21,19,PRIORITY_ROAD,492,707,513,726
1277384745Image000002.jpg,24,23,100_SIGN,43,702,67,725
1277384745Image000002.jpg,22,22,100_SIGN,491,683,513,705
1277384745Image000002.jpg,21,19,PRIORITY_ROAD,492,707,513,726
1277384745Image000002.jpg,24,23,100_SIGN,43,702,67,725
1277384745Image000002.jpg,22,22,100_SIGN,491,683,513,705
1277384745Image000002.jpg,21,19,PRIORITY_ROAD,492,707,513,726
1277384745Image000002.jpg,24,23,100_SIGN,43,702,67,725
1277384745Image000002.jpg,22,22,100_SIGN,491,683,513,705
1277384745Image000002.jpg,21,19,PRIORITY_ROAD,492,707,513,726
1277384745Image000002.jpg,24,23,100_SIGN,43,702,67,725
1277387782Image000042.jpg,52,50,PEDESTRIAN_CROSSING,648,628,700,678
1277387782Image000042.jpg,87,83,OTHER,174,485,261,568
1277387782Image000042.jpg,86,86,PASS_EITHER_SIDE,176,571,262,657
1277387782Image000042.jpg,52,50,PEDESTRIAN_CROSSING,648,628,700,678
1277387782Image000042.jpg,87,83,OTHER,174,485,261,568
1277387782Image000042.jpg,86,86,PASS_EITHER_SIDE,176,571,262,657
1277387782Image000042.jpg,52,50,PEDESTRIAN_CROSSING,648,628,700,678
1277387782Image000042.jpg,87,83,OTHER,174,485,261,568
1277387782Image000042.jpg,86,86,PASS_EITHER_SIDE,176,571,262,657
1277387782Image000042.jpg,52,50,PEDESTRIAN_CROSSING,648,628,700,678
1277387782Image000042.jpg,87,83,OTHER,174,485,261,568
1277387782Image000042.jpg,86,86,PASS_EITHER_SIDE,176,571,262,657
1277107930Image000031.jpg,33,32,PRIORITY_ROAD,494,490,527,522
1277107930Image000031.jpg,10,10,PRIORITY_ROAD,432,561,442,571
1277107930Image000031.jpg,10,10,NO_STOPPING_NO_STANDING,433,551,443,561
1277107930Image000031.jpg,33,32,PRIORITY_ROAD,494,490,527,522
1277107930Image000031.jpg,10,10,PRIORITY_ROAD,432,561,442,571
1277107930Image000031.jpg,10,10,NO_STOPPING_NO_STANDING,433,551,443,561
1277107930Image000031.jpg,33,32,PRIORITY_ROAD,494,490,527,522
1277107930Image000031.jpg,10,10,PRIORITY_ROAD,432,561,442,571
1277107930Image000031.jpg,10,10,NO_STOPPING_NO_STANDING,433,551,443,561
1277104487Image000046.jpg,31,29,OTHER,387,410,418,439
1277104487Image000046.jpg,11,11,OTHER,255,454,266,465
1277104487Image000046.jpg,31,29,OTHER,387,410,418,439
1277104487Image000046.jpg,11,11,OTHER,255,454,266,465
1277104487Image000046.jpg,31,29,OTHER,387,410,418,439
1277104487Image000046.jpg,11,11,OTHER,255,454,266,465
1277105720Image000022.jpg,60,55,50_SIGN,557,320,617,375
1277383207Image000009.jpg,39,59,PEDESTRIAN_CROSSING,1102,535,1141,594
1277383207Image000009.jpg,17,20,PRIORITY_ROAD,595,675,612,695
1277383207Image000009.jpg,39,59,PEDESTRIAN_CROSSING,1102,535,1141,594
1277383207Image000009.jpg,17,20,PRIORITY_ROAD,595,675,612,695
1277383207Image000009.jpg,39,59,PEDESTRIAN_CROSSING,1102,535,1141,594
1277383207Image000009.jpg,17,20,PRIORITY_ROAD,595,675,612,695
1277108438Image000036.jpg,31,28,NO_PARKING,442,509,473,537
1277108438Image000036.jpg,31,28,NO_PARKING,442,509,473,537
1277383148Image000008.jpg,93,90,PEDESTRIAN_CROSSING,882,468,975,558
1277107918Image000031.jpg,59,65,PRIORITY_ROAD,785,439,844,504
1277107918Image000031.jpg,30,34,50_SIGN,533,478,563,512
1277107918Image000031.jpg,18,20,PEDESTRIAN_CROSSING,528,523,546,543
1277107918Image000031.jpg,9,9,PRIORITY_ROAD,519,543,528,552
1277107918Image000031.jpg,12,12,PEDESTRIAN_CROSSING,434,535,446,547
1277107918Image000031.jpg,13,13,PASS_RIGHT_SIDE,433,549,446,562
1277107918Image000031.jpg,59,65,PRIORITY_ROAD,785,439,844,504
1277107918Image000031.jpg,30,34,50_SIGN,533,478,563,512
1277107918Image000031.jpg,18,20,PEDESTRIAN_CROSSING,528,523,546,543
1277107918Image000031.jpg,9,9,PRIORITY_ROAD,519,543,528,552
1277107918Image000031.jpg,12,12,PEDESTRIAN_CROSSING,434,535,446,547
1277107918Image000031.jpg,13,13,PASS_RIGHT_SIDE,433,549,446,562
1277107918Image000031.jpg,59,65,PRIORITY_ROAD,785,439,844,504
1277107918Image000031.jpg,30,34,50_SIGN,533,478,563,512
1277107918Image000031.jpg,18,20,PEDESTRIAN_CROSSING,528,523,546,543
1277107918Image000031.jpg,9,9,PRIORITY_ROAD,519,543,528,552
1277107918Image000031.jpg,12,12,PEDESTRIAN_CROSSING,434,535,446,547
1277107918Image000031.jpg,13,13,PASS_RIGHT_SIDE,433,549,446,562
1277107918Image000031.jpg,59,65,PRIORITY_ROAD,785,439,844,504
1277107918Image000031.jpg,30,34,50_SIGN,533,478,563,512
1277107918Image000031.jpg,18,20,PEDESTRIAN_CROSSING,528,523,546,543
1277107918Image000031.jpg,9,9,PRIORITY_ROAD,519,543,528,552
1277107918Image000031.jpg,12,12,PEDESTRIAN_CROSSING,434,535,446,547
1277107918Image000031.jpg,13,13,PASS_RIGHT_SIDE,433,549,446,562
1277107918Image000031.jpg,59,65,PRIORITY_ROAD,785,439,844,504
1277107918Image000031.jpg,30,34,50_SIGN,533,478,563,512
1277107918Image000031.jpg,18,20,PEDESTRIAN_CROSSING,528,523,546,543
1277107918Image000031.jpg,9,9,PRIORITY_ROAD,519,543,528,552
1277107918Image000031.jpg,12,12,PEDESTRIAN_CROSSING,434,535,446,547
1277107918Image000031.jpg,13,13,PASS_RIGHT_SIDE,433,549,446,562
1277107918Image000031.jpg,59,65,PRIORITY_ROAD,785,439,844,504
1277107918Image000031.jpg,30,34,50_SIGN,533,478,563,512
1277107918Image000031.jpg,18,20,PEDESTRIAN_CROSSING,528,523,546,543
1277107918Image000031.jpg,9,9,PRIORITY_ROAD,519,543,528,552
1277107918Image000031.jpg,12,12,PEDESTRIAN_CROSSING,434,535,446,547
1277107918Image000031.jpg,13,13,PASS_RIGHT_SIDE,433,549,446,562
1277384925Image000016.jpg,38,94,STOP,1107,612,1145,706
1277384925Image000016.jpg,19,20,80_SIGN,483,702,502,722
1277384925Image000016.jpg,10,12,PRIORITY_ROAD,487,722,497,734
1277384925Image000016.jpg,38,94,STOP,1107,612,1145,706
1277384925Image000016.jpg,19,20,80_SIGN,483,702,502,722
1277384925Image000016.jpg,10,12,PRIORITY_ROAD,487,722,497,734
1277384925Image000016.jpg,38,94,STOP,1107,612,1145,706
1277384925Image000016.jpg,19,20,80_SIGN,483,702,502,722
1277384925Image000016.jpg,10,12,PRIORITY_ROAD,487,722,497,734
1277384925Image000016.jpg,38,94,STOP,1107,612,1145,706
1277384925Image000016.jpg,19,20,80_SIGN,483,702,502,722
1277384925Image000016.jpg,10,12,PRIORITY_ROAD,487,722,497,734
1277107988Image000049.jpg,30,29,PEDESTRIAN_CROSSING,587,468,617,497
1277107988Image000049.jpg,18,19,NO_PARKING,544,513,562,532
1277107988Image000049.jpg,26,26,PEDESTRIAN_CROSSING,173,509,199,535
1277107988Image000049.jpg,30,29,PEDESTRIAN_CROSSING,587,468,617,497
1277107988Image000049.jpg,18,19,NO_PARKING,544,513,562,532
1277107988Image000049.jpg,26,26,PEDESTRIAN_CROSSING,173,509,199,535
1277107988Image000049.jpg,30,29,PEDESTRIAN_CROSSING,587,468,617,497
1277107988Image000049.jpg,18,19,NO_PARKING,544,513,562,532
1277107988Image000049.jpg,26,26,PEDESTRIAN_CROSSING,173,509,199,535
1277108877Image000011.jpg,50,53,PEDESTRIAN_CROSSING,204,424,254,477
1277108877Image000011.jpg,53,55,PASS_RIGHT_SIDE,204,477,257,532
1277108877Image000011.jpg,50,53,PEDESTRIAN_CROSSING,204,424,254,477
1277108877Image000011.jpg,53,55,PASS_RIGHT_SIDE,204,477,257,532
1277106963Image000018.jpg,60,56,OTHER,481,351,541,407
1277108710Image000009.jpg,24,27,PEDESTRIAN_CROSSING,496,502,520,529
1277108710Image000009.jpg,17,16,50_SIGN,202,542,219,558
1277108710Image000009.jpg,15,14,PRIORITY_ROAD,205,557,220,571
1277108710Image000009.jpg,24,27,PEDESTRIAN_CROSSING,496,502,520,529
1277108710Image000009.jpg,17,16,50_SIGN,202,542,219,558
1277108710Image000009.jpg,15,14,PRIORITY_ROAD,205,557,220,571
1277108710Image000009.jpg,24,27,PEDESTRIAN_CROSSING,496,502,520,529
1277108710Image000009.jpg,17,16,50_SIGN,202,542,219,558
1277108710Image000009.jpg,15,14,PRIORITY_ROAD,205,557,220,571
1277108710Image000009.jpg,24,27,PEDESTRIAN_CROSSING,496,502,520,529
1277108710Image000009.jpg,17,16,50_SIGN,202,542,219,558
1277108710Image000009.jpg,15,14,PRIORITY_ROAD,205,557,220,571
1277383333Image000028.jpg,35,35,GIVE_WAY,578,666,613,701
1277383333Image000028.jpg,20,23,PRIORITY_ROAD,501,690,521,713
1277383333Image000028.jpg,35,35,GIVE_WAY,578,666,613,701
1277383333Image000028.jpg,20,23,PRIORITY_ROAD,501,690,521,713
1277383333Image000028.jpg,35,35,GIVE_WAY,578,666,613,701
1277383333Image000028.jpg,20,23,PRIORITY_ROAD,501,690,521,713
1277383182Image000003.jpg,106,106,OTHER,795,440,901,546
1277383182Image000003.jpg,17,19,OTHER,639,664,656,683
1277383182Image000003.jpg,15,15,70_SIGN,181,708,196,723
1277383182Image000003.jpg,16,14,70_SIGN,489,665,505,679
1277383182Image000003.jpg,106,106,OTHER,795,440,901,546
1277383182Image000003.jpg,17,19,OTHER,639,664,656,683
1277383182Image000003.jpg,15,15,70_SIGN,181,708,196,723
1277383182Image000003.jpg,16,14,70_SIGN,489,665,505,679
1277383182Image000003.jpg,106,106,OTHER,795,440,901,546
1277383182Image000003.jpg,17,19,OTHER,639,664,656,683
1277383182Image000003.jpg,15,15,70_SIGN,181,708,196,723
1277383182Image000003.jpg,16,14,70_SIGN,489,665,505,679
1277383182Image000003.jpg,106,106,OTHER,795,440,901,546
1277383182Image000003.jpg,17,19,OTHER,639,664,656,683
1277383182Image000003.jpg,15,15,70_SIGN,181,708,196,723
1277383182Image000003.jpg,16,14,70_SIGN,489,665,505,679
1277383182Image000003.jpg,106,106,OTHER,795,440,901,546
1277383182Image000003.jpg,17,19,OTHER,639,664,656,683
1277383182Image000003.jpg,15,15,70_SIGN,181,708,196,723
1277383182Image000003.jpg,16,14,70_SIGN,489,665,505,679
1277107089Image000056.jpg,21,21,OTHER,359,398,380,419
1277107089Image000056.jpg,20,17,80_SIGN,359,419,379,436
1277107089Image000056.jpg,20,19,OTHER,9,418,29,437
1277107089Image000056.jpg,17,17,80_SIGN,12,439,29,456
1277107089Image000056.jpg,21,21,OTHER,359,398,380,419
1277107089Image000056.jpg,20,17,80_SIGN,359,419,379,436
1277107089Image000056.jpg,20,19,OTHER,9,418,29,437
1277107089Image000056.jpg,17,17,80_SIGN,12,439,29,456
1277107089Image000056.jpg,21,21,OTHER,359,398,380,419
1277107089Image000056.jpg,20,17,80_SIGN,359,419,379,436
1277107089Image000056.jpg,20,19,OTHER,9,418,29,437
1277107089Image000056.jpg,17,17,80_SIGN,12,439,29,456
1277107089Image000056.jpg,21,21,OTHER,359,398,380,419
1277107089Image000056.jpg,20,17,80_SIGN,359,419,379,436
1277107089Image000056.jpg,20,19,OTHER,9,418,29,437
1277107089Image000056.jpg,17,17,80_SIGN,12,439,29,456
1277382818Image000007.jpg,38,37,OTHER,567,655,605,692
1277391703Image000068.jpg,69,78,50_SIGN,1114,627,1183,705
1277391703Image000068.jpg,12,11,GIVE_WAY,445,763,457,774
1277391703Image000068.jpg,9,9,OTHER,447,773,456,782
1277391703Image000068.jpg,13,11,GIVE_WAY,601,750,614,761
1277391703Image000068.jpg,69,78,50_SIGN,1114,627,1183,705
1277391703Image000068.jpg,12,11,GIVE_WAY,445,763,457,774
1277391703Image000068.jpg,9,9,OTHER,447,773,456,782
1277391703Image000068.jpg,13,11,GIVE_WAY,601,750,614,761
1277391703Image000068.jpg,69,78,50_SIGN,1114,627,1183,705
1277391703Image000068.jpg,12,11,GIVE_WAY,445,763,457,774
1277391703Image000068.jpg,9,9,OTHER,447,773,456,782
1277391703Image000068.jpg,13,11,GIVE_WAY,601,750,614,761
1277391703Image000068.jpg,69,78,50_SIGN,1114,627,1183,705
1277391703Image000068.jpg,12,11,GIVE_WAY,445,763,457,774
1277391703Image000068.jpg,9,9,OTHER,447,773,456,782
1277391703Image000068.jpg,13,11,GIVE_WAY,601,750,614,761
1277391651Image000058.jpg,42,43,50_SIGN,1235,663,1277,706
1277391651Image000058.jpg,45,45,50_SIGN,206,704,251,749
1277391651Image000058.jpg,14,10,GIVE_WAY,490,745,504,755
1277391651Image000058.jpg,12,12,OTHER,492,756,504,768
1277391651Image000058.jpg,42,43,50_SIGN,1235,663,1277,706
1277391651Image000058.jpg,45,45,50_SIGN,206,704,251,749
1277391651Image000058.jpg,14,10,GIVE_WAY,490,745,504,755
1277391651Image000058.jpg,12,12,OTHER,492,756,504,768
1277391651Image000058.jpg,42,43,50_SIGN,1235,663,1277,706
1277391651Image000058.jpg,45,45,50_SIGN,206,704,251,749
1277391651Image000058.jpg,14,10,GIVE_WAY,490,745,504,755
1277391651Image000058.jpg,12,12,OTHER,492,756,504,768
1277391651Image000058.jpg,42,43,50_SIGN,1235,663,1277,706
1277391651Image000058.jpg,45,45,50_SIGN,206,704,251,749
1277391651Image000058.jpg,14,10,GIVE_WAY,490,745,504,755
1277391651Image000058.jpg,12,12,OTHER,492,756,504,768
1277391651Image000058.jpg,42,43,50_SIGN,1235,663,1277,706
1277391651Image000058.jpg,45,45,50_SIGN,206,704,251,749
1277391651Image000058.jpg,14,10,GIVE_WAY,490,745,504,755
1277391651Image000058.jpg,12,12,OTHER,492,756,504,768
1277104511Image000031.jpg,30,31,100_SIGN,331,403,361,434
1277104511Image000031.jpg,26,25,PRIORITY_ROAD,334,433,360,458
1277104511Image000031.jpg,32,30,PASS_RIGHT_SIDE,71,423,103,453
1277104511Image000031.jpg,30,31,100_SIGN,331,403,361,434
1277104511Image000031.jpg,26,25,PRIORITY_ROAD,334,433,360,458
1277104511Image000031.jpg,32,30,PASS_RIGHT_SIDE,71,423,103,453
1277104511Image000031.jpg,30,31,100_SIGN,331,403,361,434
1277104511Image000031.jpg,26,25,PRIORITY_ROAD,334,433,360,458
1277104511Image000031.jpg,32,30,PASS_RIGHT_SIDE,71,423,103,453
1277104511Image000031.jpg,30,31,100_SIGN,331,403,361,434
1277104511Image000031.jpg,26,25,PRIORITY_ROAD,334,433,360,458
1277104511Image000031.jpg,32,30,PASS_RIGHT_SIDE,71,423,103,453
1277383675Image000054.jpg,42,42,PASS_LEFT_SIDE,616,689,658,731
1277383675Image000054.jpg,42,42,PASS_LEFT_SIDE,616,689,658,731
1277105720Image000002.jpg,28,28,50_SIGN,490,391,518,419
1277104735Image000011.jpg,20,20,70_SIGN,321,433,341,453
1277104735Image000011.jpg,20,20,70_SIGN,321,433,341,453
1277108134Image000108.jpg,47,48,PEDESTRIAN_CROSSING,883,443,930,491
1277108134Image000108.jpg,38,39,PEDESTRIAN_CROSSING,152,486,190,525
1277108134Image000108.jpg,8,8,PEDESTRIAN_CROSSING,595,571,603,579
1277108134Image000108.jpg,10,7,PASS_RIGHT_SIDE,595,581,605,588
1277108134Image000108.jpg,47,48,PEDESTRIAN_CROSSING,883,443,930,491
1277108134Image000108.jpg,38,39,PEDESTRIAN_CROSSING,152,486,190,525
1277108134Image000108.jpg,8,8,PEDESTRIAN_CROSSING,595,571,603,579
1277108134Image000108.jpg,10,7,PASS_RIGHT_SIDE,595,581,605,588
1277108134Image000108.jpg,47,48,PEDESTRIAN_CROSSING,883,443,930,491
1277108134Image000108.jpg,38,39,PEDESTRIAN_CROSSING,152,486,190,525
1277108134Image000108.jpg,8,8,PEDESTRIAN_CROSSING,595,571,603,579
1277108134Image000108.jpg,10,7,PASS_RIGHT_SIDE,595,581,605,588
1277108134Image000108.jpg,47,48,PEDESTRIAN_CROSSING,883,443,930,491
1277108134Image000108.jpg,38,39,PEDESTRIAN_CROSSING,152,486,190,525
1277108134Image000108.jpg,8,8,PEDESTRIAN_CROSSING,595,571,603,579
1277108134Image000108.jpg,10,7,PASS_RIGHT_SIDE,595,581,605,588
1277108134Image000108.jpg,47,48,PEDESTRIAN_CROSSING,883,443,930,491
1277108134Image000108.jpg,38,39,PEDESTRIAN_CROSSING,152,486,190,525
1277108134Image000108.jpg,8,8,PEDESTRIAN_CROSSING,595,571,603,579
1277108134Image000108.jpg,10,7,PASS_RIGHT_SIDE,595,581,605,588
1277382703Image000004.jpg,39,46,OTHER,702,648,741,694
1277107930Image000076.jpg,18,18,PRIORITY_ROAD,575,543,593,561
1277107930Image000076.jpg,21,25,NO_STOPPING_NO_STANDING,575,518,596,543
1277107930Image000076.jpg,11,11,PEDESTRIAN_CROSSING,549,541,560,552
1277107930Image000076.jpg,10,13,PEDESTRIAN_CROSSING,355,545,365,558
1277107930Image000076.jpg,18,18,PRIORITY_ROAD,575,543,593,561
1277107930Image000076.jpg,21,25,NO_STOPPING_NO_STANDING,575,518,596,543
1277107930Image000076.jpg,11,11,PEDESTRIAN_CROSSING,549,541,560,552
1277107930Image000076.jpg,10,13,PEDESTRIAN_CROSSING,355,545,365,558
1277107930Image000076.jpg,18,18,PRIORITY_ROAD,575,543,593,561
1277107930Image000076.jpg,21,25,NO_STOPPING_NO_STANDING,575,518,596,543
1277107930Image000076.jpg,11,11,PEDESTRIAN_CROSSING,549,541,560,552
1277107930Image000076.jpg,10,13,PEDESTRIAN_CROSSING,355,545,365,558
1277107930Image000076.jpg,18,18,PRIORITY_ROAD,575,543,593,561
1277107930Image000076.jpg,21,25,NO_STOPPING_NO_STANDING,575,518,596,543
1277107930Image000076.jpg,11,11,PEDESTRIAN_CROSSING,549,541,560,552
1277107930Image000076.jpg,10,13,PEDESTRIAN_CROSSING,355,545,365,558
1277107930Image000076.jpg,18,18,PRIORITY_ROAD,575,543,593,561
1277107930Image000076.jpg,21,25,NO_STOPPING_NO_STANDING,575,518,596,543
1277107930Image000076.jpg,11,11,PEDESTRIAN_CROSSING,549,541,560,552
1277107930Image000076.jpg,10,13,PEDESTRIAN_CROSSING,355,545,365,558
1277108024Image000027.jpg,71,144,NO_PARKING,1211,202,1282,346
1277108851Image000056.jpg,52,107,PEDESTRIAN_CROSSING,1240,235,1292,342
1277108851Image000056.jpg,51,50,GIVE_WAY,932,462,983,512
1277108851Image000056.jpg,44,42,OTHER,936,512,980,554
1277108851Image000056.jpg,6,20,GIVE_WAY,1148,503,1154,523
1277108851Image000056.jpg,8,18,OTHER,1146,523,1154,541
1277108851Image000056.jpg,11,11,80_SIGN,525,551,536,562
1277108851Image000056.jpg,13,12,80_SIGN,281,561,294,573
1277108851Image000056.jpg,52,107,PEDESTRIAN_CROSSING,1240,235,1292,342
1277108851Image000056.jpg,51,50,GIVE_WAY,932,462,983,512
1277108851Image000056.jpg,44,42,OTHER,936,512,980,554
1277108851Image000056.jpg,6,20,GIVE_WAY,1148,503,1154,523
1277108851Image000056.jpg,8,18,OTHER,1146,523,1154,541
1277108851Image000056.jpg,11,11,80_SIGN,525,551,536,562
1277108851Image000056.jpg,13,12,80_SIGN,281,561,294,573
1277108851Image000056.jpg,52,107,PEDESTRIAN_CROSSING,1240,235,1292,342
1277108851Image000056.jpg,51,50,GIVE_WAY,932,462,983,512
1277108851Image000056.jpg,44,42,OTHER,936,512,980,554
1277108851Image000056.jpg,6,20,GIVE_WAY,1148,503,1154,523
1277108851Image000056.jpg,8,18,OTHER,1146,523,1154,541
1277108851Image000056.jpg,11,11,80_SIGN,525,551,536,562
1277108851Image000056.jpg,13,12,80_SIGN,281,561,294,573
1277108851Image000056.jpg,52,107,PEDESTRIAN_CROSSING,1240,235,1292,342
1277108851Image000056.jpg,51,50,GIVE_WAY,932,462,983,512
1277108851Image000056.jpg,44,42,OTHER,936,512,980,554
1277108851Image000056.jpg,6,20,GIVE_WAY,1148,503,1154,523
1277108851Image000056.jpg,8,18,OTHER,1146,523,1154,541
1277108851Image000056.jpg,11,11,80_SIGN,525,551,536,562
1277108851Image000056.jpg,13,12,80_SIGN,281,561,294,573
1277108851Image000056.jpg,52,107,PEDESTRIAN_CROSSING,1240,235,1292,342
1277108851Image000056.jpg,51,50,GIVE_WAY,932,462,983,512
1277108851Image000056.jpg,44,42,OTHER,936,512,980,554
1277108851Image000056.jpg,6,20,GIVE_WAY,1148,503,1154,523
1277108851Image000056.jpg,8,18,OTHER,1146,523,1154,541
1277108851Image000056.jpg,11,11,80_SIGN,525,551,536,562
1277108851Image000056.jpg,13,12,80_SIGN,281,561,294,573
1277108851Image000056.jpg,52,107,PEDESTRIAN_CROSSING,1240,235,1292,342
1277108851Image000056.jpg,51,50,GIVE_WAY,932,462,983,512
1277108851Image000056.jpg,44,42,OTHER,936,512,980,554
1277108851Image000056.jpg,6,20,GIVE_WAY,1148,503,1154,523
1277108851Image000056.jpg,8,18,OTHER,1146,523,1154,541
1277108851Image000056.jpg,11,11,80_SIGN,525,551,536,562
1277108851Image000056.jpg,13,12,80_SIGN,281,561,294,573
1277108851Image000056.jpg,52,107,PEDESTRIAN_CROSSING,1240,235,1292,342
1277108851Image000056.jpg,51,50,GIVE_WAY,932,462,983,512
1277108851Image000056.jpg,44,42,OTHER,936,512,980,554
1277108851Image000056.jpg,6,20,GIVE_WAY,1148,503,1154,523
1277108851Image000056.jpg,8,18,OTHER,1146,523,1154,541
1277108851Image000056.jpg,11,11,80_SIGN,525,551,536,562
1277108851Image000056.jpg,13,12,80_SIGN,281,561,294,573
1277108851Image000056.jpg,52,107,PEDESTRIAN_CROSSING,1240,235,1292,342
1277108851Image000056.jpg,51,50,GIVE_WAY,932,462,983,512
1277108851Image000056.jpg,44,42,OTHER,936,512,980,554
1277108851Image000056.jpg,6,20,GIVE_WAY,1148,503,1154,523
1277108851Image000056.jpg,8,18,OTHER,1146,523,1154,541
1277108851Image000056.jpg,11,11,80_SIGN,525,551,536,562
1277108851Image000056.jpg,13,12,80_SIGN,281,561,294,573
1277106832Image000022.jpg,71,65,OTHER,577,263,648,328
1277106832Image000022.jpg,71,65,OTHER,577,263,648,328
1277108826Image000018.jpg,46,51,PRIORITY_ROAD,852,453,898,504
1277108826Image000018.jpg,46,51,PRIORITY_ROAD,852,453,898,504
1277106832Image000017.jpg,52,47,OTHER,504,321,556,368
1277106832Image000017.jpg,52,47,OTHER,504,321,556,368
1277107964Image000046.jpg,99,108,NO_STOPPING_NO_STANDING,810,322,909,430
1277107964Image000046.jpg,13,13,PEDESTRIAN_CROSSING,328,544,341,557
1277107964Image000046.jpg,15,15,NO_PARKING,374,546,389,561
1277107964Image000046.jpg,13,12,NO_PARKING,267,551,280,563
1277107964Image000046.jpg,99,108,NO_STOPPING_NO_STANDING,810,322,909,430
1277107964Image000046.jpg,13,13,PEDESTRIAN_CROSSING,328,544,341,557
1277107964Image000046.jpg,15,15,NO_PARKING,374,546,389,561
1277107964Image000046.jpg,13,12,NO_PARKING,267,551,280,563
1277107964Image000046.jpg,99,108,NO_STOPPING_NO_STANDING,810,322,909,430
1277107964Image000046.jpg,13,13,PEDESTRIAN_CROSSING,328,544,341,557
1277107964Image000046.jpg,15,15,NO_PARKING,374,546,389,561
1277107964Image000046.jpg,13,12,NO_PARKING,267,551,280,563
1277107964Image000046.jpg,99,108,NO_STOPPING_NO_STANDING,810,322,909,430
1277107964Image000046.jpg,13,13,PEDESTRIAN_CROSSING,328,544,341,557
1277107964Image000046.jpg,15,15,NO_PARKING,374,546,389,561
1277107964Image000046.jpg,13,12,NO_PARKING,267,551,280,563
1277108900Image000004.jpg,10,30,30_SIGN,890,523,900,553
1277108900Image000004.jpg,10,11,PEDESTRIAN_CROSSING,487,572,497,583
1277108900Image000004.jpg,12,10,PASS_RIGHT_SIDE,486,583,498,593
1277108900Image000004.jpg,10,30,30_SIGN,890,523,900,553
1277108900Image000004.jpg,10,11,PEDESTRIAN_CROSSING,487,572,497,583
1277108900Image000004.jpg,12,10,PASS_RIGHT_SIDE,486,583,498,593
1277108900Image000004.jpg,10,30,30_SIGN,890,523,900,553
1277108900Image000004.jpg,10,11,PEDESTRIAN_CROSSING,487,572,497,583
1277108900Image000004.jpg,12,10,PASS_RIGHT_SIDE,486,583,498,593
1277385920Image000022.jpg,69,66,70_SIGN,656,595,725,661
1277385920Image000022.jpg,69,66,70_SIGN,656,595,725,661
1277387666Image000062.jpg,162,166,30_SIGN,1091,763,1253,929
1277387666Image000062.jpg,35,37,PASS_RIGHT_SIDE,498,701,533,738
1277387666Image000062.jpg,162,166,30_SIGN,1091,763,1253,929
1277387666Image000062.jpg,35,37,PASS_RIGHT_SIDE,498,701,533,738
1277387666Image000062.jpg,162,166,30_SIGN,1091,763,1253,929
1277387666Image000062.jpg,35,37,PASS_RIGHT_SIDE,498,701,533,738
1277383397Image000036.jpg,74,74,NO_PARKING,674,506,748,580
1277383397Image000036.jpg,74,74,NO_PARKING,674,506,748,580
1277381708Image000012.jpg,63,63,70_SIGN,1104,377,1167,440
1277381708Image000012.jpg,51,55,PRIORITY_ROAD,1118,452,1169,507
1277381708Image000012.jpg,63,63,70_SIGN,1104,377,1167,440
1277381708Image000012.jpg,51,55,PRIORITY_ROAD,1118,452,1169,507
1277386977Image000006.jpg,15,14,50_SIGN,892,750,907,764
1277386977Image000006.jpg,14,12,GIVE_WAY,844,774,858,786
1277386977Image000006.jpg,16,15,50_SIGN,622,779,638,794
1277386977Image000006.jpg,15,14,50_SIGN,892,750,907,764
1277386977Image000006.jpg,14,12,GIVE_WAY,844,774,858,786
1277386977Image000006.jpg,16,15,50_SIGN,622,779,638,794
1277386977Image000006.jpg,15,14,50_SIGN,892,750,907,764
1277386977Image000006.jpg,14,12,GIVE_WAY,844,774,858,786
1277386977Image000006.jpg,16,15,50_SIGN,622,779,638,794
1277386977Image000006.jpg,15,14,50_SIGN,892,750,907,764
1277386977Image000006.jpg,14,12,GIVE_WAY,844,774,858,786
1277386977Image000006.jpg,16,15,50_SIGN,622,779,638,794
1277104432Image000133.jpg,100,97,70_SIGN,712,247,812,344
1277104432Image000133.jpg,14,13,70_SIGN,276,447,290,460
1277104432Image000133.jpg,12,11,PRIORITY_ROAD,279,460,291,471
1277104432Image000133.jpg,22,20,PASS_RIGHT_SIDE,78,443,100,463
1277104432Image000133.jpg,100,97,70_SIGN,712,247,812,344
1277104432Image000133.jpg,14,13,70_SIGN,276,447,290,460
1277104432Image000133.jpg,12,11,PRIORITY_ROAD,279,460,291,471
1277104432Image000133.jpg,22,20,PASS_RIGHT_SIDE,78,443,100,463
1277104432Image000133.jpg,100,97,70_SIGN,712,247,812,344
1277104432Image000133.jpg,14,13,70_SIGN,276,447,290,460
1277104432Image000133.jpg,12,11,PRIORITY_ROAD,279,460,291,471
1277104432Image000133.jpg,22,20,PASS_RIGHT_SIDE,78,443,100,463
1277104432Image000133.jpg,100,97,70_SIGN,712,247,812,344
1277104432Image000133.jpg,14,13,70_SIGN,276,447,290,460
1277104432Image000133.jpg,12,11,PRIORITY_ROAD,279,460,291,471
1277104432Image000133.jpg,22,20,PASS_RIGHT_SIDE,78,443,100,463
1277104432Image000133.jpg,100,97,70_SIGN,712,247,812,344
1277104432Image000133.jpg,14,13,70_SIGN,276,447,290,460
1277104432Image000133.jpg,12,11,PRIORITY_ROAD,279,460,291,471
1277104432Image000133.jpg,22,20,PASS_RIGHT_SIDE,78,443,100,463
1277391703Image000173.jpg,83,93,GIVE_WAY,57,560,140,653
1277391703Image000173.jpg,70,85,OTHER,69,654,139,739
1277391703Image000173.jpg,83,93,GIVE_WAY,57,560,140,653
1277391703Image000173.jpg,70,85,OTHER,69,654,139,739
1277381655Image000007.jpg,28,28,PRIORITY_ROAD,538,506,566,534
1277108438Image000001.jpg,22,23,PEDESTRIAN_CROSSING,393,504,415,527
1277108438Image000001.jpg,23,24,PASS_RIGHT_SIDE,393,526,416,550
1277108438Image000001.jpg,17,17,NO_PARKING,521,540,538,557
1277108438Image000001.jpg,22,23,PEDESTRIAN_CROSSING,393,504,415,527
1277108438Image000001.jpg,23,24,PASS_RIGHT_SIDE,393,526,416,550
1277108438Image000001.jpg,17,17,NO_PARKING,521,540,538,557
1277108438Image000001.jpg,22,23,PEDESTRIAN_CROSSING,393,504,415,527
1277108438Image000001.jpg,23,24,PASS_RIGHT_SIDE,393,526,416,550
1277108438Image000001.jpg,17,17,NO_PARKING,521,540,538,557
1277108438Image000001.jpg,22,23,PEDESTRIAN_CROSSING,393,504,415,527
1277108438Image000001.jpg,23,24,PASS_RIGHT_SIDE,393,526,416,550
1277108438Image000001.jpg,17,17,NO_PARKING,521,540,538,557
1277384539Image000023.jpg,29,31,60_SIGN,623,668,652,699
1277384539Image000023.jpg,29,30,60_SIGN,93,692,122,722
1277384539Image000023.jpg,29,31,60_SIGN,623,668,652,699
1277384539Image000023.jpg,29,30,60_SIGN,93,692,122,722
1277387838Image000022.jpg,100,109,70_SIGN,1178,467,1278,576
1277387838Image000022.jpg,110,144,PRIORITY_ROAD,1169,579,1279,723
1277387838Image000022.jpg,100,109,70_SIGN,1178,467,1278,576
1277387838Image000022.jpg,110,144,PRIORITY_ROAD,1169,579,1279,723
1277387666Image000092.jpg,124,110,OTHER,659,688,783,798
1277384442Image000006.jpg,9,8,OTHER,425,736,434,744
1277384442Image000006.jpg,9,8,OTHER,425,736,434,744
1277391651Image000118.jpg,48,49,GIVE_WAY,989,656,1037,705
1277391651Image000118.jpg,42,43,OTHER,995,696,1037,739
1277391651Image000118.jpg,58,43,GIVE_WAY,235,689,293,732
1277391651Image000118.jpg,40,36,OTHER,243,733,283,769
1277391651Image000118.jpg,48,49,GIVE_WAY,989,656,1037,705
1277391651Image000118.jpg,42,43,OTHER,995,696,1037,739
1277391651Image000118.jpg,58,43,GIVE_WAY,235,689,293,732
1277391651Image000118.jpg,40,36,OTHER,243,733,283,769
1277391651Image000118.jpg,48,49,GIVE_WAY,989,656,1037,705
1277391651Image000118.jpg,42,43,OTHER,995,696,1037,739
1277391651Image000118.jpg,58,43,GIVE_WAY,235,689,293,732
1277391651Image000118.jpg,40,36,OTHER,243,733,283,769
1277391651Image000118.jpg,48,49,GIVE_WAY,989,656,1037,705
1277391651Image000118.jpg,42,43,OTHER,995,696,1037,739
1277391651Image000118.jpg,58,43,GIVE_WAY,235,689,293,732
1277391651Image000118.jpg,40,36,OTHER,243,733,283,769
1277384464Image000028.jpg,80,75,80_SIGN,708,529,788,604
1277384464Image000028.jpg,83,79,OTHER,714,601,797,680
1277384464Image000028.jpg,66,70,PRIORITY_ROAD,731,680,797,750
1277384464Image000028.jpg,80,75,80_SIGN,708,529,788,604
1277384464Image000028.jpg,83,79,OTHER,714,601,797,680
1277384464Image000028.jpg,66,70,PRIORITY_ROAD,731,680,797,750
1277384464Image000028.jpg,80,75,80_SIGN,708,529,788,604
1277384464Image000028.jpg,83,79,OTHER,714,601,797,680
1277384464Image000028.jpg,66,70,PRIORITY_ROAD,731,680,797,750
1277108194Image000001.jpg,22,23,PEDESTRIAN_CROSSING,662,504,684,527
1277108194Image000001.jpg,17,15,50_SIGN,621,544,638,559
1277108194Image000001.jpg,24,26,PASS_RIGHT_SIDE,434,527,458,553
1277108194Image000001.jpg,14,16,PEDESTRIAN_CROSSING,466,530,480,546
1277108194Image000001.jpg,15,15,PASS_RIGHT_SIDE,465,546,480,561
1277108194Image000001.jpg,23,22,PEDESTRIAN_CROSSING,236,514,259,536
1277108194Image000001.jpg,22,23,PEDESTRIAN_CROSSING,662,504,684,527
1277108194Image000001.jpg,17,15,50_SIGN,621,544,638,559
1277108194Image000001.jpg,24,26,PASS_RIGHT_SIDE,434,527,458,553
1277108194Image000001.jpg,14,16,PEDESTRIAN_CROSSING,466,530,480,546
1277108194Image000001.jpg,15,15,PASS_RIGHT_SIDE,465,546,480,561
1277108194Image000001.jpg,23,22,PEDESTRIAN_CROSSING,236,514,259,536
1277108194Image000001.jpg,22,23,PEDESTRIAN_CROSSING,662,504,684,527
1277108194Image000001.jpg,17,15,50_SIGN,621,544,638,559
1277108194Image000001.jpg,24,26,PASS_RIGHT_SIDE,434,527,458,553
1277108194Image000001.jpg,14,16,PEDESTRIAN_CROSSING,466,530,480,546
1277108194Image000001.jpg,15,15,PASS_RIGHT_SIDE,465,546,480,561
1277108194Image000001.jpg,23,22,PEDESTRIAN_CROSSING,236,514,259,536
1277108194Image000001.jpg,22,23,PEDESTRIAN_CROSSING,662,504,684,527
1277108194Image000001.jpg,17,15,50_SIGN,621,544,638,559
1277108194Image000001.jpg,24,26,PASS_RIGHT_SIDE,434,527,458,553
1277108194Image000001.jpg,14,16,PEDESTRIAN_CROSSING,466,530,480,546
1277108194Image000001.jpg,15,15,PASS_RIGHT_SIDE,465,546,480,561
1277108194Image000001.jpg,23,22,PEDESTRIAN_CROSSING,236,514,259,536
1277108194Image000001.jpg,22,23,PEDESTRIAN_CROSSING,662,504,684,527
1277108194Image000001.jpg,17,15,50_SIGN,621,544,638,559
1277108194Image000001.jpg,24,26,PASS_RIGHT_SIDE,434,527,458,553
1277108194Image000001.jpg,14,16,PEDESTRIAN_CROSSING,466,530,480,546
1277108194Image000001.jpg,15,15,PASS_RIGHT_SIDE,465,546,480,561
1277108194Image000001.jpg,23,22,PEDESTRIAN_CROSSING,236,514,259,536
1277108194Image000001.jpg,22,23,PEDESTRIAN_CROSSING,662,504,684,527
1277108194Image000001.jpg,17,15,50_SIGN,621,544,638,559
1277108194Image000001.jpg,24,26,PASS_RIGHT_SIDE,434,527,458,553
1277108194Image000001.jpg,14,16,PEDESTRIAN_CROSSING,466,530,480,546
1277108194Image000001.jpg,15,15,PASS_RIGHT_SIDE,465,546,480,561
1277108194Image000001.jpg,23,22,PEDESTRIAN_CROSSING,236,514,259,536
1277108194Image000001.jpg,22,23,PEDESTRIAN_CROSSING,662,504,684,527
1277108194Image000001.jpg,17,15,50_SIGN,621,544,638,559
1277108194Image000001.jpg,24,26,PASS_RIGHT_SIDE,434,527,458,553
1277108194Image000001.jpg,14,16,PEDESTRIAN_CROSSING,466,530,480,546
1277108194Image000001.jpg,15,15,PASS_RIGHT_SIDE,465,546,480,561
1277108194Image000001.jpg,23,22,PEDESTRIAN_CROSSING,236,514,259,536
1277387714Image000041.jpg,49,58,PRIORITY_ROAD,1227,497,1276,555
1277387714Image000041.jpg,49,58,PRIORITY_ROAD,1227,497,1276,555
1277106460Image000036.jpg,47,44,OTHER,572,423,619,467
1277107666Image000008.jpg,31,32,80_SIGN,398,404,429,436
1277107666Image000008.jpg,28,28,PRIORITY_ROAD,399,437,427,465
1277107666Image000008.jpg,31,32,80_SIGN,398,404,429,436
1277107666Image000008.jpg,28,28,PRIORITY_ROAD,399,437,427,465
1277384411Image000048.jpg,8,9,PASS_RIGHT_SIDE,352,740,360,749
1277384411Image000048.jpg,6,6,PASS_RIGHT_SIDE,421,742,427,748
1277384411Image000048.jpg,8,9,PASS_RIGHT_SIDE,352,740,360,749
1277384411Image000048.jpg,6,6,PASS_RIGHT_SIDE,421,742,427,748
1277384428Image000012.jpg,50,54,80_SIGN,604,596,654,650
1277384428Image000012.jpg,44,41,PRIORITY_ROAD,607,650,651,691
1277384428Image000012.jpg,50,54,80_SIGN,604,596,654,650
1277384428Image000012.jpg,44,41,PRIORITY_ROAD,607,650,651,691
1277384428Image000012.jpg,50,54,80_SIGN,604,596,654,650
1277384428Image000012.jpg,44,41,PRIORITY_ROAD,607,650,651,691
1277108710Image000069.jpg,57,54,50_SIGN,478,446,535,500
1277108710Image000069.jpg,45,48,PRIORITY_ROAD,487,502,532,550
1277108710Image000069.jpg,57,54,50_SIGN,478,446,535,500
1277108710Image000069.jpg,45,48,PRIORITY_ROAD,487,502,532,550
1277108710Image000069.jpg,57,54,50_SIGN,478,446,535,500
1277108710Image000069.jpg,45,48,PRIORITY_ROAD,487,502,532,550
1277108163Image000080.jpg,81,151,PEDESTRIAN_CROSSING,1196,2,1277,153
1277108163Image000080.jpg,28,30,PEDESTRIAN_CROSSING,563,491,591,521
1277108163Image000080.jpg,23,27,PEDESTRIAN_CROSSING,114,509,137,536
1277108163Image000080.jpg,33,32,PASS_RIGHT_SIDE,309,516,342,548
1277108163Image000080.jpg,24,24,50_SIGN,709,504,733,528
1277108163Image000080.jpg,81,151,PEDESTRIAN_CROSSING,1196,2,1277,153
1277108163Image000080.jpg,28,30,PEDESTRIAN_CROSSING,563,491,591,521
1277108163Image000080.jpg,23,27,PEDESTRIAN_CROSSING,114,509,137,536
1277108163Image000080.jpg,33,32,PASS_RIGHT_SIDE,309,516,342,548
1277108163Image000080.jpg,24,24,50_SIGN,709,504,733,528
1277108163Image000080.jpg,81,151,PEDESTRIAN_CROSSING,1196,2,1277,153
1277108163Image000080.jpg,28,30,PEDESTRIAN_CROSSING,563,491,591,521
1277108163Image000080.jpg,23,27,PEDESTRIAN_CROSSING,114,509,137,536
1277108163Image000080.jpg,33,32,PASS_RIGHT_SIDE,309,516,342,548
1277108163Image000080.jpg,24,24,50_SIGN,709,504,733,528
1277108163Image000080.jpg,81,151,PEDESTRIAN_CROSSING,1196,2,1277,153
1277108163Image000080.jpg,28,30,PEDESTRIAN_CROSSING,563,491,591,521
1277108163Image000080.jpg,23,27,PEDESTRIAN_CROSSING,114,509,137,536
1277108163Image000080.jpg,33,32,PASS_RIGHT_SIDE,309,516,342,548
1277108163Image000080.jpg,24,24,50_SIGN,709,504,733,528
1277108163Image000080.jpg,81,151,PEDESTRIAN_CROSSING,1196,2,1277,153
1277108163Image000080.jpg,28,30,PEDESTRIAN_CROSSING,563,491,591,521
1277108163Image000080.jpg,23,27,PEDESTRIAN_CROSSING,114,509,137,536
1277108163Image000080.jpg,33,32,PASS_RIGHT_SIDE,309,516,342,548
1277108163Image000080.jpg,24,24,50_SIGN,709,504,733,528
1277108163Image000080.jpg,81,151,PEDESTRIAN_CROSSING,1196,2,1277,153
1277108163Image000080.jpg,28,30,PEDESTRIAN_CROSSING,563,491,591,521
1277108163Image000080.jpg,23,27,PEDESTRIAN_CROSSING,114,509,137,536
1277108163Image000080.jpg,33,32,PASS_RIGHT_SIDE,309,516,342,548
1277108163Image000080.jpg,24,24,50_SIGN,709,504,733,528
1277107089Image000066.jpg,32,33,OTHER,410,366,442,399
1277107089Image000066.jpg,30,30,80_SIGN,413,398,443,428
1277107089Image000066.jpg,32,33,OTHER,410,366,442,399
1277107089Image000066.jpg,30,30,80_SIGN,413,398,443,428
1277387033Image000001.jpg,56,52,PEDESTRIAN_CROSSING,1050,602,1106,654
1277387033Image000001.jpg,24,27,PASS_RIGHT_SIDE,788,691,812,718
1277387033Image000001.jpg,23,39,PEDESTRIAN_CROSSING,1,677,24,716
1277387033Image000001.jpg,56,52,PEDESTRIAN_CROSSING,1050,602,1106,654
1277387033Image000001.jpg,24,27,PASS_RIGHT_SIDE,788,691,812,718
1277387033Image000001.jpg,23,39,PEDESTRIAN_CROSSING,1,677,24,716
1277387033Image000001.jpg,56,52,PEDESTRIAN_CROSSING,1050,602,1106,654
1277387033Image000001.jpg,24,27,PASS_RIGHT_SIDE,788,691,812,718
1277387033Image000001.jpg,23,39,PEDESTRIAN_CROSSING,1,677,24,716
1277384442Image000026.jpg,13,14,OTHER,447,699,460,713
1277384442Image000026.jpg,13,14,OTHER,447,699,460,713
1277105397Image000067.jpg,16,15,80_SIGN,328,439,344,454
1277105397Image000067.jpg,17,17,80_SIGN,24,444,41,461
1277105397Image000067.jpg,16,15,80_SIGN,328,439,344,454
1277105397Image000067.jpg,17,17,80_SIGN,24,444,41,461
1277383217Image000001.jpg,24,26,PASS_RIGHT_SIDE,265,679,289,705
1277383217Image000001.jpg,19,20,PASS_RIGHT_SIDE,329,692,348,712
1277383217Image000001.jpg,17,15,PEDESTRIAN_CROSSING,466,693,483,708
1277383217Image000001.jpg,8,20,PEDESTRIAN_CROSSING,691,642,699,662
1277383217Image000001.jpg,24,26,PASS_RIGHT_SIDE,265,679,289,705
1277383217Image000001.jpg,19,20,PASS_RIGHT_SIDE,329,692,348,712
1277383217Image000001.jpg,17,15,PEDESTRIAN_CROSSING,466,693,483,708
1277383217Image000001.jpg,8,20,PEDESTRIAN_CROSSING,691,642,699,662
1277383217Image000001.jpg,24,26,PASS_RIGHT_SIDE,265,679,289,705
1277383217Image000001.jpg,19,20,PASS_RIGHT_SIDE,329,692,348,712
1277383217Image000001.jpg,17,15,PEDESTRIAN_CROSSING,466,693,483,708
1277383217Image000001.jpg,8,20,PEDESTRIAN_CROSSING,691,642,699,662
1277383217Image000001.jpg,24,26,PASS_RIGHT_SIDE,265,679,289,705
1277383217Image000001.jpg,19,20,PASS_RIGHT_SIDE,329,692,348,712
1277383217Image000001.jpg,17,15,PEDESTRIAN_CROSSING,466,693,483,708
1277383217Image000001.jpg,8,20,PEDESTRIAN_CROSSING,691,642,699,662
1277106794Image000031.jpg,62,66,NO_STOPPING_NO_STANDING,572,267,634,333
1277106794Image000031.jpg,46,46,PRIORITY_ROAD,586,331,632,377
1277106794Image000031.jpg,11,10,GIVE_WAY,399,403,410,413
1277106794Image000031.jpg,9,9,PASS_RIGHT_SIDE,401,412,410,421
1277106794Image000031.jpg,10,11,PEDESTRIAN_CROSSING,431,402,441,413
1277106794Image000031.jpg,12,11,PEDESTRIAN_CROSSING,247,414,259,425
1277106794Image000031.jpg,62,66,NO_STOPPING_NO_STANDING,572,267,634,333
1277106794Image000031.jpg,46,46,PRIORITY_ROAD,586,331,632,377
1277106794Image000031.jpg,11,10,GIVE_WAY,399,403,410,413
1277106794Image000031.jpg,9,9,PASS_RIGHT_SIDE,401,412,410,421
1277106794Image000031.jpg,10,11,PEDESTRIAN_CROSSING,431,402,441,413
1277106794Image000031.jpg,12,11,PEDESTRIAN_CROSSING,247,414,259,425
1277106794Image000031.jpg,62,66,NO_STOPPING_NO_STANDING,572,267,634,333
1277106794Image000031.jpg,46,46,PRIORITY_ROAD,586,331,632,377
1277106794Image000031.jpg,11,10,GIVE_WAY,399,403,410,413
1277106794Image000031.jpg,9,9,PASS_RIGHT_SIDE,401,412,410,421
1277106794Image000031.jpg,10,11,PEDESTRIAN_CROSSING,431,402,441,413
1277106794Image000031.jpg,12,11,PEDESTRIAN_CROSSING,247,414,259,425
1277106794Image000031.jpg,62,66,NO_STOPPING_NO_STANDING,572,267,634,333
1277106794Image000031.jpg,46,46,PRIORITY_ROAD,586,331,632,377
1277106794Image000031.jpg,11,10,GIVE_WAY,399,403,410,413
1277106794Image000031.jpg,9,9,PASS_RIGHT_SIDE,401,412,410,421
1277106794Image000031.jpg,10,11,PEDESTRIAN_CROSSING,431,402,441,413
1277106794Image000031.jpg,12,11,PEDESTRIAN_CROSSING,247,414,259,425
1277106794Image000031.jpg,62,66,NO_STOPPING_NO_STANDING,572,267,634,333
1277106794Image000031.jpg,46,46,PRIORITY_ROAD,586,331,632,377
1277106794Image000031.jpg,11,10,GIVE_WAY,399,403,410,413
1277106794Image000031.jpg,9,9,PASS_RIGHT_SIDE,401,412,410,421
1277106794Image000031.jpg,10,11,PEDESTRIAN_CROSSING,431,402,441,413
1277106794Image000031.jpg,12,11,PEDESTRIAN_CROSSING,247,414,259,425
1277106794Image000031.jpg,62,66,NO_STOPPING_NO_STANDING,572,267,634,333
1277106794Image000031.jpg,46,46,PRIORITY_ROAD,586,331,632,377
1277106794Image000031.jpg,11,10,GIVE_WAY,399,403,410,413
1277106794Image000031.jpg,9,9,PASS_RIGHT_SIDE,401,412,410,421
1277106794Image000031.jpg,10,11,PEDESTRIAN_CROSSING,431,402,441,413
1277106794Image000031.jpg,12,11,PEDESTRIAN_CROSSING,247,414,259,425
1277106794Image000031.jpg,62,66,NO_STOPPING_NO_STANDING,572,267,634,333
1277106794Image000031.jpg,46,46,PRIORITY_ROAD,586,331,632,377
1277106794Image000031.jpg,11,10,GIVE_WAY,399,403,410,413
1277106794Image000031.jpg,9,9,PASS_RIGHT_SIDE,401,412,410,421
1277106794Image000031.jpg,10,11,PEDESTRIAN_CROSSING,431,402,441,413
1277106794Image000031.jpg,12,11,PEDESTRIAN_CROSSING,247,414,259,425
1277383292Image000078.jpg,40,40,PRIORITY_ROAD,487,636,527,676
1277383292Image000078.jpg,40,40,PRIORITY_ROAD,487,636,527,676
1277107280Image000036.jpg,23,22,50_SIGN,417,415,440,437
1277107280Image000036.jpg,19,21,50_SIGN,2,435,21,456
1277107280Image000036.jpg,23,22,50_SIGN,417,415,440,437
1277107280Image000036.jpg,19,21,50_SIGN,2,435,21,456
1277107280Image000036.jpg,23,22,50_SIGN,417,415,440,437
1277107280Image000036.jpg,19,21,50_SIGN,2,435,21,456
1277106640Image000039.jpg,37,39,80_SIGN,528,363,565,402
1277106640Image000039.jpg,35,35,PRIORITY_ROAD,531,404,566,439
1277106640Image000039.jpg,37,39,80_SIGN,528,363,565,402
1277106640Image000039.jpg,35,35,PRIORITY_ROAD,531,404,566,439
1277106640Image000039.jpg,37,39,80_SIGN,528,363,565,402
1277106640Image000039.jpg,35,35,PRIORITY_ROAD,531,404,566,439
1277107205Image000012.jpg,26,23,80_SIGN,353,434,379,457
1277105397Image000077.jpg,20,21,80_SIGN,353,429,373,450
1277391635Image000051.jpg,14,11,URDBL,519,791,533,802
1277391635Image000051.jpg,14,11,URDBL,519,791,533,802
1277108194Image000092.jpg,138,150,50_SIGN,1135,244,1273,394
1277108194Image000092.jpg,30,29,PASS_RIGHT_SIDE,191,506,221,535
1277108194Image000092.jpg,18,17,PEDESTRIAN_CROSSING,274,516,292,533
1277108194Image000092.jpg,16,17,PASS_RIGHT_SIDE,275,535,291,552
1277108194Image000092.jpg,138,150,50_SIGN,1135,244,1273,394
1277108194Image000092.jpg,30,29,PASS_RIGHT_SIDE,191,506,221,535
1277108194Image000092.jpg,18,17,PEDESTRIAN_CROSSING,274,516,292,533
1277108194Image000092.jpg,16,17,PASS_RIGHT_SIDE,275,535,291,552
1277108194Image000092.jpg,138,150,50_SIGN,1135,244,1273,394
1277108194Image000092.jpg,30,29,PASS_RIGHT_SIDE,191,506,221,535
1277108194Image000092.jpg,18,17,PEDESTRIAN_CROSSING,274,516,292,533
1277108194Image000092.jpg,16,17,PASS_RIGHT_SIDE,275,535,291,552
1277108194Image000092.jpg,138,150,50_SIGN,1135,244,1273,394
1277108194Image000092.jpg,30,29,PASS_RIGHT_SIDE,191,506,221,535
1277108194Image000092.jpg,18,17,PEDESTRIAN_CROSSING,274,516,292,533
1277108194Image000092.jpg,16,17,PASS_RIGHT_SIDE,275,535,291,552
1277108194Image000092.jpg,138,150,50_SIGN,1135,244,1273,394
1277108194Image000092.jpg,30,29,PASS_RIGHT_SIDE,191,506,221,535
1277108194Image000092.jpg,18,17,PEDESTRIAN_CROSSING,274,516,292,533
1277108194Image000092.jpg,16,17,PASS_RIGHT_SIDE,275,535,291,552
1277106524Image000002.jpg,20,19,80_SIGN,398,407,418,426
1277106524Image000002.jpg,16,16,PRIORITY_ROAD,402,427,418,443
1277106524Image000002.jpg,20,19,80_SIGN,398,407,418,426
1277106524Image000002.jpg,16,16,PRIORITY_ROAD,402,427,418,443
1277106524Image000002.jpg,20,19,80_SIGN,398,407,418,426
1277106524Image000002.jpg,16,16,PRIORITY_ROAD,402,427,418,443
1277383542Image000016.jpg,78,77,70_SIGN,763,505,841,582
1277383542Image000016.jpg,78,77,70_SIGN,763,505,841,582
1277384810Image000026.jpg,89,92,100_SIGN,1013,470,1102,562
1277384810Image000026.jpg,83,87,PRIORITY_ROAD,1025,564,1108,651
1277384810Image000026.jpg,89,92,100_SIGN,1013,470,1102,562
1277384810Image000026.jpg,83,87,PRIORITY_ROAD,1025,564,1108,651
1277387680Image000031.jpg,9,10,PRIORITY_ROAD,709,766,718,776
1277387680Image000031.jpg,9,10,PRIORITY_ROAD,709,766,718,776
1277384455Image000027.jpg,7,11,GIVE_WAY,466,712,473,723
1277384455Image000027.jpg,8,7,80_SIGN,498,684,506,691
1277384455Image000027.jpg,8,8,OTHER,499,692,507,700
1277384455Image000027.jpg,7,6,PRIORITY_ROAD,500,702,507,708
1277384455Image000027.jpg,8,8,OTHER,326,697,334,705
1277384455Image000027.jpg,7,11,GIVE_WAY,466,712,473,723
1277384455Image000027.jpg,8,7,80_SIGN,498,684,506,691
1277384455Image000027.jpg,8,8,OTHER,499,692,507,700
1277384455Image000027.jpg,7,6,PRIORITY_ROAD,500,702,507,708
1277384455Image000027.jpg,8,8,OTHER,326,697,334,705
1277384455Image000027.jpg,7,11,GIVE_WAY,466,712,473,723
1277384455Image000027.jpg,8,7,80_SIGN,498,684,506,691
1277384455Image000027.jpg,8,8,OTHER,499,692,507,700
1277384455Image000027.jpg,7,6,PRIORITY_ROAD,500,702,507,708
1277384455Image000027.jpg,8,8,OTHER,326,697,334,705
1277384455Image000027.jpg,7,11,GIVE_WAY,466,712,473,723
1277384455Image000027.jpg,8,7,80_SIGN,498,684,506,691
1277384455Image000027.jpg,8,8,OTHER,499,692,507,700
1277384455Image000027.jpg,7,6,PRIORITY_ROAD,500,702,507,708
1277384455Image000027.jpg,8,8,OTHER,326,697,334,705
1277384455Image000027.jpg,7,11,GIVE_WAY,466,712,473,723
1277384455Image000027.jpg,8,7,80_SIGN,498,684,506,691
1277384455Image000027.jpg,8,8,OTHER,499,692,507,700
1277384455Image000027.jpg,7,6,PRIORITY_ROAD,500,702,507,708
1277384455Image000027.jpg,8,8,OTHER,326,697,334,705
1277384455Image000027.jpg,7,11,GIVE_WAY,466,712,473,723
1277384455Image000027.jpg,8,7,80_SIGN,498,684,506,691
1277384455Image000027.jpg,8,8,OTHER,499,692,507,700
1277384455Image000027.jpg,7,6,PRIORITY_ROAD,500,702,507,708
1277384455Image000027.jpg,8,8,OTHER,326,697,334,705
1277391761Image000022.jpg,30,25,OTHER,607,742,637,767
1277391761Image000022.jpg,30,25,OTHER,607,742,637,767
1277387802Image000028.jpg,30,34,PEDESTRIAN_CROSSING,774,662,804,696
1277387802Image000028.jpg,19,24,PEDESTRIAN_CROSSING,397,706,416,730
1277387802Image000028.jpg,30,34,PEDESTRIAN_CROSSING,774,662,804,696
1277387802Image000028.jpg,19,24,PEDESTRIAN_CROSSING,397,706,416,730
1277387802Image000028.jpg,30,34,PEDESTRIAN_CROSSING,774,662,804,696
1277387802Image000028.jpg,19,24,PEDESTRIAN_CROSSING,397,706,416,730
1277389179Image000021.jpg,11,11,120_SIGN,726,769,737,780
1277108843Image000008.jpg,7,7,PEDESTRIAN_CROSSING,280,560,287,567
1277108843Image000008.jpg,8,6,PASS_RIGHT_SIDE,280,568,288,574
1277108843Image000008.jpg,8,7,GIVE_WAY,363,564,371,571
1277108843Image000008.jpg,8,7,OTHER,364,571,372,578
1277108843Image000008.jpg,5,7,GIVE_WAY,462,560,467,567
1277108843Image000008.jpg,6,6,OTHER,462,565,468,571
1277108843Image000008.jpg,7,7,PEDESTRIAN_CROSSING,280,560,287,567
1277108843Image000008.jpg,8,6,PASS_RIGHT_SIDE,280,568,288,574
1277108843Image000008.jpg,8,7,GIVE_WAY,363,564,371,571
1277108843Image000008.jpg,8,7,OTHER,364,571,372,578
1277108843Image000008.jpg,5,7,GIVE_WAY,462,560,467,567
1277108843Image000008.jpg,6,6,OTHER,462,565,468,571
1277108843Image000008.jpg,7,7,PEDESTRIAN_CROSSING,280,560,287,567
1277108843Image000008.jpg,8,6,PASS_RIGHT_SIDE,280,568,288,574
1277108843Image000008.jpg,8,7,GIVE_WAY,363,564,371,571
1277108843Image000008.jpg,8,7,OTHER,364,571,372,578
1277108843Image000008.jpg,5,7,GIVE_WAY,462,560,467,567
1277108843Image000008.jpg,6,6,OTHER,462,565,468,571
1277108843Image000008.jpg,7,7,PEDESTRIAN_CROSSING,280,560,287,567
1277108843Image000008.jpg,8,6,PASS_RIGHT_SIDE,280,568,288,574
1277108843Image000008.jpg,8,7,GIVE_WAY,363,564,371,571
1277108843Image000008.jpg,8,7,OTHER,364,571,372,578
1277108843Image000008.jpg,5,7,GIVE_WAY,462,560,467,567
1277108843Image000008.jpg,6,6,OTHER,462,565,468,571
1277108843Image000008.jpg,7,7,PEDESTRIAN_CROSSING,280,560,287,567
1277108843Image000008.jpg,8,6,PASS_RIGHT_SIDE,280,568,288,574
1277108843Image000008.jpg,8,7,GIVE_WAY,363,564,371,571
1277108843Image000008.jpg,8,7,OTHER,364,571,372,578
1277108843Image000008.jpg,5,7,GIVE_WAY,462,560,467,567
1277108843Image000008.jpg,6,6,OTHER,462,565,468,571
1277108843Image000008.jpg,7,7,PEDESTRIAN_CROSSING,280,560,287,567
1277108843Image000008.jpg,8,6,PASS_RIGHT_SIDE,280,568,288,574
1277108843Image000008.jpg,8,7,GIVE_WAY,363,564,371,571
1277108843Image000008.jpg,8,7,OTHER,364,571,372,578
1277108843Image000008.jpg,5,7,GIVE_WAY,462,560,467,567
1277108843Image000008.jpg,6,6,OTHER,462,565,468,571
1277108843Image000008.jpg,7,7,PEDESTRIAN_CROSSING,280,560,287,567
1277108843Image000008.jpg,8,6,PASS_RIGHT_SIDE,280,568,288,574
1277108843Image000008.jpg,8,7,GIVE_WAY,363,564,371,571
1277108843Image000008.jpg,8,7,OTHER,364,571,372,578
1277108843Image000008.jpg,5,7,GIVE_WAY,462,560,467,567
1277108843Image000008.jpg,6,6,OTHER,462,565,468,571
1277105397Image000087.jpg,31,29,80_SIGN,385,409,416,438
1277387071Image000001.jpg,34,41,NO_STOPPING_NO_STANDING,1017,582,1051,623
1277387071Image000001.jpg,35,37,PRIORITY_ROAD,1019,627,1054,664
1277387071Image000001.jpg,42,40,OTHER,1012,664,1054,704
1277387071Image000001.jpg,34,41,NO_STOPPING_NO_STANDING,1017,582,1051,623
1277387071Image000001.jpg,35,37,PRIORITY_ROAD,1019,627,1054,664
1277387071Image000001.jpg,42,40,OTHER,1012,664,1054,704
1277387071Image000001.jpg,34,41,NO_STOPPING_NO_STANDING,1017,582,1051,623
1277387071Image000001.jpg,35,37,PRIORITY_ROAD,1019,627,1054,664
1277387071Image000001.jpg,42,40,OTHER,1012,664,1054,704
1277387071Image000001.jpg,34,41,NO_STOPPING_NO_STANDING,1017,582,1051,623
1277387071Image000001.jpg,35,37,PRIORITY_ROAD,1019,627,1054,664
1277387071Image000001.jpg,42,40,OTHER,1012,664,1054,704
1277391792Image000041.jpg,13,13,50_SIGN,661,776,674,789
1277391792Image000041.jpg,8,8,PASS_RIGHT_SIDE,610,764,618,772
1277391792Image000041.jpg,15,15,50_SIGN,436,760,451,775
1277391792Image000041.jpg,13,13,50_SIGN,661,776,674,789
1277391792Image000041.jpg,8,8,PASS_RIGHT_SIDE,610,764,618,772
1277391792Image000041.jpg,15,15,50_SIGN,436,760,451,775
1277391792Image000041.jpg,13,13,50_SIGN,661,776,674,789
1277391792Image000041.jpg,8,8,PASS_RIGHT_SIDE,610,764,618,772
1277391792Image000041.jpg,15,15,50_SIGN,436,760,451,775
1277391792Image000041.jpg,13,13,50_SIGN,661,776,674,789
1277391792Image000041.jpg,8,8,PASS_RIGHT_SIDE,610,764,618,772
1277391792Image000041.jpg,15,15,50_SIGN,436,760,451,775
1277108072Image000026.jpg,69,71,NO_PARKING,873,372,942,443
1277106794Image000036.jpg,100,98,NO_STOPPING_NO_STANDING,843,128,943,226
1277106794Image000036.jpg,81,85,PRIORITY_ROAD,861,229,942,314
1277106794Image000036.jpg,10,11,GIVE_WAY,403,402,413,413
1277106794Image000036.jpg,10,8,PASS_RIGHT_SIDE,404,413,414,421
1277106794Image000036.jpg,13,13,PEDESTRIAN_CROSSING,439,398,452,411
1277106794Image000036.jpg,11,11,PEDESTRIAN_CROSSING,241,413,252,424
1277106794Image000036.jpg,100,98,NO_STOPPING_NO_STANDING,843,128,943,226
1277106794Image000036.jpg,81,85,PRIORITY_ROAD,861,229,942,314
1277106794Image000036.jpg,10,11,GIVE_WAY,403,402,413,413
1277106794Image000036.jpg,10,8,PASS_RIGHT_SIDE,404,413,414,421
1277106794Image000036.jpg,13,13,PEDESTRIAN_CROSSING,439,398,452,411
1277106794Image000036.jpg,11,11,PEDESTRIAN_CROSSING,241,413,252,424
1277106794Image000036.jpg,100,98,NO_STOPPING_NO_STANDING,843,128,943,226
1277106794Image000036.jpg,81,85,PRIORITY_ROAD,861,229,942,314
1277106794Image000036.jpg,10,11,GIVE_WAY,403,402,413,413
1277106794Image000036.jpg,10,8,PASS_RIGHT_SIDE,404,413,414,421
1277106794Image000036.jpg,13,13,PEDESTRIAN_CROSSING,439,398,452,411
1277106794Image000036.jpg,11,11,PEDESTRIAN_CROSSING,241,413,252,424
1277106794Image000036.jpg,100,98,NO_STOPPING_NO_STANDING,843,128,943,226
1277106794Image000036.jpg,81,85,PRIORITY_ROAD,861,229,942,314
1277106794Image000036.jpg,10,11,GIVE_WAY,403,402,413,413
1277106794Image000036.jpg,10,8,PASS_RIGHT_SIDE,404,413,414,421
1277106794Image000036.jpg,13,13,PEDESTRIAN_CROSSING,439,398,452,411
1277106794Image000036.jpg,11,11,PEDESTRIAN_CROSSING,241,413,252,424
1277106794Image000036.jpg,100,98,NO_STOPPING_NO_STANDING,843,128,943,226
1277106794Image000036.jpg,81,85,PRIORITY_ROAD,861,229,942,314
1277106794Image000036.jpg,10,11,GIVE_WAY,403,402,413,413
1277106794Image000036.jpg,10,8,PASS_RIGHT_SIDE,404,413,414,421
1277106794Image000036.jpg,13,13,PEDESTRIAN_CROSSING,439,398,452,411
1277106794Image000036.jpg,11,11,PEDESTRIAN_CROSSING,241,413,252,424
1277106794Image000036.jpg,100,98,NO_STOPPING_NO_STANDING,843,128,943,226
1277106794Image000036.jpg,81,85,PRIORITY_ROAD,861,229,942,314
1277106794Image000036.jpg,10,11,GIVE_WAY,403,402,413,413
1277106794Image000036.jpg,10,8,PASS_RIGHT_SIDE,404,413,414,421
1277106794Image000036.jpg,13,13,PEDESTRIAN_CROSSING,439,398,452,411
1277106794Image000036.jpg,11,11,PEDESTRIAN_CROSSING,241,413,252,424
1277106794Image000036.jpg,100,98,NO_STOPPING_NO_STANDING,843,128,943,226
1277106794Image000036.jpg,81,85,PRIORITY_ROAD,861,229,942,314
1277106794Image000036.jpg,10,11,GIVE_WAY,403,402,413,413
1277106794Image000036.jpg,10,8,PASS_RIGHT_SIDE,404,413,414,421
1277106794Image000036.jpg,13,13,PEDESTRIAN_CROSSING,439,398,452,411
1277106794Image000036.jpg,11,11,PEDESTRIAN_CROSSING,241,413,252,424
1277383307Image000011.jpg,15,19,PEDESTRIAN_CROSSING,235,687,250,706
1277383307Image000011.jpg,20,20,PEDESTRIAN_CROSSING,441,679,461,699
1277383307Image000011.jpg,15,17,PEDESTRIAN_CROSSING,482,687,497,704
1277383307Image000011.jpg,17,18,PEDESTRIAN_CROSSING,686,675,703,693
1277383307Image000011.jpg,15,19,PEDESTRIAN_CROSSING,235,687,250,706
1277383307Image000011.jpg,20,20,PEDESTRIAN_CROSSING,441,679,461,699
1277383307Image000011.jpg,15,17,PEDESTRIAN_CROSSING,482,687,497,704
1277383307Image000011.jpg,17,18,PEDESTRIAN_CROSSING,686,675,703,693
1277383307Image000011.jpg,15,19,PEDESTRIAN_CROSSING,235,687,250,706
1277383307Image000011.jpg,20,20,PEDESTRIAN_CROSSING,441,679,461,699
1277383307Image000011.jpg,15,17,PEDESTRIAN_CROSSING,482,687,497,704
1277383307Image000011.jpg,17,18,PEDESTRIAN_CROSSING,686,675,703,693
1277383307Image000011.jpg,15,19,PEDESTRIAN_CROSSING,235,687,250,706
1277383307Image000011.jpg,20,20,PEDESTRIAN_CROSSING,441,679,461,699
1277383307Image000011.jpg,15,17,PEDESTRIAN_CROSSING,482,687,497,704
1277383307Image000011.jpg,17,18,PEDESTRIAN_CROSSING,686,675,703,693
1277383342Image000027.jpg,15,24,GIVE_WAY,464,670,479,694
1277383342Image000027.jpg,19,17,GIVE_WAY,218,661,237,678
1277383342Image000027.jpg,19,16,OTHER,220,679,239,695
1277383342Image000027.jpg,16,18,PEDESTRIAN_CROSSING,39,676,55,694
1277383342Image000027.jpg,19,17,PASS_RIGHT_SIDE,38,694,57,711
1277383342Image000027.jpg,15,24,GIVE_WAY,464,670,479,694
1277383342Image000027.jpg,19,17,GIVE_WAY,218,661,237,678
1277383342Image000027.jpg,19,16,OTHER,220,679,239,695
1277383342Image000027.jpg,16,18,PEDESTRIAN_CROSSING,39,676,55,694
1277383342Image000027.jpg,19,17,PASS_RIGHT_SIDE,38,694,57,711
1277383342Image000027.jpg,15,24,GIVE_WAY,464,670,479,694
1277383342Image000027.jpg,19,17,GIVE_WAY,218,661,237,678
1277383342Image000027.jpg,19,16,OTHER,220,679,239,695
1277383342Image000027.jpg,16,18,PEDESTRIAN_CROSSING,39,676,55,694
1277383342Image000027.jpg,19,17,PASS_RIGHT_SIDE,38,694,57,711
1277383342Image000027.jpg,15,24,GIVE_WAY,464,670,479,694
1277383342Image000027.jpg,19,17,GIVE_WAY,218,661,237,678
1277383342Image000027.jpg,19,16,OTHER,220,679,239,695
1277383342Image000027.jpg,16,18,PEDESTRIAN_CROSSING,39,676,55,694
1277383342Image000027.jpg,19,17,PASS_RIGHT_SIDE,38,694,57,711
1277383342Image000027.jpg,15,24,GIVE_WAY,464,670,479,694
1277383342Image000027.jpg,19,17,GIVE_WAY,218,661,237,678
1277383342Image000027.jpg,19,16,OTHER,220,679,239,695
1277383342Image000027.jpg,16,18,PEDESTRIAN_CROSSING,39,676,55,694
1277383342Image000027.jpg,19,17,PASS_RIGHT_SIDE,38,694,57,711
1277383342Image000027.jpg,15,24,GIVE_WAY,464,670,479,694
1277383342Image000027.jpg,19,17,GIVE_WAY,218,661,237,678
1277383342Image000027.jpg,19,16,OTHER,220,679,239,695
1277383342Image000027.jpg,16,18,PEDESTRIAN_CROSSING,39,676,55,694
1277383342Image000027.jpg,19,17,PASS_RIGHT_SIDE,38,694,57,711
1277108453Image000128.jpg,140,136,PEDESTRIAN_CROSSING,997,153,1137,289
1277108453Image000128.jpg,43,43,PRIORITY_ROAD,680,473,723,516
1277108453Image000128.jpg,140,136,PEDESTRIAN_CROSSING,997,153,1137,289
1277108453Image000128.jpg,43,43,PRIORITY_ROAD,680,473,723,516
1277391556Image000044.jpg,21,21,110_SIGN,750,747,771,768
1277384698Image000013.jpg,20,19,PASS_RIGHT_SIDE,234,715,254,734
1277384698Image000013.jpg,20,19,PASS_RIGHT_SIDE,234,715,254,734
1277386107Image000012.jpg,26,25,100_SIGN,619,658,645,683
1277386107Image000012.jpg,21,21,PRIORITY_ROAD,621,684,642,705
1277386107Image000012.jpg,26,25,100_SIGN,619,658,645,683
1277386107Image000012.jpg,21,21,PRIORITY_ROAD,621,684,642,705
1277386107Image000012.jpg,26,25,100_SIGN,619,658,645,683
1277386107Image000012.jpg,21,21,PRIORITY_ROAD,621,684,642,705
1277105397Image000062.jpg,14,14,80_SIGN,309,438,323,452
1277105397Image000062.jpg,14,15,80_SIGN,45,442,59,457
1277105397Image000062.jpg,14,14,80_SIGN,309,438,323,452
1277105397Image000062.jpg,14,15,80_SIGN,45,442,59,457
1277383292Image000058.jpg,24,53,PASS_RIGHT_SIDE,967,678,991,731
1277383292Image000058.jpg,23,50,PEDESTRIAN_CROSSING,970,607,993,657
1277383292Image000058.jpg,26,30,PEDESTRIAN_CROSSING,224,685,250,715
1277383292Image000058.jpg,24,53,PASS_RIGHT_SIDE,967,678,991,731
1277383292Image000058.jpg,23,50,PEDESTRIAN_CROSSING,970,607,993,657
1277383292Image000058.jpg,26,30,PEDESTRIAN_CROSSING,224,685,250,715
1277383292Image000058.jpg,24,53,PASS_RIGHT_SIDE,967,678,991,731
1277383292Image000058.jpg,23,50,PEDESTRIAN_CROSSING,970,607,993,657
1277383292Image000058.jpg,26,30,PEDESTRIAN_CROSSING,224,685,250,715
1277105307Image000033.jpg,51,50,70_SIGN,623,377,674,427
1277108658Image000001.jpg,64,63,PEDESTRIAN_CROSSING,596,377,660,440
1277108658Image000001.jpg,23,23,PRIORITY_ROAD,478,533,501,556
1277108658Image000001.jpg,64,63,PEDESTRIAN_CROSSING,596,377,660,440
1277108658Image000001.jpg,23,23,PRIORITY_ROAD,478,533,501,556
1277108658Image000001.jpg,64,63,PEDESTRIAN_CROSSING,596,377,660,440
1277108658Image000001.jpg,23,23,PRIORITY_ROAD,478,533,501,556
1277383326Image000012.jpg,36,34,PEDESTRIAN_CROSSING,214,627,250,661
1277383326Image000012.jpg,40,41,PASS_RIGHT_SIDE,214,669,254,710
1277383326Image000012.jpg,32,32,PEDESTRIAN_CROSSING,245,639,277,671
1277383326Image000012.jpg,34,34,PEDESTRIAN_CROSSING,637,601,671,635
1277383326Image000012.jpg,36,34,PEDESTRIAN_CROSSING,214,627,250,661
1277383326Image000012.jpg,40,41,PASS_RIGHT_SIDE,214,669,254,710
1277383326Image000012.jpg,32,32,PEDESTRIAN_CROSSING,245,639,277,671
1277383326Image000012.jpg,34,34,PEDESTRIAN_CROSSING,637,601,671,635
1277383326Image000012.jpg,36,34,PEDESTRIAN_CROSSING,214,627,250,661
1277383326Image000012.jpg,40,41,PASS_RIGHT_SIDE,214,669,254,710
1277383326Image000012.jpg,32,32,PEDESTRIAN_CROSSING,245,639,277,671
1277383326Image000012.jpg,34,34,PEDESTRIAN_CROSSING,637,601,671,635
1277383326Image000012.jpg,36,34,PEDESTRIAN_CROSSING,214,627,250,661
1277383326Image000012.jpg,40,41,PASS_RIGHT_SIDE,214,669,254,710
1277383326Image000012.jpg,32,32,PEDESTRIAN_CROSSING,245,639,277,671
1277383326Image000012.jpg,34,34,PEDESTRIAN_CROSSING,637,601,671,635
1277383326Image000012.jpg,36,34,PEDESTRIAN_CROSSING,214,627,250,661
1277383326Image000012.jpg,40,41,PASS_RIGHT_SIDE,214,669,254,710
1277383326Image000012.jpg,32,32,PEDESTRIAN_CROSSING,245,639,277,671
1277383326Image000012.jpg,34,34,PEDESTRIAN_CROSSING,637,601,671,635
1277108438Image000021.jpg,41,40,PEDESTRIAN_CROSSING,305,450,346,490
1277108438Image000021.jpg,44,43,PASS_RIGHT_SIDE,304,491,348,534
1277108438Image000021.jpg,21,22,NO_PARKING,524,526,545,548
1277108438Image000021.jpg,41,40,PEDESTRIAN_CROSSING,305,450,346,490
1277108438Image000021.jpg,44,43,PASS_RIGHT_SIDE,304,491,348,534
1277108438Image000021.jpg,21,22,NO_PARKING,524,526,545,548
1277108438Image000021.jpg,41,40,PEDESTRIAN_CROSSING,305,450,346,490
1277108438Image000021.jpg,44,43,PASS_RIGHT_SIDE,304,491,348,534
1277108438Image000021.jpg,21,22,NO_PARKING,524,526,545,548
1277108438Image000021.jpg,41,40,PEDESTRIAN_CROSSING,305,450,346,490
1277108438Image000021.jpg,44,43,PASS_RIGHT_SIDE,304,491,348,534
1277108438Image000021.jpg,21,22,NO_PARKING,524,526,545,548
1277105440Image000051.jpg,100,96,GIVE_WAY,811,283,911,379
1277105440Image000051.jpg,14,36,PASS_RIGHT_SIDE,488,376,502,412
1277105440Image000051.jpg,26,43,NO_PARKING,1243,362,1269,405
1277105440Image000051.jpg,100,96,GIVE_WAY,811,283,911,379
1277105440Image000051.jpg,14,36,PASS_RIGHT_SIDE,488,376,502,412
1277105440Image000051.jpg,26,43,NO_PARKING,1243,362,1269,405
1277105440Image000051.jpg,100,96,GIVE_WAY,811,283,911,379
1277105440Image000051.jpg,14,36,PASS_RIGHT_SIDE,488,376,502,412
1277105440Image000051.jpg,26,43,NO_PARKING,1243,362,1269,405
1277105440Image000051.jpg,100,96,GIVE_WAY,811,283,911,379
1277105440Image000051.jpg,14,36,PASS_RIGHT_SIDE,488,376,502,412
1277105440Image000051.jpg,26,43,NO_PARKING,1243,362,1269,405
1277388031Image000006.jpg,11,13,URDBL,1189,826,1200,839
1277388031Image000006.jpg,17,18,90_SIGN,608,766,625,784
1277388031Image000006.jpg,25,24,OTHER,1023,809,1048,833
1277388031Image000006.jpg,11,13,URDBL,1189,826,1200,839
1277388031Image000006.jpg,17,18,90_SIGN,608,766,625,784
1277388031Image000006.jpg,25,24,OTHER,1023,809,1048,833
1277388031Image000006.jpg,11,13,URDBL,1189,826,1200,839
1277388031Image000006.jpg,17,18,90_SIGN,608,766,625,784
1277388031Image000006.jpg,25,24,OTHER,1023,809,1048,833
1277387838Image000007.jpg,48,50,70_SIGN,1005,652,1053,702
1277387838Image000007.jpg,63,60,PRIORITY_ROAD,1001,704,1064,764
1277387838Image000007.jpg,48,50,70_SIGN,1005,652,1053,702
1277387838Image000007.jpg,63,60,PRIORITY_ROAD,1001,704,1064,764
1277383675Image000044.jpg,109,104,PASS_LEFT_SIDE,491,631,600,735
1277383675Image000044.jpg,109,104,PASS_LEFT_SIDE,491,631,600,735
1277104995Image000031.jpg,78,77,100_SIGN,671,292,749,369
1277104995Image000031.jpg,46,46,PRIORITY_ROAD,690,372,736,418
1277104995Image000031.jpg,78,77,100_SIGN,671,292,749,369
1277104995Image000031.jpg,46,46,PRIORITY_ROAD,690,372,736,418
1277104995Image000031.jpg,78,77,100_SIGN,671,292,749,369
1277104995Image000031.jpg,46,46,PRIORITY_ROAD,690,372,736,418
1277106918Image000052.jpg,11,10,PEDESTRIAN_CROSSING,347,456,358,466
1277106918Image000052.jpg,10,9,PEDESTRIAN_CROSSING,164,466,174,475
1277106918Image000052.jpg,11,10,PEDESTRIAN_CROSSING,347,456,358,466
1277106918Image000052.jpg,10,9,PEDESTRIAN_CROSSING,164,466,174,475
1277106918Image000052.jpg,11,10,PEDESTRIAN_CROSSING,347,456,358,466
1277106918Image000052.jpg,10,9,PEDESTRIAN_CROSSING,164,466,174,475
1277387882Image000057.jpg,45,49,70_SIGN,729,703,774,752
1277387882Image000057.jpg,45,49,70_SIGN,729,703,774,752
1277391792Image000126.jpg,34,38,PASS_RIGHT_SIDE,380,732,414,770
1277391792Image000126.jpg,11,10,PASS_RIGHT_SIDE,508,778,519,788
1277391792Image000126.jpg,34,38,PASS_RIGHT_SIDE,380,732,414,770
1277391792Image000126.jpg,11,10,PASS_RIGHT_SIDE,508,778,519,788
1277391792Image000126.jpg,34,38,PASS_RIGHT_SIDE,380,732,414,770
1277391792Image000126.jpg,11,10,PASS_RIGHT_SIDE,508,778,519,788
1277381655Image000022.jpg,75,77,PRIORITY_ROAD,840,349,915,426
1277104511Image000006.jpg,14,13,100_SIGN,223,455,237,468
1277104511Image000006.jpg,13,11,PRIORITY_ROAD,224,468,237,479
1277104511Image000006.jpg,13,13,PASS_RIGHT_SIDE,133,465,146,478
1277104511Image000006.jpg,14,13,100_SIGN,223,455,237,468
1277104511Image000006.jpg,13,11,PRIORITY_ROAD,224,468,237,479
1277104511Image000006.jpg,13,13,PASS_RIGHT_SIDE,133,465,146,478
1277104511Image000006.jpg,14,13,100_SIGN,223,455,237,468
1277104511Image000006.jpg,13,11,PRIORITY_ROAD,224,468,237,479
1277104511Image000006.jpg,13,13,PASS_RIGHT_SIDE,133,465,146,478
1277104511Image000006.jpg,14,13,100_SIGN,223,455,237,468
1277104511Image000006.jpg,13,11,PRIORITY_ROAD,224,468,237,479
1277104511Image000006.jpg,13,13,PASS_RIGHT_SIDE,133,465,146,478
1277384616Image000062.jpg,35,36,PASS_RIGHT_SIDE,139,656,174,692
1277108574Image000025.jpg,58,56,PEDESTRIAN_CROSSING,659,423,717,479
1277108574Image000025.jpg,34,33,PEDESTRIAN_CROSSING,10,495,44,528
1277108574Image000025.jpg,58,56,PEDESTRIAN_CROSSING,659,423,717,479
1277108574Image000025.jpg,34,33,PEDESTRIAN_CROSSING,10,495,44,528
1277108574Image000025.jpg,58,56,PEDESTRIAN_CROSSING,659,423,717,479
1277108574Image000025.jpg,34,33,PEDESTRIAN_CROSSING,10,495,44,528
1277387802Image000023.jpg,25,31,PEDESTRIAN_CROSSING,762,685,787,716
1277387802Image000023.jpg,19,23,PEDESTRIAN_CROSSING,426,720,445,743
1277387802Image000023.jpg,25,31,PEDESTRIAN_CROSSING,762,685,787,716
1277387802Image000023.jpg,19,23,PEDESTRIAN_CROSSING,426,720,445,743
1277387802Image000023.jpg,25,31,PEDESTRIAN_CROSSING,762,685,787,716
1277387802Image000023.jpg,19,23,PEDESTRIAN_CROSSING,426,720,445,743
1277385964Image000002.jpg,47,49,100_SIGN,776,617,823,666
1277385964Image000002.jpg,39,43,PRIORITY_ROAD,783,669,822,712
1277385964Image000002.jpg,23,22,PASS_RIGHT_SIDE,245,710,268,732
1277385964Image000002.jpg,47,49,100_SIGN,776,617,823,666
1277385964Image000002.jpg,39,43,PRIORITY_ROAD,783,669,822,712
1277385964Image000002.jpg,23,22,PASS_RIGHT_SIDE,245,710,268,732
1277385964Image000002.jpg,47,49,100_SIGN,776,617,823,666
1277385964Image000002.jpg,39,43,PRIORITY_ROAD,783,669,822,712
1277385964Image000002.jpg,23,22,PASS_RIGHT_SIDE,245,710,268,732
1277385964Image000002.jpg,47,49,100_SIGN,776,617,823,666
1277385964Image000002.jpg,39,43,PRIORITY_ROAD,783,669,822,712
1277385964Image000002.jpg,23,22,PASS_RIGHT_SIDE,245,710,268,732
1277108504Image000036.jpg,79,72,PEDESTRIAN_CROSSING,835,469,914,541
1277108504Image000036.jpg,19,20,NO_PARKING,452,528,471,548
1277108504Image000036.jpg,79,72,PEDESTRIAN_CROSSING,835,469,914,541
1277108504Image000036.jpg,19,20,NO_PARKING,452,528,471,548
1277104432Image000088.jpg,18,15,70_SIGN,317,452,335,467
1277104432Image000088.jpg,12,12,PASS_RIGHT_SIDE,190,474,202,486
1277104432Image000088.jpg,17,16,70_SIGN,9,459,26,475
1277104432Image000088.jpg,9,9,70_SIGN,281,474,290,483
1277104432Image000088.jpg,7,7,PRIORITY_ROAD,284,482,291,489
1277104432Image000088.jpg,18,15,70_SIGN,317,452,335,467
1277104432Image000088.jpg,12,12,PASS_RIGHT_SIDE,190,474,202,486
1277104432Image000088.jpg,17,16,70_SIGN,9,459,26,475
1277104432Image000088.jpg,9,9,70_SIGN,281,474,290,483
1277104432Image000088.jpg,7,7,PRIORITY_ROAD,284,482,291,489
1277104432Image000088.jpg,18,15,70_SIGN,317,452,335,467
1277104432Image000088.jpg,12,12,PASS_RIGHT_SIDE,190,474,202,486
1277104432Image000088.jpg,17,16,70_SIGN,9,459,26,475
1277104432Image000088.jpg,9,9,70_SIGN,281,474,290,483
1277104432Image000088.jpg,7,7,PRIORITY_ROAD,284,482,291,489
1277104432Image000088.jpg,18,15,70_SIGN,317,452,335,467
1277104432Image000088.jpg,12,12,PASS_RIGHT_SIDE,190,474,202,486
1277104432Image000088.jpg,17,16,70_SIGN,9,459,26,475
1277104432Image000088.jpg,9,9,70_SIGN,281,474,290,483
1277104432Image000088.jpg,7,7,PRIORITY_ROAD,284,482,291,489
1277104432Image000088.jpg,18,15,70_SIGN,317,452,335,467
1277104432Image000088.jpg,12,12,PASS_RIGHT_SIDE,190,474,202,486
1277104432Image000088.jpg,17,16,70_SIGN,9,459,26,475
1277104432Image000088.jpg,9,9,70_SIGN,281,474,290,483
1277104432Image000088.jpg,7,7,PRIORITY_ROAD,284,482,291,489
1277104432Image000088.jpg,18,15,70_SIGN,317,452,335,467
1277104432Image000088.jpg,12,12,PASS_RIGHT_SIDE,190,474,202,486
1277104432Image000088.jpg,17,16,70_SIGN,9,459,26,475
1277104432Image000088.jpg,9,9,70_SIGN,281,474,290,483
1277104432Image000088.jpg,7,7,PRIORITY_ROAD,284,482,291,489
1277387167Image000007.jpg,30,40,PRIORITY_ROAD,839,656,869,696
1277387167Image000007.jpg,47,52,NO_STOPPING_NO_STANDING,836,692,883,744
1277387167Image000007.jpg,30,40,PRIORITY_ROAD,839,656,869,696
1277387167Image000007.jpg,47,52,NO_STOPPING_NO_STANDING,836,692,883,744
1277387882Image000067.jpg,81,87,70_SIGN,926,624,1007,711
1277387882Image000067.jpg,81,87,70_SIGN,926,624,1007,711
1277387847Image000006.jpg,22,43,OTHER,964,675,986,718
1277387847Image000006.jpg,16,32,OTHER,825,698,841,730
1277387847Image000006.jpg,15,26,OTHER,782,721,797,747
1277387847Image000006.jpg,22,43,OTHER,964,675,986,718
1277387847Image000006.jpg,16,32,OTHER,825,698,841,730
1277387847Image000006.jpg,15,26,OTHER,782,721,797,747
1277387847Image000006.jpg,22,43,OTHER,964,675,986,718
1277387847Image000006.jpg,16,32,OTHER,825,698,841,730
1277387847Image000006.jpg,15,26,OTHER,782,721,797,747
1277387847Image000006.jpg,22,43,OTHER,964,675,986,718
1277387847Image000006.jpg,16,32,OTHER,825,698,841,730
1277387847Image000006.jpg,15,26,OTHER,782,721,797,747
1277387195Image000001.jpg,35,37,PRIORITY_ROAD,736,660,771,697
1277387195Image000001.jpg,43,40,NO_STOPPING_NO_STANDING,737,697,780,737
1277387195Image000001.jpg,35,37,PRIORITY_ROAD,736,660,771,697
1277387195Image000001.jpg,43,40,NO_STOPPING_NO_STANDING,737,697,780,737
1277391703Image000048.jpg,33,32,50_SIGN,837,718,870,750
1277391703Image000048.jpg,33,33,50_SIGN,126,767,159,800
1277391703Image000048.jpg,33,32,50_SIGN,837,718,870,750
1277391703Image000048.jpg,33,33,50_SIGN,126,767,159,800
1277391703Image000048.jpg,33,32,50_SIGN,837,718,870,750
1277391703Image000048.jpg,33,33,50_SIGN,126,767,159,800
1277105585Image000027.jpg,79,86,80_SIGN,932,269,1011,355
1277105585Image000027.jpg,73,79,PRIORITY_ROAD,933,368,1006,447
1277105585Image000027.jpg,79,86,80_SIGN,932,269,1011,355
1277105585Image000027.jpg,73,79,PRIORITY_ROAD,933,368,1006,447
1277105585Image000027.jpg,79,86,80_SIGN,932,269,1011,355
1277105585Image000027.jpg,73,79,PRIORITY_ROAD,933,368,1006,447
1277391792Image000066.jpg,24,22,50_SIGN,708,772,732,794
1277391792Image000066.jpg,13,12,PASS_RIGHT_SIDE,610,757,623,769
1277391792Image000066.jpg,25,22,50_SIGN,290,744,315,766
1277391792Image000066.jpg,24,22,50_SIGN,708,772,732,794
1277391792Image000066.jpg,13,12,PASS_RIGHT_SIDE,610,757,623,769
1277391792Image000066.jpg,25,22,50_SIGN,290,744,315,766
1277391792Image000066.jpg,24,22,50_SIGN,708,772,732,794
1277391792Image000066.jpg,13,12,PASS_RIGHT_SIDE,610,757,623,769
1277391792Image000066.jpg,25,22,50_SIGN,290,744,315,766
1277391792Image000066.jpg,24,22,50_SIGN,708,772,732,794
1277391792Image000066.jpg,13,12,PASS_RIGHT_SIDE,610,757,623,769
1277391792Image000066.jpg,25,22,50_SIGN,290,744,315,766
1277108877Image000016.jpg,68,70,PEDESTRIAN_CROSSING,92,376,160,446
1277108877Image000016.jpg,73,75,PASS_RIGHT_SIDE,89,446,162,521
1277108877Image000016.jpg,68,70,PEDESTRIAN_CROSSING,92,376,160,446
1277108877Image000016.jpg,73,75,PASS_RIGHT_SIDE,89,446,162,521
1277108851Image000036.jpg,33,35,PEDESTRIAN_CROSSING,268,443,301,478
1277108851Image000036.jpg,41,38,PASS_RIGHT_SIDE,262,480,303,518
1277108851Image000036.jpg,32,34,PEDESTRIAN_CROSSING,679,469,711,503
1277108851Image000036.jpg,28,27,GIVE_WAY,705,507,733,534
1277108851Image000036.jpg,22,23,OTHER,707,534,729,557
1277108851Image000036.jpg,6,14,GIVE_WAY,948,523,954,537
1277108851Image000036.jpg,6,13,OTHER,945,539,951,552
1277108851Image000036.jpg,9,9,80_SIGN,486,542,495,551
1277108851Image000036.jpg,8,10,PRIORITY_ROAD,488,550,496,560
1277108851Image000036.jpg,10,9,80_SIGN,285,543,295,552
1277108851Image000036.jpg,33,35,PEDESTRIAN_CROSSING,268,443,301,478
1277108851Image000036.jpg,41,38,PASS_RIGHT_SIDE,262,480,303,518
1277108851Image000036.jpg,32,34,PEDESTRIAN_CROSSING,679,469,711,503
1277108851Image000036.jpg,28,27,GIVE_WAY,705,507,733,534
1277108851Image000036.jpg,22,23,OTHER,707,534,729,557
1277108851Image000036.jpg,6,14,GIVE_WAY,948,523,954,537
1277108851Image000036.jpg,6,13,OTHER,945,539,951,552
1277108851Image000036.jpg,9,9,80_SIGN,486,542,495,551
1277108851Image000036.jpg,8,10,PRIORITY_ROAD,488,550,496,560
1277108851Image000036.jpg,10,9,80_SIGN,285,543,295,552
1277108851Image000036.jpg,33,35,PEDESTRIAN_CROSSING,268,443,301,478
1277108851Image000036.jpg,41,38,PASS_RIGHT_SIDE,262,480,303,518
1277108851Image000036.jpg,32,34,PEDESTRIAN_CROSSING,679,469,711,503
1277108851Image000036.jpg,28,27,GIVE_WAY,705,507,733,534
1277108851Image000036.jpg,22,23,OTHER,707,534,729,557
1277108851Image000036.jpg,6,14,GIVE_WAY,948,523,954,537
1277108851Image000036.jpg,6,13,OTHER,945,539,951,552
1277108851Image000036.jpg,9,9,80_SIGN,486,542,495,551
1277108851Image000036.jpg,8,10,PRIORITY_ROAD,488,550,496,560
1277108851Image000036.jpg,10,9,80_SIGN,285,543,295,552
1277108851Image000036.jpg,33,35,PEDESTRIAN_CROSSING,268,443,301,478
1277108851Image000036.jpg,41,38,PASS_RIGHT_SIDE,262,480,303,518
1277108851Image000036.jpg,32,34,PEDESTRIAN_CROSSING,679,469,711,503
1277108851Image000036.jpg,28,27,GIVE_WAY,705,507,733,534
1277108851Image000036.jpg,22,23,OTHER,707,534,729,557
1277108851Image000036.jpg,6,14,GIVE_WAY,948,523,954,537
1277108851Image000036.jpg,6,13,OTHER,945,539,951,552
1277108851Image000036.jpg,9,9,80_SIGN,486,542,495,551
1277108851Image000036.jpg,8,10,PRIORITY_ROAD,488,550,496,560
1277108851Image000036.jpg,10,9,80_SIGN,285,543,295,552
1277108851Image000036.jpg,33,35,PEDESTRIAN_CROSSING,268,443,301,478
1277108851Image000036.jpg,41,38,PASS_RIGHT_SIDE,262,480,303,518
1277108851Image000036.jpg,32,34,PEDESTRIAN_CROSSING,679,469,711,503
1277108851Image000036.jpg,28,27,GIVE_WAY,705,507,733,534
1277108851Image000036.jpg,22,23,OTHER,707,534,729,557
1277108851Image000036.jpg,6,14,GIVE_WAY,948,523,954,537
1277108851Image000036.jpg,6,13,OTHER,945,539,951,552
1277108851Image000036.jpg,9,9,80_SIGN,486,542,495,551
1277108851Image000036.jpg,8,10,PRIORITY_ROAD,488,550,496,560
1277108851Image000036.jpg,10,9,80_SIGN,285,543,295,552
1277108851Image000036.jpg,33,35,PEDESTRIAN_CROSSING,268,443,301,478
1277108851Image000036.jpg,41,38,PASS_RIGHT_SIDE,262,480,303,518
1277108851Image000036.jpg,32,34,PEDESTRIAN_CROSSING,679,469,711,503
1277108851Image000036.jpg,28,27,GIVE_WAY,705,507,733,534
1277108851Image000036.jpg,22,23,OTHER,707,534,729,557
1277108851Image000036.jpg,6,14,GIVE_WAY,948,523,954,537
1277108851Image000036.jpg,6,13,OTHER,945,539,951,552
1277108851Image000036.jpg,9,9,80_SIGN,486,542,495,551
1277108851Image000036.jpg,8,10,PRIORITY_ROAD,488,550,496,560
1277108851Image000036.jpg,10,9,80_SIGN,285,543,295,552
1277108851Image000036.jpg,33,35,PEDESTRIAN_CROSSING,268,443,301,478
1277108851Image000036.jpg,41,38,PASS_RIGHT_SIDE,262,480,303,518
1277108851Image000036.jpg,32,34,PEDESTRIAN_CROSSING,679,469,711,503
1277108851Image000036.jpg,28,27,GIVE_WAY,705,507,733,534
1277108851Image000036.jpg,22,23,OTHER,707,534,729,557
1277108851Image000036.jpg,6,14,GIVE_WAY,948,523,954,537
1277108851Image000036.jpg,6,13,OTHER,945,539,951,552
1277108851Image000036.jpg,9,9,80_SIGN,486,542,495,551
1277108851Image000036.jpg,8,10,PRIORITY_ROAD,488,550,496,560
1277108851Image000036.jpg,10,9,80_SIGN,285,543,295,552
1277108851Image000036.jpg,33,35,PEDESTRIAN_CROSSING,268,443,301,478
1277108851Image000036.jpg,41,38,PASS_RIGHT_SIDE,262,480,303,518
1277108851Image000036.jpg,32,34,PEDESTRIAN_CROSSING,679,469,711,503
1277108851Image000036.jpg,28,27,GIVE_WAY,705,507,733,534
1277108851Image000036.jpg,22,23,OTHER,707,534,729,557
1277108851Image000036.jpg,6,14,GIVE_WAY,948,523,954,537
1277108851Image000036.jpg,6,13,OTHER,945,539,951,552
1277108851Image000036.jpg,9,9,80_SIGN,486,542,495,551
1277108851Image000036.jpg,8,10,PRIORITY_ROAD,488,550,496,560
1277108851Image000036.jpg,10,9,80_SIGN,285,543,295,552
1277108851Image000036.jpg,33,35,PEDESTRIAN_CROSSING,268,443,301,478
1277108851Image000036.jpg,41,38,PASS_RIGHT_SIDE,262,480,303,518
1277108851Image000036.jpg,32,34,PEDESTRIAN_CROSSING,679,469,711,503
1277108851Image000036.jpg,28,27,GIVE_WAY,705,507,733,534
1277108851Image000036.jpg,22,23,OTHER,707,534,729,557
1277108851Image000036.jpg,6,14,GIVE_WAY,948,523,954,537
1277108851Image000036.jpg,6,13,OTHER,945,539,951,552
1277108851Image000036.jpg,9,9,80_SIGN,486,542,495,551
1277108851Image000036.jpg,8,10,PRIORITY_ROAD,488,550,496,560
1277108851Image000036.jpg,10,9,80_SIGN,285,543,295,552
1277108851Image000036.jpg,33,35,PEDESTRIAN_CROSSING,268,443,301,478
1277108851Image000036.jpg,41,38,PASS_RIGHT_SIDE,262,480,303,518
1277108851Image000036.jpg,32,34,PEDESTRIAN_CROSSING,679,469,711,503
1277108851Image000036.jpg,28,27,GIVE_WAY,705,507,733,534
1277108851Image000036.jpg,22,23,OTHER,707,534,729,557
1277108851Image000036.jpg,6,14,GIVE_WAY,948,523,954,537
1277108851Image000036.jpg,6,13,OTHER,945,539,951,552
1277108851Image000036.jpg,9,9,80_SIGN,486,542,495,551
1277108851Image000036.jpg,8,10,PRIORITY_ROAD,488,550,496,560
1277108851Image000036.jpg,10,9,80_SIGN,285,543,295,552
1277108851Image000036.jpg,33,35,PEDESTRIAN_CROSSING,268,443,301,478
1277108851Image000036.jpg,41,38,PASS_RIGHT_SIDE,262,480,303,518
1277108851Image000036.jpg,32,34,PEDESTRIAN_CROSSING,679,469,711,503
1277108851Image000036.jpg,28,27,GIVE_WAY,705,507,733,534
1277108851Image000036.jpg,22,23,OTHER,707,534,729,557
1277108851Image000036.jpg,6,14,GIVE_WAY,948,523,954,537
1277108851Image000036.jpg,6,13,OTHER,945,539,951,552
1277108851Image000036.jpg,9,9,80_SIGN,486,542,495,551
1277108851Image000036.jpg,8,10,PRIORITY_ROAD,488,550,496,560
1277108851Image000036.jpg,10,9,80_SIGN,285,543,295,552
1277391816Image000112.jpg,9,8,URDBL,713,755,722,763
1277391816Image000112.jpg,6,7,PRIORITY_ROAD,714,762,720,769
1277391816Image000112.jpg,12,13,PASS_RIGHT_SIDE,595,755,607,768
1277391816Image000112.jpg,9,8,URDBL,713,755,722,763
1277391816Image000112.jpg,6,7,PRIORITY_ROAD,714,762,720,769
1277391816Image000112.jpg,12,13,PASS_RIGHT_SIDE,595,755,607,768
1277391816Image000112.jpg,9,8,URDBL,713,755,722,763
1277391816Image000112.jpg,6,7,PRIORITY_ROAD,714,762,720,769
1277391816Image000112.jpg,12,13,PASS_RIGHT_SIDE,595,755,607,768
1277391816Image000112.jpg,9,8,URDBL,713,755,722,763
1277391816Image000112.jpg,6,7,PRIORITY_ROAD,714,762,720,769
1277391816Image000112.jpg,12,13,PASS_RIGHT_SIDE,595,755,607,768
1277108072Image000001.jpg,36,35,NO_PARKING,611,489,647,524
1277387189Image000036.jpg,96,93,PRIORITY_ROAD,1072,349,1168,442
1277387189Image000036.jpg,120,113,NO_STOPPING_NO_STANDING,1072,447,1192,560
1277387189Image000036.jpg,14,15,PRIORITY_ROAD,686,733,700,748
1277387189Image000036.jpg,19,20,OTHER,685,747,704,767
1277387189Image000036.jpg,96,93,PRIORITY_ROAD,1072,349,1168,442
1277387189Image000036.jpg,120,113,NO_STOPPING_NO_STANDING,1072,447,1192,560
1277387189Image000036.jpg,14,15,PRIORITY_ROAD,686,733,700,748
1277387189Image000036.jpg,19,20,OTHER,685,747,704,767
1277387189Image000036.jpg,96,93,PRIORITY_ROAD,1072,349,1168,442
1277387189Image000036.jpg,120,113,NO_STOPPING_NO_STANDING,1072,447,1192,560
1277387189Image000036.jpg,14,15,PRIORITY_ROAD,686,733,700,748
1277387189Image000036.jpg,19,20,OTHER,685,747,704,767
1277387189Image000036.jpg,96,93,PRIORITY_ROAD,1072,349,1168,442
1277387189Image000036.jpg,120,113,NO_STOPPING_NO_STANDING,1072,447,1192,560
1277387189Image000036.jpg,14,15,PRIORITY_ROAD,686,733,700,748
1277387189Image000036.jpg,19,20,OTHER,685,747,704,767
1277387189Image000036.jpg,96,93,PRIORITY_ROAD,1072,349,1168,442
1277387189Image000036.jpg,120,113,NO_STOPPING_NO_STANDING,1072,447,1192,560
1277387189Image000036.jpg,14,15,PRIORITY_ROAD,686,733,700,748
1277387189Image000036.jpg,19,20,OTHER,685,747,704,767
1277105440Image000026.jpg,43,38,GIVE_WAY,521,393,564,431
1277105440Image000026.jpg,41,43,PASS_RIGHT_SIDE,75,397,116,440
1277105440Image000026.jpg,10,23,PASS_RIGHT_SIDE,460,415,470,438
1277105440Image000026.jpg,15,27,NO_PARKING,885,402,900,429
1277105440Image000026.jpg,43,38,GIVE_WAY,521,393,564,431
1277105440Image000026.jpg,41,43,PASS_RIGHT_SIDE,75,397,116,440
1277105440Image000026.jpg,10,23,PASS_RIGHT_SIDE,460,415,470,438
1277105440Image000026.jpg,15,27,NO_PARKING,885,402,900,429
1277105440Image000026.jpg,43,38,GIVE_WAY,521,393,564,431
1277105440Image000026.jpg,41,43,PASS_RIGHT_SIDE,75,397,116,440
1277105440Image000026.jpg,10,23,PASS_RIGHT_SIDE,460,415,470,438
1277105440Image000026.jpg,15,27,NO_PARKING,885,402,900,429
1277105440Image000026.jpg,43,38,GIVE_WAY,521,393,564,431
1277105440Image000026.jpg,41,43,PASS_RIGHT_SIDE,75,397,116,440
1277105440Image000026.jpg,10,23,PASS_RIGHT_SIDE,460,415,470,438
1277105440Image000026.jpg,15,27,NO_PARKING,885,402,900,429
1277105440Image000026.jpg,43,38,GIVE_WAY,521,393,564,431
1277105440Image000026.jpg,41,43,PASS_RIGHT_SIDE,75,397,116,440
1277105440Image000026.jpg,10,23,PASS_RIGHT_SIDE,460,415,470,438
1277105440Image000026.jpg,15,27,NO_PARKING,885,402,900,429
1277104293Image000029.jpg,28,30,70_SIGN,389,414,417,444
1277104293Image000029.jpg,28,30,70_SIGN,389,414,417,444
