filename,width,height,class,xmin,ymin,xmax,ymax
1277104195Image000003.jpg,22,24,100_SIGN,355,446,377,470
1277104195Image000008.jpg,25,26,100_SIGN,373,443,398,469
1277104195Image000013.jpg,28,29,100_SIGN,393,437,421,466
1277104195Image000018.jpg,34,36,100_SIGN,431,426,465,462
1277104195Image000023.jpg,37,41,100_SIGN,479,416,516,457
1277104195Image000028.jpg,52,57,100_SIGN,587,398,639,455
1277104293Image000004.jpg,16,16,70_SIGN,365,434,381,450
1277104293Image000004.jpg,17,18,70_SIGN,58,439,75,457
1277104293Image000004.jpg,16,16,70_SIGN,365,434,381,450
1277104293Image000004.jpg,17,18,70_SIGN,58,439,75,457
1277104293Image000004.jpg,16,16,70_SIGN,365,434,381,450
1277104293Image000004.jpg,17,18,70_SIGN,58,439,75,457
1277104293Image000009.jpg,17,17,70_SIGN,358,430,375,447
1277104293Image000009.jpg,19,18,70_SIGN,18,438,37,456
1277104293Image000009.jpg,17,17,70_SIGN,358,430,375,447
1277104293Image000009.jpg,19,18,70_SIGN,18,438,37,456
1277104293Image000009.jpg,17,17,70_SIGN,358,430,375,447
1277104293Image000009.jpg,19,18,70_SIGN,18,438,37,456
1277104293Image000014.jpg,21,21,70_SIGN,358,426,379,447
1277104293Image000014.jpg,21,21,70_SIGN,358,426,379,447
1277104293Image000019.jpg,24,24,70_SIGN,363,426,387,450
1277104293Image000019.jpg,24,24,70_SIGN,363,426,387,450
1277104293Image000024.jpg,27,27,70_SIGN,373,421,400,448
1277104293Image000024.jpg,27,27,70_SIGN,373,421,400,448
1277104293Image000034.jpg,38,39,70_SIGN,430,407,468,446
1277104293Image000034.jpg,38,39,70_SIGN,430,407,468,446
1277104293Image000039.jpg,48,49,70_SIGN,493,391,541,440
1277104293Image000039.jpg,48,49,70_SIGN,493,391,541,440
1277104293Image000044.jpg,83,88,70_SIGN,712,327,795,415
1277104293Image000044.jpg,83,88,70_SIGN,712,327,795,415
1277104314Image000002.jpg,10,18,STOP,309,453,319,471
1277104314Image000002.jpg,8,10,100_SIGN,178,454,186,464
1277104314Image000002.jpg,7,8,PASS_RIGHT_SIDE,119,457,126,465
1277104314Image000002.jpg,8,8,100_SIGN,24,462,32,470
1277104314Image000002.jpg,10,18,STOP,309,453,319,471
1277104314Image000002.jpg,8,10,100_SIGN,178,454,186,464
1277104314Image000002.jpg,7,8,PASS_RIGHT_SIDE,119,457,126,465
1277104314Image000002.jpg,8,8,100_SIGN,24,462,32,470
1277104314Image000002.jpg,10,18,STOP,309,453,319,471
1277104314Image000002.jpg,8,10,100_SIGN,178,454,186,464
1277104314Image000002.jpg,7,8,PASS_RIGHT_SIDE,119,457,126,465
1277104314Image000002.jpg,8,8,100_SIGN,24,462,32,470
1277104314Image000002.jpg,10,18,STOP,309,453,319,471
1277104314Image000002.jpg,8,10,100_SIGN,178,454,186,464
1277104314Image000002.jpg,7,8,PASS_RIGHT_SIDE,119,457,126,465
1277104314Image000002.jpg,8,8,100_SIGN,24,462,32,470
1277104314Image000002.jpg,10,18,STOP,309,453,319,471
1277104314Image000002.jpg,8,10,100_SIGN,178,454,186,464
1277104314Image000002.jpg,7,8,PASS_RIGHT_SIDE,119,457,126,465
1277104314Image000002.jpg,8,8,100_SIGN,24,462,32,470
1277104314Image000007.jpg,13,18,STOP,324,455,337,473
1277104314Image000007.jpg,10,10,100_SIGN,186,457,196,467
1277104314Image000007.jpg,6,8,PRIORITY_ROAD,190,467,196,475
1277104314Image000007.jpg,8,9,PASS_RIGHT_SIDE,121,459,129,468
1277104314Image000007.jpg,10,8,100_SIGN,28,465,38,473
1277104314Image000007.jpg,13,18,STOP,324,455,337,473
1277104314Image000007.jpg,10,10,100_SIGN,186,457,196,467
1277104314Image000007.jpg,6,8,PRIORITY_ROAD,190,467,196,475
1277104314Image000007.jpg,8,9,PASS_RIGHT_SIDE,121,459,129,468
1277104314Image000007.jpg,10,8,100_SIGN,28,465,38,473
1277104314Image000007.jpg,13,18,STOP,324,455,337,473
1277104314Image000007.jpg,10,10,100_SIGN,186,457,196,467
1277104314Image000007.jpg,6,8,PRIORITY_ROAD,190,467,196,475
1277104314Image000007.jpg,8,9,PASS_RIGHT_SIDE,121,459,129,468
1277104314Image000007.jpg,10,8,100_SIGN,28,465,38,473
1277104314Image000007.jpg,13,18,STOP,324,455,337,473
1277104314Image000007.jpg,10,10,100_SIGN,186,457,196,467
1277104314Image000007.jpg,6,8,PRIORITY_ROAD,190,467,196,475
1277104314Image000007.jpg,8,9,PASS_RIGHT_SIDE,121,459,129,468
1277104314Image000007.jpg,10,8,100_SIGN,28,465,38,473
1277104314Image000007.jpg,13,18,STOP,324,455,337,473
1277104314Image000007.jpg,10,10,100_SIGN,186,457,196,467
1277104314Image000007.jpg,6,8,PRIORITY_ROAD,190,467,196,475
1277104314Image000007.jpg,8,9,PASS_RIGHT_SIDE,121,459,129,468
1277104314Image000007.jpg,10,8,100_SIGN,28,465,38,473
1277104314Image000007.jpg,13,18,STOP,324,455,337,473
1277104314Image000007.jpg,10,10,100_SIGN,186,457,196,467
1277104314Image000007.jpg,6,8,PRIORITY_ROAD,190,467,196,475
1277104314Image000007.jpg,8,9,PASS_RIGHT_SIDE,121,459,129,468
1277104314Image000007.jpg,10,8,100_SIGN,28,465,38,473
1277104314Image000012.jpg,13,21,STOP,350,455,363,476
1277104314Image000012.jpg,10,10,100_SIGN,198,459,208,469
1277104314Image000012.jpg,8,8,PRIORITY_ROAD,201,470,209,478
1277104314Image000012.jpg,8,9,PASS_RIGHT_SIDE,125,459,133,468
1277104314Image000012.jpg,10,11,100_SIGN,31,465,41,476
1277104314Image000012.jpg,13,21,STOP,350,455,363,476
1277104314Image000012.jpg,10,10,100_SIGN,198,459,208,469
1277104314Image000012.jpg,8,8,PRIORITY_ROAD,201,470,209,478
1277104314Image000012.jpg,8,9,PASS_RIGHT_SIDE,125,459,133,468
1277104314Image000012.jpg,10,11,100_SIGN,31,465,41,476
1277104314Image000012.jpg,13,21,STOP,350,455,363,476
1277104314Image000012.jpg,10,10,100_SIGN,198,459,208,469
1277104314Image000012.jpg,8,8,PRIORITY_ROAD,201,470,209,478
1277104314Image000012.jpg,8,9,PASS_RIGHT_SIDE,125,459,133,468
1277104314Image000012.jpg,10,11,100_SIGN,31,465,41,476
1277104314Image000012.jpg,13,21,STOP,350,455,363,476
1277104314Image000012.jpg,10,10,100_SIGN,198,459,208,469
1277104314Image000012.jpg,8,8,PRIORITY_ROAD,201,470,209,478
1277104314Image000012.jpg,8,9,PASS_RIGHT_SIDE,125,459,133,468
1277104314Image000012.jpg,10,11,100_SIGN,31,465,41,476
1277104314Image000012.jpg,13,21,STOP,350,455,363,476
1277104314Image000012.jpg,10,10,100_SIGN,198,459,208,469
1277104314Image000012.jpg,8,8,PRIORITY_ROAD,201,470,209,478
1277104314Image000012.jpg,8,9,PASS_RIGHT_SIDE,125,459,133,468
1277104314Image000012.jpg,10,11,100_SIGN,31,465,41,476
1277104314Image000012.jpg,13,21,STOP,350,455,363,476
1277104314Image000012.jpg,10,10,100_SIGN,198,459,208,469
1277104314Image000012.jpg,8,8,PRIORITY_ROAD,201,470,209,478
1277104314Image000012.jpg,8,9,PASS_RIGHT_SIDE,125,459,133,468
1277104314Image000012.jpg,10,11,100_SIGN,31,465,41,476
1277104314Image000017.jpg,13,23,STOP,385,454,398,477
1277104314Image000017.jpg,10,11,100_SIGN,211,458,221,469
1277104314Image000017.jpg,8,9,PRIORITY_ROAD,213,469,221,478
1277104314Image000017.jpg,10,10,PASS_RIGHT_SIDE,121,457,131,467
1277104314Image000017.jpg,10,9,100_SIGN,32,464,42,473
1277104314Image000017.jpg,13,23,STOP,385,454,398,477
1277104314Image000017.jpg,10,11,100_SIGN,211,458,221,469
1277104314Image000017.jpg,8,9,PRIORITY_ROAD,213,469,221,478
1277104314Image000017.jpg,10,10,PASS_RIGHT_SIDE,121,457,131,467
1277104314Image000017.jpg,10,9,100_SIGN,32,464,42,473
1277104314Image000017.jpg,13,23,STOP,385,454,398,477
1277104314Image000017.jpg,10,11,100_SIGN,211,458,221,469
1277104314Image000017.jpg,8,9,PRIORITY_ROAD,213,469,221,478
1277104314Image000017.jpg,10,10,PASS_RIGHT_SIDE,121,457,131,467
1277104314Image000017.jpg,10,9,100_SIGN,32,464,42,473
1277104314Image000017.jpg,13,23,STOP,385,454,398,477
1277104314Image000017.jpg,10,11,100_SIGN,211,458,221,469
1277104314Image000017.jpg,8,9,PRIORITY_ROAD,213,469,221,478
1277104314Image000017.jpg,10,10,PASS_RIGHT_SIDE,121,457,131,467
1277104314Image000017.jpg,10,9,100_SIGN,32,464,42,473
1277104314Image000017.jpg,13,23,STOP,385,454,398,477
1277104314Image000017.jpg,10,11,100_SIGN,211,458,221,469
1277104314Image000017.jpg,8,9,PRIORITY_ROAD,213,469,221,478
1277104314Image000017.jpg,10,10,PASS_RIGHT_SIDE,121,457,131,467
1277104314Image000017.jpg,10,9,100_SIGN,32,464,42,473
1277104314Image000017.jpg,13,23,STOP,385,454,398,477
1277104314Image000017.jpg,10,11,100_SIGN,211,458,221,469
1277104314Image000017.jpg,8,9,PRIORITY_ROAD,213,469,221,478
1277104314Image000017.jpg,10,10,PASS_RIGHT_SIDE,121,457,131,467
1277104314Image000017.jpg,10,9,100_SIGN,32,464,42,473
1277104314Image000022.jpg,17,26,STOP,420,448,437,474
1277104314Image000022.jpg,11,11,100_SIGN,218,456,229,467
1277104314Image000022.jpg,9,10,PRIORITY_ROAD,219,466,228,476
1277104314Image000022.jpg,16,15,PASS_RIGHT_SIDE,108,452,124,467
1277104314Image000022.jpg,14,11,100_SIGN,24,463,38,474
1277104314Image000022.jpg,17,26,STOP,420,448,437,474
1277104314Image000022.jpg,11,11,100_SIGN,218,456,229,467
1277104314Image000022.jpg,9,10,PRIORITY_ROAD,219,466,228,476
1277104314Image000022.jpg,16,15,PASS_RIGHT_SIDE,108,452,124,467
1277104314Image000022.jpg,14,11,100_SIGN,24,463,38,474
1277104314Image000022.jpg,17,26,STOP,420,448,437,474
1277104314Image000022.jpg,11,11,100_SIGN,218,456,229,467
1277104314Image000022.jpg,9,10,PRIORITY_ROAD,219,466,228,476
1277104314Image000022.jpg,16,15,PASS_RIGHT_SIDE,108,452,124,467
1277104314Image000022.jpg,14,11,100_SIGN,24,463,38,474
1277104314Image000022.jpg,17,26,STOP,420,448,437,474
1277104314Image000022.jpg,11,11,100_SIGN,218,456,229,467
1277104314Image000022.jpg,9,10,PRIORITY_ROAD,219,466,228,476
1277104314Image000022.jpg,16,15,PASS_RIGHT_SIDE,108,452,124,467
1277104314Image000022.jpg,14,11,100_SIGN,24,463,38,474
1277104314Image000022.jpg,17,26,STOP,420,448,437,474
1277104314Image000022.jpg,11,11,100_SIGN,218,456,229,467
1277104314Image000022.jpg,9,10,PRIORITY_ROAD,219,466,228,476
1277104314Image000022.jpg,16,15,PASS_RIGHT_SIDE,108,452,124,467
1277104314Image000022.jpg,14,11,100_SIGN,24,463,38,474
1277104314Image000022.jpg,17,26,STOP,420,448,437,474
1277104314Image000022.jpg,11,11,100_SIGN,218,456,229,467
1277104314Image000022.jpg,9,10,PRIORITY_ROAD,219,466,228,476
1277104314Image000022.jpg,16,15,PASS_RIGHT_SIDE,108,452,124,467
1277104314Image000022.jpg,14,11,100_SIGN,24,463,38,474
1277104314Image000027.jpg,17,34,STOP,471,440,488,474
1277104314Image000027.jpg,12,14,100_SIGN,227,453,239,467
1277104314Image000027.jpg,11,9,PRIORITY_ROAD,229,467,240,476
1277104314Image000027.jpg,16,15,PASS_RIGHT_SIDE,97,448,113,463
1277104314Image000027.jpg,13,12,100_SIGN,22,463,35,475
1277104314Image000027.jpg,17,34,STOP,471,440,488,474
1277104314Image000027.jpg,12,14,100_SIGN,227,453,239,467
1277104314Image000027.jpg,11,9,PRIORITY_ROAD,229,467,240,476
1277104314Image000027.jpg,16,15,PASS_RIGHT_SIDE,97,448,113,463
1277104314Image000027.jpg,13,12,100_SIGN,22,463,35,475
1277104314Image000027.jpg,17,34,STOP,471,440,488,474
1277104314Image000027.jpg,12,14,100_SIGN,227,453,239,467
1277104314Image000027.jpg,11,9,PRIORITY_ROAD,229,467,240,476
1277104314Image000027.jpg,16,15,PASS_RIGHT_SIDE,97,448,113,463
1277104314Image000027.jpg,13,12,100_SIGN,22,463,35,475
1277104314Image000027.jpg,17,34,STOP,471,440,488,474
1277104314Image000027.jpg,12,14,100_SIGN,227,453,239,467
1277104314Image000027.jpg,11,9,PRIORITY_ROAD,229,467,240,476
1277104314Image000027.jpg,16,15,PASS_RIGHT_SIDE,97,448,113,463
1277104314Image000027.jpg,13,12,100_SIGN,22,463,35,475
1277104314Image000027.jpg,17,34,STOP,471,440,488,474
1277104314Image000027.jpg,12,14,100_SIGN,227,453,239,467
1277104314Image000027.jpg,11,9,PRIORITY_ROAD,229,467,240,476
1277104314Image000027.jpg,16,15,PASS_RIGHT_SIDE,97,448,113,463
1277104314Image000027.jpg,13,12,100_SIGN,22,463,35,475
1277104314Image000027.jpg,17,34,STOP,471,440,488,474
1277104314Image000027.jpg,12,14,100_SIGN,227,453,239,467
1277104314Image000027.jpg,11,9,PRIORITY_ROAD,229,467,240,476
1277104314Image000027.jpg,16,15,PASS_RIGHT_SIDE,97,448,113,463
1277104314Image000027.jpg,13,12,100_SIGN,22,463,35,475
1277104314Image000032.jpg,22,44,STOP,561,429,583,473
1277104314Image000032.jpg,15,13,100_SIGN,237,451,252,464
1277104314Image000032.jpg,11,10,PRIORITY_ROAD,240,465,251,475
1277104314Image000032.jpg,20,20,PASS_RIGHT_SIDE,66,437,86,457
1277104314Image000032.jpg,12,12,100_SIGN,15,461,27,473
1277104314Image000032.jpg,22,44,STOP,561,429,583,473
1277104314Image000032.jpg,15,13,100_SIGN,237,451,252,464
1277104314Image000032.jpg,11,10,PRIORITY_ROAD,240,465,251,475
1277104314Image000032.jpg,20,20,PASS_RIGHT_SIDE,66,437,86,457
1277104314Image000032.jpg,12,12,100_SIGN,15,461,27,473
1277104314Image000032.jpg,22,44,STOP,561,429,583,473
1277104314Image000032.jpg,15,13,100_SIGN,237,451,252,464
1277104314Image000032.jpg,11,10,PRIORITY_ROAD,240,465,251,475
1277104314Image000032.jpg,20,20,PASS_RIGHT_SIDE,66,437,86,457
1277104314Image000032.jpg,12,12,100_SIGN,15,461,27,473
1277104314Image000032.jpg,22,44,STOP,561,429,583,473
1277104314Image000032.jpg,15,13,100_SIGN,237,451,252,464
1277104314Image000032.jpg,11,10,PRIORITY_ROAD,240,465,251,475
1277104314Image000032.jpg,20,20,PASS_RIGHT_SIDE,66,437,86,457
1277104314Image000032.jpg,12,12,100_SIGN,15,461,27,473
1277104314Image000032.jpg,22,44,STOP,561,429,583,473
1277104314Image000032.jpg,15,13,100_SIGN,237,451,252,464
1277104314Image000032.jpg,11,10,PRIORITY_ROAD,240,465,251,475
1277104314Image000032.jpg,20,20,PASS_RIGHT_SIDE,66,437,86,457
1277104314Image000032.jpg,12,12,100_SIGN,15,461,27,473
1277104314Image000032.jpg,22,44,STOP,561,429,583,473
1277104314Image000032.jpg,15,13,100_SIGN,237,451,252,464
1277104314Image000032.jpg,11,10,PRIORITY_ROAD,240,465,251,475
1277104314Image000032.jpg,20,20,PASS_RIGHT_SIDE,66,437,86,457
1277104314Image000032.jpg,12,12,100_SIGN,15,461,27,473
1277104314Image000037.jpg,27,56,STOP,654,418,681,474
1277104314Image000037.jpg,15,14,100_SIGN,245,448,260,462
1277104314Image000037.jpg,12,11,PRIORITY_ROAD,247,463,259,474
1277104314Image000037.jpg,24,23,PASS_RIGHT_SIDE,32,428,56,451
1277104314Image000037.jpg,13,14,100_SIGN,8,458,21,472
1277104314Image000037.jpg,27,56,STOP,654,418,681,474
1277104314Image000037.jpg,15,14,100_SIGN,245,448,260,462
1277104314Image000037.jpg,12,11,PRIORITY_ROAD,247,463,259,474
1277104314Image000037.jpg,24,23,PASS_RIGHT_SIDE,32,428,56,451
1277104314Image000037.jpg,13,14,100_SIGN,8,458,21,472
1277104314Image000037.jpg,27,56,STOP,654,418,681,474
1277104314Image000037.jpg,15,14,100_SIGN,245,448,260,462
1277104314Image000037.jpg,12,11,PRIORITY_ROAD,247,463,259,474
1277104314Image000037.jpg,24,23,PASS_RIGHT_SIDE,32,428,56,451
1277104314Image000037.jpg,13,14,100_SIGN,8,458,21,472
1277104314Image000037.jpg,27,56,STOP,654,418,681,474
1277104314Image000037.jpg,15,14,100_SIGN,245,448,260,462
1277104314Image000037.jpg,12,11,PRIORITY_ROAD,247,463,259,474
1277104314Image000037.jpg,24,23,PASS_RIGHT_SIDE,32,428,56,451
1277104314Image000037.jpg,13,14,100_SIGN,8,458,21,472
1277104314Image000037.jpg,27,56,STOP,654,418,681,474
1277104314Image000037.jpg,15,14,100_SIGN,245,448,260,462
1277104314Image000037.jpg,12,11,PRIORITY_ROAD,247,463,259,474
1277104314Image000037.jpg,24,23,PASS_RIGHT_SIDE,32,428,56,451
1277104314Image000037.jpg,13,14,100_SIGN,8,458,21,472
1277104314Image000037.jpg,27,56,STOP,654,418,681,474
1277104314Image000037.jpg,15,14,100_SIGN,245,448,260,462
1277104314Image000037.jpg,12,11,PRIORITY_ROAD,247,463,259,474
1277104314Image000037.jpg,24,23,PASS_RIGHT_SIDE,32,428,56,451
1277104314Image000037.jpg,13,14,100_SIGN,8,458,21,472
1277104314Image000042.jpg,27,72,STOP,803,392,830,464
1277104314Image000042.jpg,16,16,100_SIGN,250,444,266,460
1277104314Image000042.jpg,15,12,PRIORITY_ROAD,251,460,266,472
1277104314Image000042.jpg,27,72,STOP,803,392,830,464
1277104314Image000042.jpg,16,16,100_SIGN,250,444,266,460
1277104314Image000042.jpg,15,12,PRIORITY_ROAD,251,460,266,472
1277104314Image000042.jpg,27,72,STOP,803,392,830,464
1277104314Image000042.jpg,16,16,100_SIGN,250,444,266,460
1277104314Image000042.jpg,15,12,PRIORITY_ROAD,251,460,266,472
1277104314Image000042.jpg,27,72,STOP,803,392,830,464
1277104314Image000042.jpg,16,16,100_SIGN,250,444,266,460
1277104314Image000042.jpg,15,12,PRIORITY_ROAD,251,460,266,472
1277104314Image000047.jpg,17,20,100_SIGN,280,440,297,460
1277104314Image000047.jpg,16,15,PRIORITY_ROAD,280,458,296,473
1277104314Image000047.jpg,17,20,100_SIGN,280,440,297,460
1277104314Image000047.jpg,16,15,PRIORITY_ROAD,280,458,296,473
1277104314Image000047.jpg,17,20,100_SIGN,280,440,297,460
1277104314Image000047.jpg,16,15,PRIORITY_ROAD,280,458,296,473
1277104314Image000052.jpg,19,18,100_SIGN,292,437,311,455
1277104314Image000052.jpg,17,15,PRIORITY_ROAD,295,456,312,471
1277104314Image000052.jpg,19,18,100_SIGN,292,437,311,455
1277104314Image000052.jpg,17,15,PRIORITY_ROAD,295,456,312,471
1277104314Image000052.jpg,19,18,100_SIGN,292,437,311,455
1277104314Image000052.jpg,17,15,PRIORITY_ROAD,295,456,312,471
1277104314Image000057.jpg,21,21,100_SIGN,309,432,330,453
1277104314Image000057.jpg,20,18,PRIORITY_ROAD,311,453,331,471
1277104314Image000057.jpg,21,21,100_SIGN,309,432,330,453
1277104314Image000057.jpg,20,18,PRIORITY_ROAD,311,453,331,471
1277104314Image000057.jpg,21,21,100_SIGN,309,432,330,453
1277104314Image000057.jpg,20,18,PRIORITY_ROAD,311,453,331,471
1277104314Image000062.jpg,22,22,100_SIGN,328,419,350,441
1277104314Image000062.jpg,20,20,PRIORITY_ROAD,330,442,350,462
1277104314Image000062.jpg,22,22,100_SIGN,328,419,350,441
1277104314Image000062.jpg,20,20,PRIORITY_ROAD,330,442,350,462
1277104314Image000062.jpg,22,22,100_SIGN,328,419,350,441
1277104314Image000062.jpg,20,20,PRIORITY_ROAD,330,442,350,462
1277104314Image000067.jpg,26,28,100_SIGN,340,412,366,440
1277104314Image000067.jpg,24,22,PRIORITY_ROAD,344,442,368,464
1277104314Image000067.jpg,26,28,100_SIGN,340,412,366,440
1277104314Image000067.jpg,24,22,PRIORITY_ROAD,344,442,368,464
1277104314Image000067.jpg,26,28,100_SIGN,340,412,366,440
1277104314Image000067.jpg,24,22,PRIORITY_ROAD,344,442,368,464
1277104314Image000072.jpg,31,29,100_SIGN,363,401,394,430
1277104314Image000072.jpg,27,26,PRIORITY_ROAD,365,431,392,457
1277104314Image000072.jpg,31,29,100_SIGN,363,401,394,430
1277104314Image000072.jpg,27,26,PRIORITY_ROAD,365,431,392,457
1277104314Image000072.jpg,31,29,100_SIGN,363,401,394,430
1277104314Image000072.jpg,27,26,PRIORITY_ROAD,365,431,392,457
1277104314Image000077.jpg,47,48,100_SIGN,447,349,494,397
1277104314Image000077.jpg,46,46,PRIORITY_ROAD,447,400,493,446
1277104314Image000077.jpg,47,48,100_SIGN,447,349,494,397
1277104314Image000077.jpg,46,46,PRIORITY_ROAD,447,400,493,446
1277104314Image000077.jpg,47,48,100_SIGN,447,349,494,397
1277104314Image000077.jpg,46,46,PRIORITY_ROAD,447,400,493,446
1277104314Image000082.jpg,70,71,100_SIGN,533,288,603,359
1277104314Image000082.jpg,61,62,PRIORITY_ROAD,539,364,600,426
1277104314Image000082.jpg,70,71,100_SIGN,533,288,603,359
1277104314Image000082.jpg,61,62,PRIORITY_ROAD,539,364,600,426
1277104314Image000082.jpg,70,71,100_SIGN,533,288,603,359
1277104314Image000082.jpg,61,62,PRIORITY_ROAD,539,364,600,426
1277104314Image000087.jpg,109,118,100_SIGN,764,152,873,270
1277104314Image000087.jpg,100,112,PRIORITY_ROAD,767,275,867,387
1277104314Image000087.jpg,109,118,100_SIGN,764,152,873,270
1277104314Image000087.jpg,100,112,PRIORITY_ROAD,767,275,867,387
1277104314Image000087.jpg,109,118,100_SIGN,764,152,873,270
1277104314Image000087.jpg,100,112,PRIORITY_ROAD,767,275,867,387
1277104375Image000003.jpg,19,44,STOP,726,360,745,404
1277104375Image000003.jpg,14,15,PRIORITY_ROAD,322,457,336,472
1277104375Image000003.jpg,31,30,PASS_RIGHT_SIDE,22,434,53,464
1277104375Image000003.jpg,19,44,STOP,726,360,745,404
1277104375Image000003.jpg,14,15,PRIORITY_ROAD,322,457,336,472
1277104375Image000003.jpg,31,30,PASS_RIGHT_SIDE,22,434,53,464
1277104375Image000003.jpg,19,44,STOP,726,360,745,404
1277104375Image000003.jpg,14,15,PRIORITY_ROAD,322,457,336,472
1277104375Image000003.jpg,31,30,PASS_RIGHT_SIDE,22,434,53,464
1277104375Image000003.jpg,19,44,STOP,726,360,745,404
1277104375Image000003.jpg,14,15,PRIORITY_ROAD,322,457,336,472
1277104375Image000003.jpg,31,30,PASS_RIGHT_SIDE,22,434,53,464
1277104375Image000008.jpg,19,65,STOP,956,301,975,366
1277104375Image000008.jpg,18,18,PRIORITY_ROAD,336,452,354,470
1277104375Image000008.jpg,19,65,STOP,956,301,975,366
1277104375Image000008.jpg,18,18,PRIORITY_ROAD,336,452,354,470
1277104375Image000008.jpg,19,65,STOP,956,301,975,366
1277104375Image000008.jpg,18,18,PRIORITY_ROAD,336,452,354,470
1277104375Image000013.jpg,20,20,PRIORITY_ROAD,357,442,377,462
1277104375Image000013.jpg,20,20,PRIORITY_ROAD,357,442,377,462
1277104375Image000018.jpg,27,24,PRIORITY_ROAD,372,431,399,455
1277104375Image000018.jpg,27,24,PRIORITY_ROAD,372,431,399,455
1277104375Image000023.jpg,34,32,PRIORITY_ROAD,434,415,468,447
1277104375Image000023.jpg,34,32,PRIORITY_ROAD,434,415,468,447
1277104375Image000033.jpg,82,88,PRIORITY_ROAD,789,316,871,404
1277104375Image000033.jpg,82,88,PRIORITY_ROAD,789,316,871,404
1277104432Image000003.jpg,13,13,70_SIGN,363,421,376,434
1277104432Image000003.jpg,13,11,70_SIGN,129,429,142,440
1277104432Image000003.jpg,7,6,70_SIGN,386,418,393,424
1277104432Image000003.jpg,7,6,70_SIGN,276,419,283,425
1277104432Image000003.jpg,13,13,70_SIGN,363,421,376,434
1277104432Image000003.jpg,13,11,70_SIGN,129,429,142,440
1277104432Image000003.jpg,7,6,70_SIGN,386,418,393,424
1277104432Image000003.jpg,7,6,70_SIGN,276,419,283,425
1277104432Image000003.jpg,13,13,70_SIGN,363,421,376,434
1277104432Image000003.jpg,13,11,70_SIGN,129,429,142,440
1277104432Image000003.jpg,7,6,70_SIGN,386,418,393,424
1277104432Image000003.jpg,7,6,70_SIGN,276,419,283,425
1277104432Image000003.jpg,13,13,70_SIGN,363,421,376,434
1277104432Image000003.jpg,13,11,70_SIGN,129,429,142,440
1277104432Image000003.jpg,7,6,70_SIGN,386,418,393,424
1277104432Image000003.jpg,7,6,70_SIGN,276,419,283,425
1277104432Image000003.jpg,13,13,70_SIGN,363,421,376,434
1277104432Image000003.jpg,13,11,70_SIGN,129,429,142,440
1277104432Image000003.jpg,7,6,70_SIGN,386,418,393,424
1277104432Image000003.jpg,7,6,70_SIGN,276,419,283,425
1277104432Image000008.jpg,15,14,70_SIGN,356,410,371,424
1277104432Image000008.jpg,7,7,70_SIGN,373,410,380,417
1277104432Image000008.jpg,15,13,70_SIGN,96,419,111,432
1277104432Image000008.jpg,7,8,70_SIGN,260,411,267,419
1277104432Image000008.jpg,15,14,70_SIGN,356,410,371,424
1277104432Image000008.jpg,7,7,70_SIGN,373,410,380,417
1277104432Image000008.jpg,15,13,70_SIGN,96,419,111,432
1277104432Image000008.jpg,7,8,70_SIGN,260,411,267,419
1277104432Image000008.jpg,15,14,70_SIGN,356,410,371,424
1277104432Image000008.jpg,7,7,70_SIGN,373,410,380,417
1277104432Image000008.jpg,15,13,70_SIGN,96,419,111,432
1277104432Image000008.jpg,7,8,70_SIGN,260,411,267,419
1277104432Image000008.jpg,15,14,70_SIGN,356,410,371,424
1277104432Image000008.jpg,7,7,70_SIGN,373,410,380,417
1277104432Image000008.jpg,15,13,70_SIGN,96,419,111,432
1277104432Image000008.jpg,7,8,70_SIGN,260,411,267,419
1277104432Image000008.jpg,15,14,70_SIGN,356,410,371,424
1277104432Image000008.jpg,7,7,70_SIGN,373,410,380,417
1277104432Image000008.jpg,15,13,70_SIGN,96,419,111,432
1277104432Image000008.jpg,7,8,70_SIGN,260,411,267,419
1277104432Image000013.jpg,16,15,70_SIGN,360,402,376,417
1277104432Image000013.jpg,7,6,70_SIGN,250,410,257,416
1277104432Image000013.jpg,16,16,70_SIGN,71,415,87,431
1277104432Image000013.jpg,16,15,70_SIGN,360,402,376,417
1277104432Image000013.jpg,7,6,70_SIGN,250,410,257,416
1277104432Image000013.jpg,16,16,70_SIGN,71,415,87,431
1277104432Image000013.jpg,16,15,70_SIGN,360,402,376,417
1277104432Image000013.jpg,7,6,70_SIGN,250,410,257,416
1277104432Image000013.jpg,16,16,70_SIGN,71,415,87,431
1277104432Image000013.jpg,16,15,70_SIGN,360,402,376,417
1277104432Image000013.jpg,7,6,70_SIGN,250,410,257,416
1277104432Image000013.jpg,16,16,70_SIGN,71,415,87,431
1277104432Image000018.jpg,18,17,70_SIGN,367,404,385,421
1277104432Image000018.jpg,6,8,70_SIGN,363,415,369,423
1277104432Image000018.jpg,7,8,70_SIGN,238,417,245,425
1277104432Image000018.jpg,19,20,70_SIGN,27,415,46,435
1277104432Image000018.jpg,18,17,70_SIGN,367,404,385,421
1277104432Image000018.jpg,6,8,70_SIGN,363,415,369,423
1277104432Image000018.jpg,7,8,70_SIGN,238,417,245,425
1277104432Image000018.jpg,19,20,70_SIGN,27,415,46,435
1277104432Image000018.jpg,18,17,70_SIGN,367,404,385,421
1277104432Image000018.jpg,6,8,70_SIGN,363,415,369,423
1277104432Image000018.jpg,7,8,70_SIGN,238,417,245,425
1277104432Image000018.jpg,19,20,70_SIGN,27,415,46,435
1277104432Image000018.jpg,18,17,70_SIGN,367,404,385,421
1277104432Image000018.jpg,6,8,70_SIGN,363,415,369,423
1277104432Image000018.jpg,7,8,70_SIGN,238,417,245,425
1277104432Image000018.jpg,19,20,70_SIGN,27,415,46,435
1277104432Image000018.jpg,18,17,70_SIGN,367,404,385,421
1277104432Image000018.jpg,6,8,70_SIGN,363,415,369,423
1277104432Image000018.jpg,7,8,70_SIGN,238,417,245,425
1277104432Image000018.jpg,19,20,70_SIGN,27,415,46,435
1277104432Image000023.jpg,22,22,70_SIGN,372,403,394,425
1277104432Image000023.jpg,7,7,70_SIGN,354,421,361,428
1277104432Image000023.jpg,7,7,70_SIGN,224,424,231,431
1277104432Image000023.jpg,22,22,70_SIGN,372,403,394,425
1277104432Image000023.jpg,7,7,70_SIGN,354,421,361,428
1277104432Image000023.jpg,7,7,70_SIGN,224,424,231,431
1277104432Image000023.jpg,22,22,70_SIGN,372,403,394,425
1277104432Image000023.jpg,7,7,70_SIGN,354,421,361,428
1277104432Image000023.jpg,7,7,70_SIGN,224,424,231,431
1277104432Image000023.jpg,22,22,70_SIGN,372,403,394,425
1277104432Image000023.jpg,7,7,70_SIGN,354,421,361,428
1277104432Image000023.jpg,7,7,70_SIGN,224,424,231,431
1277104432Image000028.jpg,25,25,70_SIGN,385,397,410,422
1277104432Image000028.jpg,8,9,70_SIGN,342,425,350,434
1277104432Image000028.jpg,8,8,70_SIGN,205,426,213,434
1277104432Image000028.jpg,25,25,70_SIGN,385,397,410,422
1277104432Image000028.jpg,8,9,70_SIGN,342,425,350,434
1277104432Image000028.jpg,8,8,70_SIGN,205,426,213,434
1277104432Image000028.jpg,25,25,70_SIGN,385,397,410,422
1277104432Image000028.jpg,8,9,70_SIGN,342,425,350,434
1277104432Image000028.jpg,8,8,70_SIGN,205,426,213,434
1277104432Image000028.jpg,25,25,70_SIGN,385,397,410,422
1277104432Image000028.jpg,8,9,70_SIGN,342,425,350,434
1277104432Image000028.jpg,8,8,70_SIGN,205,426,213,434
1277104432Image000033.jpg,33,31,70_SIGN,399,387,432,418
1277104432Image000033.jpg,7,8,70_SIGN,328,432,335,440
1277104432Image000033.jpg,9,11,70_SIGN,182,432,191,443
1277104432Image000033.jpg,33,31,70_SIGN,399,387,432,418
1277104432Image000033.jpg,7,8,70_SIGN,328,432,335,440
1277104432Image000033.jpg,9,11,70_SIGN,182,432,191,443
1277104432Image000033.jpg,33,31,70_SIGN,399,387,432,418
1277104432Image000033.jpg,7,8,70_SIGN,328,432,335,440
1277104432Image000033.jpg,9,11,70_SIGN,182,432,191,443
1277104432Image000033.jpg,33,31,70_SIGN,399,387,432,418
1277104432Image000033.jpg,7,8,70_SIGN,328,432,335,440
1277104432Image000033.jpg,9,11,70_SIGN,182,432,191,443
1277104432Image000038.jpg,51,42,70_SIGN,430,372,481,414
1277104432Image000038.jpg,8,9,70_SIGN,313,441,321,450
1277104432Image000038.jpg,8,9,70_SIGN,160,445,168,454
1277104432Image000038.jpg,51,42,70_SIGN,430,372,481,414
1277104432Image000038.jpg,8,9,70_SIGN,313,441,321,450
1277104432Image000038.jpg,8,9,70_SIGN,160,445,168,454
1277104432Image000038.jpg,51,42,70_SIGN,430,372,481,414
1277104432Image000038.jpg,8,9,70_SIGN,313,441,321,450
1277104432Image000038.jpg,8,9,70_SIGN,160,445,168,454
1277104432Image000038.jpg,51,42,70_SIGN,430,372,481,414
1277104432Image000038.jpg,8,9,70_SIGN,313,441,321,450
1277104432Image000038.jpg,8,9,70_SIGN,160,445,168,454
1277104432Image000043.jpg,68,70,70_SIGN,552,333,620,403
1277104432Image000043.jpg,10,10,70_SIGN,303,456,313,466
1277104432Image000043.jpg,11,10,70_SIGN,140,459,151,469
1277104432Image000043.jpg,9,9,PASS_RIGHT_SIDE,230,467,239,476
1277104432Image000043.jpg,68,70,70_SIGN,552,333,620,403
1277104432Image000043.jpg,10,10,70_SIGN,303,456,313,466
1277104432Image000043.jpg,11,10,70_SIGN,140,459,151,469
1277104432Image000043.jpg,9,9,PASS_RIGHT_SIDE,230,467,239,476
1277104432Image000043.jpg,68,70,70_SIGN,552,333,620,403
1277104432Image000043.jpg,10,10,70_SIGN,303,456,313,466
1277104432Image000043.jpg,11,10,70_SIGN,140,459,151,469
1277104432Image000043.jpg,9,9,PASS_RIGHT_SIDE,230,467,239,476
1277104432Image000043.jpg,68,70,70_SIGN,552,333,620,403
1277104432Image000043.jpg,10,10,70_SIGN,303,456,313,466
1277104432Image000043.jpg,11,10,70_SIGN,140,459,151,469
1277104432Image000043.jpg,9,9,PASS_RIGHT_SIDE,230,467,239,476
1277104432Image000043.jpg,68,70,70_SIGN,552,333,620,403
1277104432Image000043.jpg,10,10,70_SIGN,303,456,313,466
1277104432Image000043.jpg,11,10,70_SIGN,140,459,151,469
1277104432Image000043.jpg,9,9,PASS_RIGHT_SIDE,230,467,239,476
1277104432Image000048.jpg,133,204,70_SIGN,1145,62,1278,266
1277104432Image000048.jpg,9,10,70_SIGN,300,452,309,462
1277104432Image000048.jpg,9,8,PASS_RIGHT_SIDE,223,466,232,474
1277104432Image000048.jpg,10,10,70_SIGN,124,457,134,467
1277104432Image000048.jpg,133,204,70_SIGN,1145,62,1278,266
1277104432Image000048.jpg,9,10,70_SIGN,300,452,309,462
1277104432Image000048.jpg,9,8,PASS_RIGHT_SIDE,223,466,232,474
1277104432Image000048.jpg,10,10,70_SIGN,124,457,134,467
1277104432Image000048.jpg,133,204,70_SIGN,1145,62,1278,266
1277104432Image000048.jpg,9,10,70_SIGN,300,452,309,462
1277104432Image000048.jpg,9,8,PASS_RIGHT_SIDE,223,466,232,474
1277104432Image000048.jpg,10,10,70_SIGN,124,457,134,467
1277104432Image000048.jpg,133,204,70_SIGN,1145,62,1278,266
1277104432Image000048.jpg,9,10,70_SIGN,300,452,309,462
1277104432Image000048.jpg,9,8,PASS_RIGHT_SIDE,223,466,232,474
1277104432Image000048.jpg,10,10,70_SIGN,124,457,134,467
1277104432Image000048.jpg,133,204,70_SIGN,1145,62,1278,266
1277104432Image000048.jpg,9,10,70_SIGN,300,452,309,462
1277104432Image000048.jpg,9,8,PASS_RIGHT_SIDE,223,466,232,474
1277104432Image000048.jpg,10,10,70_SIGN,124,457,134,467
1277104432Image000053.jpg,9,10,70_SIGN,305,452,314,462
1277104432Image000053.jpg,8,9,PASS_RIGHT_SIDE,222,466,230,475
1277104432Image000053.jpg,11,9,70_SIGN,116,458,127,467
1277104432Image000053.jpg,9,10,70_SIGN,305,452,314,462
1277104432Image000053.jpg,8,9,PASS_RIGHT_SIDE,222,466,230,475
1277104432Image000053.jpg,11,9,70_SIGN,116,458,127,467
1277104432Image000053.jpg,9,10,70_SIGN,305,452,314,462
1277104432Image000053.jpg,8,9,PASS_RIGHT_SIDE,222,466,230,475
1277104432Image000053.jpg,11,9,70_SIGN,116,458,127,467
1277104432Image000053.jpg,9,10,70_SIGN,305,452,314,462
1277104432Image000053.jpg,8,9,PASS_RIGHT_SIDE,222,466,230,475
1277104432Image000053.jpg,11,9,70_SIGN,116,458,127,467
1277104432Image000058.jpg,11,11,70_SIGN,306,450,317,461
1277104432Image000058.jpg,10,11,PASS_RIGHT_SIDE,217,464,227,475
1277104432Image000058.jpg,12,12,70_SIGN,103,455,115,467
1277104432Image000058.jpg,11,11,70_SIGN,306,450,317,461
1277104432Image000058.jpg,10,11,PASS_RIGHT_SIDE,217,464,227,475
1277104432Image000058.jpg,12,12,70_SIGN,103,455,115,467
1277104432Image000058.jpg,11,11,70_SIGN,306,450,317,461
1277104432Image000058.jpg,10,11,PASS_RIGHT_SIDE,217,464,227,475
1277104432Image000058.jpg,12,12,70_SIGN,103,455,115,467
1277104432Image000058.jpg,11,11,70_SIGN,306,450,317,461
1277104432Image000058.jpg,10,11,PASS_RIGHT_SIDE,217,464,227,475
1277104432Image000058.jpg,12,12,70_SIGN,103,455,115,467
1277104432Image000063.jpg,11,14,70_SIGN,305,447,316,461
1277104432Image000063.jpg,9,10,PASS_RIGHT_SIDE,211,464,220,474
1277104432Image000063.jpg,12,13,70_SIGN,90,453,102,466
1277104432Image000063.jpg,11,14,70_SIGN,305,447,316,461
1277104432Image000063.jpg,9,10,PASS_RIGHT_SIDE,211,464,220,474
1277104432Image000063.jpg,12,13,70_SIGN,90,453,102,466
1277104432Image000063.jpg,11,14,70_SIGN,305,447,316,461
1277104432Image000063.jpg,9,10,PASS_RIGHT_SIDE,211,464,220,474
1277104432Image000063.jpg,12,13,70_SIGN,90,453,102,466
1277104432Image000063.jpg,11,14,70_SIGN,305,447,316,461
1277104432Image000063.jpg,9,10,PASS_RIGHT_SIDE,211,464,220,474
1277104432Image000063.jpg,12,13,70_SIGN,90,453,102,466
1277104432Image000068.jpg,12,13,70_SIGN,303,452,315,465
1277104432Image000068.jpg,10,11,PASS_RIGHT_SIDE,207,469,217,480
1277104432Image000068.jpg,14,13,70_SIGN,76,458,90,471
1277104432Image000068.jpg,12,13,70_SIGN,303,452,315,465
1277104432Image000068.jpg,10,11,PASS_RIGHT_SIDE,207,469,217,480
1277104432Image000068.jpg,14,13,70_SIGN,76,458,90,471
1277104432Image000068.jpg,12,13,70_SIGN,303,452,315,465
1277104432Image000068.jpg,10,11,PASS_RIGHT_SIDE,207,469,217,480
1277104432Image000068.jpg,14,13,70_SIGN,76,458,90,471
1277104432Image000068.jpg,12,13,70_SIGN,303,452,315,465
1277104432Image000068.jpg,10,11,PASS_RIGHT_SIDE,207,469,217,480
1277104432Image000068.jpg,14,13,70_SIGN,76,458,90,471
1277104432Image000073.jpg,13,13,70_SIGN,302,452,315,465
1277104432Image000073.jpg,10,10,PASS_RIGHT_SIDE,197,470,207,480
1277104432Image000073.jpg,17,12,70_SIGN,53,457,70,469
1277104432Image000073.jpg,8,8,70_SIGN,276,470,284,478
1277104432Image000073.jpg,13,13,70_SIGN,302,452,315,465
1277104432Image000073.jpg,10,10,PASS_RIGHT_SIDE,197,470,207,480
1277104432Image000073.jpg,17,12,70_SIGN,53,457,70,469
1277104432Image000073.jpg,8,8,70_SIGN,276,470,284,478
1277104432Image000073.jpg,13,13,70_SIGN,302,452,315,465
1277104432Image000073.jpg,10,10,PASS_RIGHT_SIDE,197,470,207,480
1277104432Image000073.jpg,17,12,70_SIGN,53,457,70,469
1277104432Image000073.jpg,8,8,70_SIGN,276,470,284,478
1277104432Image000073.jpg,13,13,70_SIGN,302,452,315,465
1277104432Image000073.jpg,10,10,PASS_RIGHT_SIDE,197,470,207,480
1277104432Image000073.jpg,17,12,70_SIGN,53,457,70,469
1277104432Image000073.jpg,8,8,70_SIGN,276,470,284,478
1277104432Image000073.jpg,13,13,70_SIGN,302,452,315,465
1277104432Image000073.jpg,10,10,PASS_RIGHT_SIDE,197,470,207,480
1277104432Image000073.jpg,17,12,70_SIGN,53,457,70,469
1277104432Image000073.jpg,8,8,70_SIGN,276,470,284,478
1277104432Image000078.jpg,12,13,70_SIGN,306,453,318,466
1277104432Image000078.jpg,10,11,PASS_RIGHT_SIDE,194,472,204,483
1277104432Image000078.jpg,15,14,70_SIGN,42,460,57,474
1277104432Image000078.jpg,8,7,70_SIGN,278,473,286,480
1277104432Image000078.jpg,7,6,PRIORITY_ROAD,278,480,285,486
1277104432Image000078.jpg,12,13,70_SIGN,306,453,318,466
1277104432Image000078.jpg,10,11,PASS_RIGHT_SIDE,194,472,204,483
1277104432Image000078.jpg,15,14,70_SIGN,42,460,57,474
1277104432Image000078.jpg,8,7,70_SIGN,278,473,286,480
1277104432Image000078.jpg,7,6,PRIORITY_ROAD,278,480,285,486
1277104432Image000078.jpg,12,13,70_SIGN,306,453,318,466
1277104432Image000078.jpg,10,11,PASS_RIGHT_SIDE,194,472,204,483
1277104432Image000078.jpg,15,14,70_SIGN,42,460,57,474
1277104432Image000078.jpg,8,7,70_SIGN,278,473,286,480
1277104432Image000078.jpg,7,6,PRIORITY_ROAD,278,480,285,486
1277104432Image000078.jpg,12,13,70_SIGN,306,453,318,466
1277104432Image000078.jpg,10,11,PASS_RIGHT_SIDE,194,472,204,483
1277104432Image000078.jpg,15,14,70_SIGN,42,460,57,474
1277104432Image000078.jpg,8,7,70_SIGN,278,473,286,480
1277104432Image000078.jpg,7,6,PRIORITY_ROAD,278,480,285,486
1277104432Image000078.jpg,12,13,70_SIGN,306,453,318,466
1277104432Image000078.jpg,10,11,PASS_RIGHT_SIDE,194,472,204,483
1277104432Image000078.jpg,15,14,70_SIGN,42,460,57,474
1277104432Image000078.jpg,8,7,70_SIGN,278,473,286,480
1277104432Image000078.jpg,7,6,PRIORITY_ROAD,278,480,285,486
1277104432Image000078.jpg,12,13,70_SIGN,306,453,318,466
1277104432Image000078.jpg,10,11,PASS_RIGHT_SIDE,194,472,204,483
1277104432Image000078.jpg,15,14,70_SIGN,42,460,57,474
1277104432Image000078.jpg,8,7,70_SIGN,278,473,286,480
1277104432Image000078.jpg,7,6,PRIORITY_ROAD,278,480,285,486
1277104432Image000083.jpg,17,15,70_SIGN,310,448,327,463
1277104432Image000083.jpg,10,11,PASS_RIGHT_SIDE,191,470,201,481
1277104432Image000083.jpg,14,14,70_SIGN,25,457,39,471
1277104432Image000083.jpg,9,9,70_SIGN,278,470,287,479
1277104432Image000083.jpg,7,6,PRIORITY_ROAD,281,479,288,485
1277104432Image000083.jpg,17,15,70_SIGN,310,448,327,463
1277104432Image000083.jpg,10,11,PASS_RIGHT_SIDE,191,470,201,481
1277104432Image000083.jpg,14,14,70_SIGN,25,457,39,471
1277104432Image000083.jpg,9,9,70_SIGN,278,470,287,479
1277104432Image000083.jpg,7,6,PRIORITY_ROAD,281,479,288,485
1277104432Image000083.jpg,17,15,70_SIGN,310,448,327,463
1277104432Image000083.jpg,10,11,PASS_RIGHT_SIDE,191,470,201,481
1277104432Image000083.jpg,14,14,70_SIGN,25,457,39,471
1277104432Image000083.jpg,9,9,70_SIGN,278,470,287,479
1277104432Image000083.jpg,7,6,PRIORITY_ROAD,281,479,288,485
1277104432Image000083.jpg,17,15,70_SIGN,310,448,327,463
1277104432Image000083.jpg,10,11,PASS_RIGHT_SIDE,191,470,201,481
1277104432Image000083.jpg,14,14,70_SIGN,25,457,39,471
1277104432Image000083.jpg,9,9,70_SIGN,278,470,287,479
1277104432Image000083.jpg,7,6,PRIORITY_ROAD,281,479,288,485
1277104432Image000083.jpg,17,15,70_SIGN,310,448,327,463
1277104432Image000083.jpg,10,11,PASS_RIGHT_SIDE,191,470,201,481
1277104432Image000083.jpg,14,14,70_SIGN,25,457,39,471
1277104432Image000083.jpg,9,9,70_SIGN,278,470,287,479
1277104432Image000083.jpg,7,6,PRIORITY_ROAD,281,479,288,485
1277104432Image000083.jpg,17,15,70_SIGN,310,448,327,463
1277104432Image000083.jpg,10,11,PASS_RIGHT_SIDE,191,470,201,481
1277104432Image000083.jpg,14,14,70_SIGN,25,457,39,471
1277104432Image000083.jpg,9,9,70_SIGN,278,470,287,479
1277104432Image000083.jpg,7,6,PRIORITY_ROAD,281,479,288,485
1277104432Image000093.jpg,16,16,70_SIGN,324,450,340,466
1277104432Image000093.jpg,10,9,70_SIGN,282,475,292,484
1277104432Image000093.jpg,9,7,PRIORITY_ROAD,283,483,292,490
1277104432Image000093.jpg,13,12,PASS_RIGHT_SIDE,185,474,198,486
1277104432Image000093.jpg,16,16,70_SIGN,324,450,340,466
1277104432Image000093.jpg,10,9,70_SIGN,282,475,292,484
1277104432Image000093.jpg,9,7,PRIORITY_ROAD,283,483,292,490
1277104432Image000093.jpg,13,12,PASS_RIGHT_SIDE,185,474,198,486
1277104432Image000093.jpg,16,16,70_SIGN,324,450,340,466
1277104432Image000093.jpg,10,9,70_SIGN,282,475,292,484
1277104432Image000093.jpg,9,7,PRIORITY_ROAD,283,483,292,490
1277104432Image000093.jpg,13,12,PASS_RIGHT_SIDE,185,474,198,486
1277104432Image000093.jpg,16,16,70_SIGN,324,450,340,466
1277104432Image000093.jpg,10,9,70_SIGN,282,475,292,484
1277104432Image000093.jpg,9,7,PRIORITY_ROAD,283,483,292,490
1277104432Image000093.jpg,13,12,PASS_RIGHT_SIDE,185,474,198,486
1277104432Image000093.jpg,16,16,70_SIGN,324,450,340,466
1277104432Image000093.jpg,10,9,70_SIGN,282,475,292,484
1277104432Image000093.jpg,9,7,PRIORITY_ROAD,283,483,292,490
1277104432Image000093.jpg,13,12,PASS_RIGHT_SIDE,185,474,198,486
1277104432Image000098.jpg,18,17,70_SIGN,326,450,344,467
1277104432Image000098.jpg,10,9,70_SIGN,279,476,289,485
1277104432Image000098.jpg,9,7,PRIORITY_ROAD,280,485,289,492
1277104432Image000098.jpg,13,13,PASS_RIGHT_SIDE,178,474,191,487
1277104432Image000098.jpg,18,17,70_SIGN,326,450,344,467
1277104432Image000098.jpg,10,9,70_SIGN,279,476,289,485
1277104432Image000098.jpg,9,7,PRIORITY_ROAD,280,485,289,492
1277104432Image000098.jpg,13,13,PASS_RIGHT_SIDE,178,474,191,487
1277104432Image000098.jpg,18,17,70_SIGN,326,450,344,467
1277104432Image000098.jpg,10,9,70_SIGN,279,476,289,485
1277104432Image000098.jpg,9,7,PRIORITY_ROAD,280,485,289,492
1277104432Image000098.jpg,13,13,PASS_RIGHT_SIDE,178,474,191,487
1277104432Image000098.jpg,18,17,70_SIGN,326,450,344,467
1277104432Image000098.jpg,10,9,70_SIGN,279,476,289,485
1277104432Image000098.jpg,9,7,PRIORITY_ROAD,280,485,289,492
1277104432Image000098.jpg,13,13,PASS_RIGHT_SIDE,178,474,191,487
1277104432Image000098.jpg,18,17,70_SIGN,326,450,344,467
1277104432Image000098.jpg,10,9,70_SIGN,279,476,289,485
1277104432Image000098.jpg,9,7,PRIORITY_ROAD,280,485,289,492
1277104432Image000098.jpg,13,13,PASS_RIGHT_SIDE,178,474,191,487
1277104432Image000103.jpg,21,22,70_SIGN,328,434,349,456
1277104432Image000103.jpg,10,10,70_SIGN,269,466,279,476
1277104432Image000103.jpg,8,8,PRIORITY_ROAD,271,475,279,483
1277104432Image000103.jpg,15,14,PASS_RIGHT_SIDE,157,465,172,479
1277104432Image000103.jpg,21,22,70_SIGN,328,434,349,456
1277104432Image000103.jpg,10,10,70_SIGN,269,466,279,476
1277104432Image000103.jpg,8,8,PRIORITY_ROAD,271,475,279,483
1277104432Image000103.jpg,15,14,PASS_RIGHT_SIDE,157,465,172,479
1277104432Image000103.jpg,21,22,70_SIGN,328,434,349,456
1277104432Image000103.jpg,10,10,70_SIGN,269,466,279,476
1277104432Image000103.jpg,8,8,PRIORITY_ROAD,271,475,279,483
1277104432Image000103.jpg,15,14,PASS_RIGHT_SIDE,157,465,172,479
1277104432Image000103.jpg,21,22,70_SIGN,328,434,349,456
1277104432Image000103.jpg,10,10,70_SIGN,269,466,279,476
1277104432Image000103.jpg,8,8,PRIORITY_ROAD,271,475,279,483
1277104432Image000103.jpg,15,14,PASS_RIGHT_SIDE,157,465,172,479
1277104432Image000103.jpg,21,22,70_SIGN,328,434,349,456
1277104432Image000103.jpg,10,10,70_SIGN,269,466,279,476
1277104432Image000103.jpg,8,8,PRIORITY_ROAD,271,475,279,483
1277104432Image000103.jpg,15,14,PASS_RIGHT_SIDE,157,465,172,479
1277104432Image000108.jpg,22,25,70_SIGN,340,432,362,457
1277104432Image000108.jpg,9,9,70_SIGN,269,470,278,479
1277104432Image000108.jpg,9,9,PRIORITY_ROAD,270,479,279,488
1277104432Image000108.jpg,14,16,PASS_RIGHT_SIDE,149,469,163,485
1277104432Image000108.jpg,22,25,70_SIGN,340,432,362,457
1277104432Image000108.jpg,9,9,70_SIGN,269,470,278,479
1277104432Image000108.jpg,9,9,PRIORITY_ROAD,270,479,279,488
1277104432Image000108.jpg,14,16,PASS_RIGHT_SIDE,149,469,163,485
1277104432Image000108.jpg,22,25,70_SIGN,340,432,362,457
1277104432Image000108.jpg,9,9,70_SIGN,269,470,278,479
1277104432Image000108.jpg,9,9,PRIORITY_ROAD,270,479,279,488
1277104432Image000108.jpg,14,16,PASS_RIGHT_SIDE,149,469,163,485
1277104432Image000108.jpg,22,25,70_SIGN,340,432,362,457
1277104432Image000108.jpg,9,9,70_SIGN,269,470,278,479
1277104432Image000108.jpg,9,9,PRIORITY_ROAD,270,479,279,488
1277104432Image000108.jpg,14,16,PASS_RIGHT_SIDE,149,469,163,485
1277104432Image000108.jpg,22,25,70_SIGN,340,432,362,457
1277104432Image000108.jpg,9,9,70_SIGN,269,470,278,479
1277104432Image000108.jpg,9,9,PRIORITY_ROAD,270,479,279,488
1277104432Image000108.jpg,14,16,PASS_RIGHT_SIDE,149,469,163,485
1277104432Image000113.jpg,26,29,70_SIGN,362,422,388,451
1277104432Image000113.jpg,11,12,70_SIGN,270,467,281,479
1277104432Image000113.jpg,9,9,PRIORITY_ROAD,273,479,282,488
1277104432Image000113.jpg,17,17,PASS_RIGHT_SIDE,140,467,157,484
1277104432Image000113.jpg,26,29,70_SIGN,362,422,388,451
1277104432Image000113.jpg,11,12,70_SIGN,270,467,281,479
1277104432Image000113.jpg,9,9,PRIORITY_ROAD,273,479,282,488
1277104432Image000113.jpg,17,17,PASS_RIGHT_SIDE,140,467,157,484
1277104432Image000113.jpg,26,29,70_SIGN,362,422,388,451
1277104432Image000113.jpg,11,12,70_SIGN,270,467,281,479
1277104432Image000113.jpg,9,9,PRIORITY_ROAD,273,479,282,488
1277104432Image000113.jpg,17,17,PASS_RIGHT_SIDE,140,467,157,484
1277104432Image000113.jpg,26,29,70_SIGN,362,422,388,451
1277104432Image000113.jpg,11,12,70_SIGN,270,467,281,479
1277104432Image000113.jpg,9,9,PRIORITY_ROAD,273,479,282,488
1277104432Image000113.jpg,17,17,PASS_RIGHT_SIDE,140,467,157,484
1277104432Image000113.jpg,26,29,70_SIGN,362,422,388,451
1277104432Image000113.jpg,11,12,70_SIGN,270,467,281,479
1277104432Image000113.jpg,9,9,PRIORITY_ROAD,273,479,282,488
1277104432Image000113.jpg,17,17,PASS_RIGHT_SIDE,140,467,157,484
1277104432Image000118.jpg,34,34,70_SIGN,380,407,414,441
1277104432Image000118.jpg,11,12,70_SIGN,269,462,280,474
1277104432Image000118.jpg,10,9,PRIORITY_ROAD,270,473,280,482
1277104432Image000118.jpg,17,16,PASS_RIGHT_SIDE,128,461,145,477
1277104432Image000118.jpg,34,34,70_SIGN,380,407,414,441
1277104432Image000118.jpg,11,12,70_SIGN,269,462,280,474
1277104432Image000118.jpg,10,9,PRIORITY_ROAD,270,473,280,482
1277104432Image000118.jpg,17,16,PASS_RIGHT_SIDE,128,461,145,477
1277104432Image000118.jpg,34,34,70_SIGN,380,407,414,441
1277104432Image000118.jpg,11,12,70_SIGN,269,462,280,474
1277104432Image000118.jpg,10,9,PRIORITY_ROAD,270,473,280,482
1277104432Image000118.jpg,17,16,PASS_RIGHT_SIDE,128,461,145,477
1277104432Image000118.jpg,34,34,70_SIGN,380,407,414,441
1277104432Image000118.jpg,11,12,70_SIGN,269,462,280,474
1277104432Image000118.jpg,10,9,PRIORITY_ROAD,270,473,280,482
1277104432Image000118.jpg,17,16,PASS_RIGHT_SIDE,128,461,145,477
1277104432Image000118.jpg,34,34,70_SIGN,380,407,414,441
1277104432Image000118.jpg,11,12,70_SIGN,269,462,280,474
1277104432Image000118.jpg,10,9,PRIORITY_ROAD,270,473,280,482
1277104432Image000118.jpg,17,16,PASS_RIGHT_SIDE,128,461,145,477
1277104432Image000123.jpg,40,41,70_SIGN,419,389,459,430
1277104432Image000123.jpg,12,11,70_SIGN,268,460,280,471
1277104432Image000123.jpg,10,9,PRIORITY_ROAD,269,472,279,481
1277104432Image000123.jpg,18,17,PASS_RIGHT_SIDE,114,457,132,474
1277104432Image000123.jpg,40,41,70_SIGN,419,389,459,430
1277104432Image000123.jpg,12,11,70_SIGN,268,460,280,471
1277104432Image000123.jpg,10,9,PRIORITY_ROAD,269,472,279,481
1277104432Image000123.jpg,18,17,PASS_RIGHT_SIDE,114,457,132,474
1277104432Image000123.jpg,40,41,70_SIGN,419,389,459,430
1277104432Image000123.jpg,12,11,70_SIGN,268,460,280,471
1277104432Image000123.jpg,10,9,PRIORITY_ROAD,269,472,279,481
1277104432Image000123.jpg,18,17,PASS_RIGHT_SIDE,114,457,132,474
1277104432Image000123.jpg,40,41,70_SIGN,419,389,459,430
1277104432Image000123.jpg,12,11,70_SIGN,268,460,280,471
1277104432Image000123.jpg,10,9,PRIORITY_ROAD,269,472,279,481
1277104432Image000123.jpg,18,17,PASS_RIGHT_SIDE,114,457,132,474
1277104432Image000123.jpg,40,41,70_SIGN,419,389,459,430
1277104432Image000123.jpg,12,11,70_SIGN,268,460,280,471
1277104432Image000123.jpg,10,9,PRIORITY_ROAD,269,472,279,481
1277104432Image000123.jpg,18,17,PASS_RIGHT_SIDE,114,457,132,474
1277104432Image000128.jpg,53,57,70_SIGN,492,356,545,413
1277104432Image000128.jpg,12,11,70_SIGN,270,457,282,468
1277104432Image000128.jpg,11,10,PRIORITY_ROAD,271,469,282,479
1277104432Image000128.jpg,19,17,PASS_RIGHT_SIDE,98,454,117,471
1277104432Image000128.jpg,53,57,70_SIGN,492,356,545,413
1277104432Image000128.jpg,12,11,70_SIGN,270,457,282,468
1277104432Image000128.jpg,11,10,PRIORITY_ROAD,271,469,282,479
1277104432Image000128.jpg,19,17,PASS_RIGHT_SIDE,98,454,117,471
1277104432Image000128.jpg,53,57,70_SIGN,492,356,545,413
1277104432Image000128.jpg,12,11,70_SIGN,270,457,282,468
1277104432Image000128.jpg,11,10,PRIORITY_ROAD,271,469,282,479
1277104432Image000128.jpg,19,17,PASS_RIGHT_SIDE,98,454,117,471
1277104432Image000128.jpg,53,57,70_SIGN,492,356,545,413
1277104432Image000128.jpg,12,11,70_SIGN,270,457,282,468
1277104432Image000128.jpg,11,10,PRIORITY_ROAD,271,469,282,479
1277104432Image000128.jpg,19,17,PASS_RIGHT_SIDE,98,454,117,471
1277104432Image000128.jpg,53,57,70_SIGN,492,356,545,413
1277104432Image000128.jpg,12,11,70_SIGN,270,457,282,468
1277104432Image000128.jpg,11,10,PRIORITY_ROAD,271,469,282,479
1277104432Image000128.jpg,19,17,PASS_RIGHT_SIDE,98,454,117,471
1277104432Image000138.jpg,77,78,70_SIGN,845,252,922,330
1277104432Image000138.jpg,72,72,PRIORITY_ROAD,852,334,924,406
1277104432Image000138.jpg,77,78,70_SIGN,845,252,922,330
1277104432Image000138.jpg,72,72,PRIORITY_ROAD,852,334,924,406
1277104432Image000138.jpg,77,78,70_SIGN,845,252,922,330
1277104432Image000138.jpg,72,72,PRIORITY_ROAD,852,334,924,406
1277104432Image000153.jpg,10,24,STOP,614,434,624,458
1277104432Image000153.jpg,10,24,STOP,614,434,624,458
1277104432Image000158.jpg,15,38,STOP,765,427,780,465
1277104432Image000158.jpg,15,38,STOP,765,427,780,465
1277104432Image000163.jpg,14,49,STOP,903,418,917,467
1277104432Image000163.jpg,14,49,STOP,903,418,917,467
1277104458Image000001.jpg,12,13,100_SIGN,194,427,206,440
1277104458Image000001.jpg,12,11,PRIORITY_ROAD,196,441,208,452
1277104458Image000001.jpg,24,24,PASS_RIGHT_SIDE,53,424,77,448
1277104458Image000001.jpg,12,13,100_SIGN,194,427,206,440
1277104458Image000001.jpg,12,11,PRIORITY_ROAD,196,441,208,452
1277104458Image000001.jpg,24,24,PASS_RIGHT_SIDE,53,424,77,448
1277104458Image000001.jpg,12,13,100_SIGN,194,427,206,440
1277104458Image000001.jpg,12,11,PRIORITY_ROAD,196,441,208,452
1277104458Image000001.jpg,24,24,PASS_RIGHT_SIDE,53,424,77,448
1277104458Image000001.jpg,12,13,100_SIGN,194,427,206,440
1277104458Image000001.jpg,12,11,PRIORITY_ROAD,196,441,208,452
1277104458Image000001.jpg,24,24,PASS_RIGHT_SIDE,53,424,77,448
1277104458Image000006.jpg,15,14,100_SIGN,208,421,223,435
1277104458Image000006.jpg,11,10,PRIORITY_ROAD,211,435,222,445
1277104458Image000006.jpg,30,28,PASS_RIGHT_SIDE,27,410,57,438
1277104458Image000006.jpg,15,14,100_SIGN,208,421,223,435
1277104458Image000006.jpg,11,10,PRIORITY_ROAD,211,435,222,445
1277104458Image000006.jpg,30,28,PASS_RIGHT_SIDE,27,410,57,438
1277104458Image000006.jpg,15,14,100_SIGN,208,421,223,435
1277104458Image000006.jpg,11,10,PRIORITY_ROAD,211,435,222,445
1277104458Image000006.jpg,30,28,PASS_RIGHT_SIDE,27,410,57,438
1277104458Image000006.jpg,15,14,100_SIGN,208,421,223,435
1277104458Image000006.jpg,11,10,PRIORITY_ROAD,211,435,222,445
1277104458Image000006.jpg,30,28,PASS_RIGHT_SIDE,27,410,57,438
1277104458Image000011.jpg,14,15,100_SIGN,240,423,254,438
1277104458Image000011.jpg,13,13,PRIORITY_ROAD,241,437,254,450
1277104458Image000011.jpg,14,15,100_SIGN,240,423,254,438
1277104458Image000011.jpg,13,13,PRIORITY_ROAD,241,437,254,450
1277104458Image000011.jpg,14,15,100_SIGN,240,423,254,438
1277104458Image000011.jpg,13,13,PRIORITY_ROAD,241,437,254,450
1277104458Image000016.jpg,15,16,100_SIGN,260,425,275,441
1277104458Image000016.jpg,13,12,PRIORITY_ROAD,262,442,275,454
1277104458Image000016.jpg,15,16,100_SIGN,260,425,275,441
1277104458Image000016.jpg,13,12,PRIORITY_ROAD,262,442,275,454
1277104458Image000016.jpg,15,16,100_SIGN,260,425,275,441
1277104458Image000016.jpg,13,12,PRIORITY_ROAD,262,442,275,454
1277104458Image000021.jpg,19,17,100_SIGN,279,424,298,441
1277104458Image000021.jpg,14,15,PRIORITY_ROAD,282,441,296,456
1277104458Image000021.jpg,19,17,100_SIGN,279,424,298,441
1277104458Image000021.jpg,14,15,PRIORITY_ROAD,282,441,296,456
1277104458Image000021.jpg,19,17,100_SIGN,279,424,298,441
1277104458Image000021.jpg,14,15,PRIORITY_ROAD,282,441,296,456
1277104458Image000026.jpg,18,21,100_SIGN,298,425,316,446
1277104458Image000026.jpg,16,15,PRIORITY_ROAD,300,446,316,461
1277104458Image000026.jpg,18,21,100_SIGN,298,425,316,446
1277104458Image000026.jpg,16,15,PRIORITY_ROAD,300,446,316,461
1277104458Image000026.jpg,18,21,100_SIGN,298,425,316,446
1277104458Image000026.jpg,16,15,PRIORITY_ROAD,300,446,316,461
1277104458Image000031.jpg,23,25,100_SIGN,323,421,346,446
1277104458Image000031.jpg,19,20,PRIORITY_ROAD,325,446,344,466
1277104458Image000031.jpg,23,25,100_SIGN,323,421,346,446
1277104458Image000031.jpg,19,20,PRIORITY_ROAD,325,446,344,466
1277104458Image000031.jpg,23,25,100_SIGN,323,421,346,446
1277104458Image000031.jpg,19,20,PRIORITY_ROAD,325,446,344,466
1277104458Image000036.jpg,28,28,100_SIGN,353,420,381,448
1277104458Image000036.jpg,24,25,PRIORITY_ROAD,355,450,379,475
1277104458Image000036.jpg,28,28,100_SIGN,353,420,381,448
1277104458Image000036.jpg,24,25,PRIORITY_ROAD,355,450,379,475
1277104458Image000036.jpg,28,28,100_SIGN,353,420,381,448
1277104458Image000036.jpg,24,25,PRIORITY_ROAD,355,450,379,475
1277104458Image000041.jpg,38,36,100_SIGN,399,398,437,434
1277104458Image000041.jpg,35,32,PRIORITY_ROAD,401,435,436,467
1277104458Image000041.jpg,38,36,100_SIGN,399,398,437,434
1277104458Image000041.jpg,35,32,PRIORITY_ROAD,401,435,436,467
1277104458Image000041.jpg,38,36,100_SIGN,399,398,437,434
1277104458Image000041.jpg,35,32,PRIORITY_ROAD,401,435,436,467
1277104458Image000046.jpg,49,53,100_SIGN,469,370,518,423
1277104458Image000046.jpg,47,46,PRIORITY_ROAD,470,424,517,470
1277104458Image000046.jpg,49,53,100_SIGN,469,370,518,423
1277104458Image000046.jpg,47,46,PRIORITY_ROAD,470,424,517,470
1277104458Image000046.jpg,49,53,100_SIGN,469,370,518,423
1277104458Image000046.jpg,47,46,PRIORITY_ROAD,470,424,517,470
1277104458Image000051.jpg,85,91,100_SIGN,617,309,702,400
1277104458Image000051.jpg,72,76,PRIORITY_ROAD,622,403,694,479
1277104458Image000051.jpg,85,91,100_SIGN,617,309,702,400
1277104458Image000051.jpg,72,76,PRIORITY_ROAD,622,403,694,479
1277104458Image000051.jpg,85,91,100_SIGN,617,309,702,400
1277104458Image000051.jpg,72,76,PRIORITY_ROAD,622,403,694,479
1277104458Image000056.jpg,126,135,100_SIGN,903,201,1029,336
1277104458Image000056.jpg,109,125,100_SIGN,911,339,1020,464
1277104458Image000056.jpg,126,135,100_SIGN,903,201,1029,336
1277104458Image000056.jpg,109,125,100_SIGN,911,339,1020,464
1277104458Image000056.jpg,126,135,100_SIGN,903,201,1029,336
1277104458Image000056.jpg,109,125,100_SIGN,911,339,1020,464
1277104487Image000001.jpg,9,9,OTHER,304,464,313,473
1277104487Image000001.jpg,7,7,OTHER,274,471,281,478
1277104487Image000001.jpg,9,9,OTHER,304,464,313,473
1277104487Image000001.jpg,7,7,OTHER,274,471,281,478
1277104487Image000001.jpg,9,9,OTHER,304,464,313,473
1277104487Image000001.jpg,7,7,OTHER,274,471,281,478
1277104487Image000006.jpg,9,11,OTHER,304,457,313,468
1277104487Image000006.jpg,7,8,OTHER,272,467,279,475
1277104487Image000006.jpg,9,11,OTHER,304,457,313,468
1277104487Image000006.jpg,7,8,OTHER,272,467,279,475
1277104487Image000006.jpg,9,11,OTHER,304,457,313,468
1277104487Image000006.jpg,7,8,OTHER,272,467,279,475
1277104487Image000011.jpg,10,10,OTHER,312,457,322,467
1277104487Image000011.jpg,6,6,OTHER,276,465,282,471
1277104487Image000011.jpg,10,10,OTHER,312,457,322,467
1277104487Image000011.jpg,6,6,OTHER,276,465,282,471
1277104487Image000011.jpg,10,10,OTHER,312,457,322,467
1277104487Image000011.jpg,6,6,OTHER,276,465,282,471
1277104487Image000016.jpg,12,11,OTHER,316,447,328,458
1277104487Image000016.jpg,8,8,OTHER,274,457,282,465
1277104487Image000016.jpg,12,11,OTHER,316,447,328,458
1277104487Image000016.jpg,8,8,OTHER,274,457,282,465
1277104487Image000016.jpg,12,11,OTHER,316,447,328,458
1277104487Image000016.jpg,8,8,OTHER,274,457,282,465
1277104487Image000021.jpg,14,12,OTHER,317,446,331,458
1277104487Image000021.jpg,9,10,OTHER,269,457,278,467
1277104487Image000021.jpg,14,12,OTHER,317,446,331,458
1277104487Image000021.jpg,9,10,OTHER,269,457,278,467
1277104487Image000021.jpg,14,12,OTHER,317,446,331,458
1277104487Image000021.jpg,9,10,OTHER,269,457,278,467
1277104487Image000026.jpg,15,14,OTHER,318,447,333,461
1277104487Image000026.jpg,8,7,OTHER,264,463,272,470
1277104487Image000026.jpg,15,14,OTHER,318,447,333,461
1277104487Image000026.jpg,8,7,OTHER,264,463,272,470
1277104487Image000026.jpg,15,14,OTHER,318,447,333,461
1277104487Image000026.jpg,8,7,OTHER,264,463,272,470
1277104487Image000031.jpg,16,17,OTHER,316,441,332,458
1277104487Image000031.jpg,9,9,OTHER,253,459,262,468
1277104487Image000031.jpg,16,17,OTHER,316,441,332,458
1277104487Image000031.jpg,9,9,OTHER,253,459,262,468
1277104487Image000031.jpg,16,17,OTHER,316,441,332,458
1277104487Image000031.jpg,9,9,OTHER,253,459,262,468
1277104487Image000036.jpg,20,18,OTHER,323,440,343,458
1277104487Image000036.jpg,9,8,OTHER,249,462,258,470
1277104487Image000036.jpg,20,18,OTHER,323,440,343,458
1277104487Image000036.jpg,9,8,OTHER,249,462,258,470
1277104487Image000036.jpg,20,18,OTHER,323,440,343,458
1277104487Image000036.jpg,9,8,OTHER,249,462,258,470
1277104487Image000041.jpg,21,24,OTHER,348,426,369,450
1277104487Image000041.jpg,8,10,OTHER,253,456,261,466
1277104487Image000041.jpg,21,24,OTHER,348,426,369,450
1277104487Image000041.jpg,8,10,OTHER,253,456,261,466
1277104487Image000041.jpg,21,24,OTHER,348,426,369,450
1277104487Image000041.jpg,8,10,OTHER,253,456,261,466
1277104487Image000051.jpg,45,47,OTHER,486,363,531,410
1277104487Image000051.jpg,7,13,STOP,321,438,328,451
1277104487Image000051.jpg,12,13,OTHER,268,442,280,455
1277104487Image000051.jpg,45,47,OTHER,486,363,531,410
1277104487Image000051.jpg,7,13,STOP,321,438,328,451
1277104487Image000051.jpg,12,13,OTHER,268,442,280,455
1277104487Image000051.jpg,45,47,OTHER,486,363,531,410
1277104487Image000051.jpg,7,13,STOP,321,438,328,451
1277104487Image000051.jpg,12,13,OTHER,268,442,280,455
1277104487Image000051.jpg,45,47,OTHER,486,363,531,410
1277104487Image000051.jpg,7,13,STOP,321,438,328,451
1277104487Image000051.jpg,12,13,OTHER,268,442,280,455
1277104487Image000056.jpg,72,72,OTHER,631,320,703,392
1277104487Image000056.jpg,9,12,STOP,332,445,341,457
1277104487Image000056.jpg,12,12,OTHER,277,448,289,460
1277104487Image000056.jpg,72,72,OTHER,631,320,703,392
1277104487Image000056.jpg,9,12,STOP,332,445,341,457
1277104487Image000056.jpg,12,12,OTHER,277,448,289,460
1277104487Image000056.jpg,72,72,OTHER,631,320,703,392
1277104487Image000056.jpg,9,12,STOP,332,445,341,457
1277104487Image000056.jpg,12,12,OTHER,277,448,289,460
1277104487Image000056.jpg,72,72,OTHER,631,320,703,392
1277104487Image000056.jpg,9,12,STOP,332,445,341,457
1277104487Image000056.jpg,12,12,OTHER,277,448,289,460
1277104487Image000061.jpg,150,153,OTHER,1105,156,1255,309
1277104487Image000061.jpg,10,12,STOP,344,440,354,452
1277104487Image000061.jpg,13,14,OTHER,286,442,299,456
1277104487Image000061.jpg,150,153,OTHER,1105,156,1255,309
1277104487Image000061.jpg,10,12,STOP,344,440,354,452
1277104487Image000061.jpg,13,14,OTHER,286,442,299,456
1277104487Image000061.jpg,150,153,OTHER,1105,156,1255,309
1277104487Image000061.jpg,10,12,STOP,344,440,354,452
1277104487Image000061.jpg,13,14,OTHER,286,442,299,456
1277104487Image000061.jpg,150,153,OTHER,1105,156,1255,309
1277104487Image000061.jpg,10,12,STOP,344,440,354,452
1277104487Image000061.jpg,13,14,OTHER,286,442,299,456
1277104487Image000066.jpg,11,14,STOP,356,435,367,449
1277104487Image000066.jpg,13,15,OTHER,294,437,307,452
1277104487Image000066.jpg,11,14,STOP,356,435,367,449
1277104487Image000066.jpg,13,15,OTHER,294,437,307,452
1277104487Image000066.jpg,11,14,STOP,356,435,367,449
1277104487Image000066.jpg,13,15,OTHER,294,437,307,452
1277104487Image000076.jpg,14,15,STOP,395,429,409,444
1277104487Image000076.jpg,18,19,OTHER,317,429,335,448
1277104487Image000076.jpg,10,9,PASS_RIGHT_SIDE,156,440,166,449
1277104487Image000076.jpg,14,15,STOP,395,429,409,444
1277104487Image000076.jpg,18,19,OTHER,317,429,335,448
1277104487Image000076.jpg,10,9,PASS_RIGHT_SIDE,156,440,166,449
1277104487Image000076.jpg,14,15,STOP,395,429,409,444
1277104487Image000076.jpg,18,19,OTHER,317,429,335,448
1277104487Image000076.jpg,10,9,PASS_RIGHT_SIDE,156,440,166,449
1277104487Image000076.jpg,14,15,STOP,395,429,409,444
1277104487Image000076.jpg,18,19,OTHER,317,429,335,448
1277104487Image000076.jpg,10,9,PASS_RIGHT_SIDE,156,440,166,449
1277104487Image000081.jpg,17,24,STOP,442,420,459,444
1277104487Image000081.jpg,26,24,OTHER,344,421,370,445
1277104487Image000081.jpg,10,11,PASS_RIGHT_SIDE,115,439,125,450
1277104487Image000081.jpg,17,24,STOP,442,420,459,444
1277104487Image000081.jpg,26,24,OTHER,344,421,370,445
1277104487Image000081.jpg,10,11,PASS_RIGHT_SIDE,115,439,125,450
1277104487Image000081.jpg,17,24,STOP,442,420,459,444
1277104487Image000081.jpg,26,24,OTHER,344,421,370,445
1277104487Image000081.jpg,10,11,PASS_RIGHT_SIDE,115,439,125,450
1277104487Image000081.jpg,17,24,STOP,442,420,459,444
1277104487Image000081.jpg,26,24,OTHER,344,421,370,445
1277104487Image000081.jpg,10,11,PASS_RIGHT_SIDE,115,439,125,450
1277104487Image000086.jpg,20,24,STOP,477,414,497,438
1277104487Image000086.jpg,33,32,OTHER,367,406,400,438
1277104487Image000086.jpg,11,12,PASS_RIGHT_SIDE,94,432,105,444
1277104487Image000086.jpg,20,24,STOP,477,414,497,438
1277104487Image000086.jpg,33,32,OTHER,367,406,400,438
1277104487Image000086.jpg,11,12,PASS_RIGHT_SIDE,94,432,105,444
1277104487Image000086.jpg,20,24,STOP,477,414,497,438
1277104487Image000086.jpg,33,32,OTHER,367,406,400,438
1277104487Image000086.jpg,11,12,PASS_RIGHT_SIDE,94,432,105,444
1277104487Image000086.jpg,20,24,STOP,477,414,497,438
1277104487Image000086.jpg,33,32,OTHER,367,406,400,438
1277104487Image000086.jpg,11,12,PASS_RIGHT_SIDE,94,432,105,444
1277104487Image000091.jpg,21,30,STOP,571,405,592,435
1277104487Image000091.jpg,50,48,OTHER,454,382,504,430
1277104487Image000091.jpg,14,15,PASS_RIGHT_SIDE,49,424,63,439
1277104487Image000091.jpg,21,30,STOP,571,405,592,435
1277104487Image000091.jpg,50,48,OTHER,454,382,504,430
1277104487Image000091.jpg,14,15,PASS_RIGHT_SIDE,49,424,63,439
1277104487Image000091.jpg,21,30,STOP,571,405,592,435
1277104487Image000091.jpg,50,48,OTHER,454,382,504,430
1277104487Image000091.jpg,14,15,PASS_RIGHT_SIDE,49,424,63,439
1277104487Image000091.jpg,21,30,STOP,571,405,592,435
1277104487Image000091.jpg,50,48,OTHER,454,382,504,430
1277104487Image000091.jpg,14,15,PASS_RIGHT_SIDE,49,424,63,439
1277104487Image000096.jpg,27,42,STOP,699,382,726,424
1277104487Image000096.jpg,83,85,OTHER,628,319,711,404
1277104487Image000096.jpg,27,42,STOP,699,382,726,424
1277104487Image000096.jpg,83,85,OTHER,628,319,711,404
1277104487Image000096.jpg,27,42,STOP,699,382,726,424
1277104487Image000096.jpg,83,85,OTHER,628,319,711,404
1277104487Image000101.jpg,34,88,STOP,1238,322,1272,410
1277104487Image000101.jpg,34,88,STOP,1238,322,1272,410
1277104511Image000001.jpg,14,13,100_SIGN,207,450,221,463
1277104511Image000001.jpg,12,11,PRIORITY_ROAD,209,462,221,473
1277104511Image000001.jpg,14,13,100_SIGN,207,450,221,463
1277104511Image000001.jpg,12,11,PRIORITY_ROAD,209,462,221,473
1277104511Image000001.jpg,14,13,100_SIGN,207,450,221,463
1277104511Image000001.jpg,12,11,PRIORITY_ROAD,209,462,221,473
1277104511Image000011.jpg,16,15,100_SIGN,236,461,252,476
1277104511Image000011.jpg,13,12,PRIORITY_ROAD,237,475,250,487
1277104511Image000011.jpg,14,14,PASS_RIGHT_SIDE,135,472,149,486
1277104511Image000011.jpg,16,15,100_SIGN,236,461,252,476
1277104511Image000011.jpg,13,12,PRIORITY_ROAD,237,475,250,487
1277104511Image000011.jpg,14,14,PASS_RIGHT_SIDE,135,472,149,486
1277104511Image000011.jpg,16,15,100_SIGN,236,461,252,476
1277104511Image000011.jpg,13,12,PRIORITY_ROAD,237,475,250,487
1277104511Image000011.jpg,14,14,PASS_RIGHT_SIDE,135,472,149,486
1277104511Image000011.jpg,16,15,100_SIGN,236,461,252,476
1277104511Image000011.jpg,13,12,PRIORITY_ROAD,237,475,250,487
1277104511Image000011.jpg,14,14,PASS_RIGHT_SIDE,135,472,149,486
1277104511Image000016.jpg,17,17,100_SIGN,252,442,269,459
1277104511Image000016.jpg,15,14,PRIORITY_ROAD,254,459,269,473
1277104511Image000016.jpg,17,16,PASS_RIGHT_SIDE,136,455,153,471
1277104511Image000016.jpg,17,17,100_SIGN,252,442,269,459
1277104511Image000016.jpg,15,14,PRIORITY_ROAD,254,459,269,473
1277104511Image000016.jpg,17,16,PASS_RIGHT_SIDE,136,455,153,471
1277104511Image000016.jpg,17,17,100_SIGN,252,442,269,459
1277104511Image000016.jpg,15,14,PRIORITY_ROAD,254,459,269,473
1277104511Image000016.jpg,17,16,PASS_RIGHT_SIDE,136,455,153,471
1277104511Image000016.jpg,17,17,100_SIGN,252,442,269,459
1277104511Image000016.jpg,15,14,PRIORITY_ROAD,254,459,269,473
1277104511Image000016.jpg,17,16,PASS_RIGHT_SIDE,136,455,153,471
1277104511Image000021.jpg,19,19,100_SIGN,274,434,293,453
1277104511Image000021.jpg,18,16,PRIORITY_ROAD,277,453,295,469
1277104511Image000021.jpg,21,20,PASS_RIGHT_SIDE,128,448,149,468
1277104511Image000021.jpg,19,19,100_SIGN,274,434,293,453
1277104511Image000021.jpg,18,16,PRIORITY_ROAD,277,453,295,469
1277104511Image000021.jpg,21,20,PASS_RIGHT_SIDE,128,448,149,468
1277104511Image000021.jpg,19,19,100_SIGN,274,434,293,453
1277104511Image000021.jpg,18,16,PRIORITY_ROAD,277,453,295,469
1277104511Image000021.jpg,21,20,PASS_RIGHT_SIDE,128,448,149,468
1277104511Image000021.jpg,19,19,100_SIGN,274,434,293,453
1277104511Image000021.jpg,18,16,PRIORITY_ROAD,277,453,295,469
1277104511Image000021.jpg,21,20,PASS_RIGHT_SIDE,128,448,149,468
1277104511Image000026.jpg,25,24,100_SIGN,298,422,323,446
1277104511Image000026.jpg,20,20,PRIORITY_ROAD,302,447,322,467
1277104511Image000026.jpg,24,27,PASS_RIGHT_SIDE,115,438,139,465
1277104511Image000026.jpg,25,24,100_SIGN,298,422,323,446
1277104511Image000026.jpg,20,20,PRIORITY_ROAD,302,447,322,467
1277104511Image000026.jpg,24,27,PASS_RIGHT_SIDE,115,438,139,465
1277104511Image000026.jpg,25,24,100_SIGN,298,422,323,446
1277104511Image000026.jpg,20,20,PRIORITY_ROAD,302,447,322,467
1277104511Image000026.jpg,24,27,PASS_RIGHT_SIDE,115,438,139,465
1277104511Image000026.jpg,25,24,100_SIGN,298,422,323,446
1277104511Image000026.jpg,20,20,PRIORITY_ROAD,302,447,322,467
1277104511Image000026.jpg,24,27,PASS_RIGHT_SIDE,115,438,139,465
1277104511Image000036.jpg,38,37,100_SIGN,380,378,418,415
1277104511Image000036.jpg,34,31,PRIORITY_ROAD,381,417,415,448
1277104511Image000036.jpg,38,37,100_SIGN,380,378,418,415
1277104511Image000036.jpg,34,31,PRIORITY_ROAD,381,417,415,448
1277104511Image000036.jpg,38,37,100_SIGN,380,378,418,415
1277104511Image000036.jpg,34,31,PRIORITY_ROAD,381,417,415,448
1277104511Image000041.jpg,49,48,100_SIGN,442,353,491,401
1277104511Image000041.jpg,43,44,PRIORITY_ROAD,445,402,488,446
1277104511Image000041.jpg,49,48,100_SIGN,442,353,491,401
1277104511Image000041.jpg,43,44,PRIORITY_ROAD,445,402,488,446
1277104511Image000041.jpg,49,48,100_SIGN,442,353,491,401
1277104511Image000041.jpg,43,44,PRIORITY_ROAD,445,402,488,446
1277104511Image000046.jpg,67,72,100_SIGN,557,298,624,370
1277104511Image000046.jpg,64,66,PRIORITY_ROAD,556,368,620,434
1277104511Image000046.jpg,67,72,100_SIGN,557,298,624,370
1277104511Image000046.jpg,64,66,PRIORITY_ROAD,556,368,620,434
1277104511Image000046.jpg,67,72,100_SIGN,557,298,624,370
1277104511Image000046.jpg,64,66,PRIORITY_ROAD,556,368,620,434
1277104585Image000016.jpg,11,11,PASS_RIGHT_SIDE,175,453,186,464
1277104585Image000016.jpg,11,11,PASS_RIGHT_SIDE,175,453,186,464
1277104585Image000021.jpg,13,14,PASS_RIGHT_SIDE,167,449,180,463
1277104585Image000021.jpg,11,10,100_SIGN,306,441,317,451
1277104585Image000021.jpg,8,7,PRIORITY_ROAD,310,451,318,458
1277104585Image000021.jpg,13,14,PASS_RIGHT_SIDE,167,449,180,463
1277104585Image000021.jpg,11,10,100_SIGN,306,441,317,451
1277104585Image000021.jpg,8,7,PRIORITY_ROAD,310,451,318,458
1277104585Image000021.jpg,13,14,PASS_RIGHT_SIDE,167,449,180,463
1277104585Image000021.jpg,11,10,100_SIGN,306,441,317,451
1277104585Image000021.jpg,8,7,PRIORITY_ROAD,310,451,318,458
1277104585Image000021.jpg,13,14,PASS_RIGHT_SIDE,167,449,180,463
1277104585Image000021.jpg,11,10,100_SIGN,306,441,317,451
1277104585Image000021.jpg,8,7,PRIORITY_ROAD,310,451,318,458
1277104585Image000026.jpg,15,14,PASS_RIGHT_SIDE,159,455,174,469
1277104585Image000026.jpg,12,11,100_SIGN,308,446,320,457
1277104585Image000026.jpg,10,10,PRIORITY_ROAD,310,457,320,467
1277104585Image000026.jpg,15,14,PASS_RIGHT_SIDE,159,455,174,469
1277104585Image000026.jpg,12,11,100_SIGN,308,446,320,457
1277104585Image000026.jpg,10,10,PRIORITY_ROAD,310,457,320,467
1277104585Image000026.jpg,15,14,PASS_RIGHT_SIDE,159,455,174,469
1277104585Image000026.jpg,12,11,100_SIGN,308,446,320,457
1277104585Image000026.jpg,10,10,PRIORITY_ROAD,310,457,320,467
1277104585Image000026.jpg,15,14,PASS_RIGHT_SIDE,159,455,174,469
1277104585Image000026.jpg,12,11,100_SIGN,308,446,320,457
1277104585Image000026.jpg,10,10,PRIORITY_ROAD,310,457,320,467
1277104585Image000031.jpg,15,13,PASS_RIGHT_SIDE,149,448,164,461
1277104585Image000031.jpg,12,12,100_SIGN,310,437,322,449
1277104585Image000031.jpg,12,10,PRIORITY_ROAD,312,450,324,460
1277104585Image000031.jpg,15,13,PASS_RIGHT_SIDE,149,448,164,461
1277104585Image000031.jpg,12,12,100_SIGN,310,437,322,449
1277104585Image000031.jpg,12,10,PRIORITY_ROAD,312,450,324,460
1277104585Image000031.jpg,15,13,PASS_RIGHT_SIDE,149,448,164,461
1277104585Image000031.jpg,12,12,100_SIGN,310,437,322,449
1277104585Image000031.jpg,12,10,PRIORITY_ROAD,312,450,324,460
1277104585Image000031.jpg,15,13,PASS_RIGHT_SIDE,149,448,164,461
1277104585Image000031.jpg,12,12,100_SIGN,310,437,322,449
1277104585Image000031.jpg,12,10,PRIORITY_ROAD,312,450,324,460
1277104585Image000036.jpg,16,18,PASS_RIGHT_SIDE,139,440,155,458
1277104585Image000036.jpg,13,11,100_SIGN,313,434,326,445
1277104585Image000036.jpg,11,9,PRIORITY_ROAD,315,446,326,455
1277104585Image000036.jpg,16,18,PASS_RIGHT_SIDE,139,440,155,458
1277104585Image000036.jpg,13,11,100_SIGN,313,434,326,445
1277104585Image000036.jpg,11,9,PRIORITY_ROAD,315,446,326,455
1277104585Image000036.jpg,16,18,PASS_RIGHT_SIDE,139,440,155,458
1277104585Image000036.jpg,13,11,100_SIGN,313,434,326,445
1277104585Image000036.jpg,11,9,PRIORITY_ROAD,315,446,326,455
1277104585Image000036.jpg,16,18,PASS_RIGHT_SIDE,139,440,155,458
1277104585Image000036.jpg,13,11,100_SIGN,313,434,326,445
1277104585Image000036.jpg,11,9,PRIORITY_ROAD,315,446,326,455
1277104585Image000041.jpg,17,18,PASS_RIGHT_SIDE,125,444,142,462
1277104585Image000041.jpg,14,14,100_SIGN,319,435,333,449
1277104585Image000041.jpg,11,11,PRIORITY_ROAD,321,449,332,460
1277104585Image000041.jpg,17,18,PASS_RIGHT_SIDE,125,444,142,462
1277104585Image000041.jpg,14,14,100_SIGN,319,435,333,449
1277104585Image000041.jpg,11,11,PRIORITY_ROAD,321,449,332,460
1277104585Image000041.jpg,17,18,PASS_RIGHT_SIDE,125,444,142,462
1277104585Image000041.jpg,14,14,100_SIGN,319,435,333,449
1277104585Image000041.jpg,11,11,PRIORITY_ROAD,321,449,332,460
1277104585Image000041.jpg,17,18,PASS_RIGHT_SIDE,125,444,142,462
1277104585Image000041.jpg,14,14,100_SIGN,319,435,333,449
1277104585Image000041.jpg,11,11,PRIORITY_ROAD,321,449,332,460
1277104585Image000046.jpg,20,20,PASS_RIGHT_SIDE,113,441,133,461
1277104585Image000046.jpg,14,15,100_SIGN,329,434,343,449
1277104585Image000046.jpg,11,13,PRIORITY_ROAD,331,448,342,461
1277104585Image000046.jpg,20,20,PASS_RIGHT_SIDE,113,441,133,461
1277104585Image000046.jpg,14,15,100_SIGN,329,434,343,449
1277104585Image000046.jpg,11,13,PRIORITY_ROAD,331,448,342,461
1277104585Image000046.jpg,20,20,PASS_RIGHT_SIDE,113,441,133,461
1277104585Image000046.jpg,14,15,100_SIGN,329,434,343,449
1277104585Image000046.jpg,11,13,PRIORITY_ROAD,331,448,342,461
1277104585Image000046.jpg,20,20,PASS_RIGHT_SIDE,113,441,133,461
1277104585Image000046.jpg,14,15,100_SIGN,329,434,343,449
1277104585Image000046.jpg,11,13,PRIORITY_ROAD,331,448,342,461
1277104585Image000051.jpg,31,30,PASS_RIGHT_SIDE,55,426,86,456
1277104585Image000051.jpg,18,19,100_SIGN,357,422,375,441
1277104585Image000051.jpg,17,16,PRIORITY_ROAD,359,441,376,457
1277104585Image000051.jpg,31,30,PASS_RIGHT_SIDE,55,426,86,456
1277104585Image000051.jpg,18,19,100_SIGN,357,422,375,441
1277104585Image000051.jpg,17,16,PRIORITY_ROAD,359,441,376,457
1277104585Image000051.jpg,31,30,PASS_RIGHT_SIDE,55,426,86,456
1277104585Image000051.jpg,18,19,100_SIGN,357,422,375,441
1277104585Image000051.jpg,17,16,PRIORITY_ROAD,359,441,376,457
1277104585Image000051.jpg,31,30,PASS_RIGHT_SIDE,55,426,86,456
1277104585Image000051.jpg,18,19,100_SIGN,357,422,375,441
1277104585Image000051.jpg,17,16,PRIORITY_ROAD,359,441,376,457
1277104585Image000056.jpg,37,41,PASS_RIGHT_SIDE,3,413,40,454
1277104585Image000056.jpg,18,20,100_SIGN,381,416,399,436
1277104585Image000056.jpg,18,17,PRIORITY_ROAD,383,437,401,454
1277104585Image000056.jpg,37,41,PASS_RIGHT_SIDE,3,413,40,454
1277104585Image000056.jpg,18,20,100_SIGN,381,416,399,436
1277104585Image000056.jpg,18,17,PRIORITY_ROAD,383,437,401,454
1277104585Image000056.jpg,37,41,PASS_RIGHT_SIDE,3,413,40,454
1277104585Image000056.jpg,18,20,100_SIGN,381,416,399,436
1277104585Image000056.jpg,18,17,PRIORITY_ROAD,383,437,401,454
1277104585Image000056.jpg,37,41,PASS_RIGHT_SIDE,3,413,40,454
1277104585Image000056.jpg,18,20,100_SIGN,381,416,399,436
1277104585Image000056.jpg,18,17,PRIORITY_ROAD,383,437,401,454
1277104585Image000061.jpg,27,24,100_SIGN,413,400,440,424
1277104585Image000061.jpg,24,23,PRIORITY_ROAD,415,426,439,449
1277104585Image000061.jpg,27,24,100_SIGN,413,400,440,424
1277104585Image000061.jpg,24,23,PRIORITY_ROAD,415,426,439,449
1277104585Image000061.jpg,27,24,100_SIGN,413,400,440,424
1277104585Image000061.jpg,24,23,PRIORITY_ROAD,415,426,439,449
1277104585Image000066.jpg,30,32,100_SIGN,442,384,472,416
1277104585Image000066.jpg,26,26,PRIORITY_ROAD,446,416,472,442
1277104585Image000066.jpg,30,32,100_SIGN,442,384,472,416
1277104585Image000066.jpg,26,26,PRIORITY_ROAD,446,416,472,442
1277104585Image000066.jpg,30,32,100_SIGN,442,384,472,416
1277104585Image000066.jpg,26,26,PRIORITY_ROAD,446,416,472,442
1277104585Image000071.jpg,41,40,100_SIGN,521,355,562,395
1277104585Image000071.jpg,37,36,PRIORITY_ROAD,526,399,563,435
1277104585Image000071.jpg,41,40,100_SIGN,521,355,562,395
1277104585Image000071.jpg,37,36,PRIORITY_ROAD,526,399,563,435
1277104585Image000071.jpg,41,40,100_SIGN,521,355,562,395
1277104585Image000071.jpg,37,36,PRIORITY_ROAD,526,399,563,435
1277104585Image000076.jpg,59,59,100_SIGN,669,301,728,360
1277104585Image000076.jpg,51,51,PRIORITY_ROAD,678,367,729,418
1277104585Image000076.jpg,59,59,100_SIGN,669,301,728,360
1277104585Image000076.jpg,51,51,PRIORITY_ROAD,678,367,729,418
1277104585Image000076.jpg,59,59,100_SIGN,669,301,728,360
1277104585Image000076.jpg,51,51,PRIORITY_ROAD,678,367,729,418
1277104585Image000081.jpg,87,93,100_SIGN,915,208,1002,301
1277104585Image000081.jpg,78,83,PRIORITY_ROAD,925,306,1003,389
1277104585Image000081.jpg,87,93,100_SIGN,915,208,1002,301
1277104585Image000081.jpg,78,83,PRIORITY_ROAD,925,306,1003,389
1277104585Image000081.jpg,87,93,100_SIGN,915,208,1002,301
1277104585Image000081.jpg,78,83,PRIORITY_ROAD,925,306,1003,389
1277104621Image000001.jpg,16,16,100_SIGN,262,441,278,457
1277104621Image000001.jpg,10,10,PRIORITY_ROAD,265,456,275,466
1277104621Image000001.jpg,16,16,100_SIGN,262,441,278,457
1277104621Image000001.jpg,10,10,PRIORITY_ROAD,265,456,275,466
1277104621Image000006.jpg,17,18,100_SIGN,281,436,298,454
1277104621Image000006.jpg,10,11,PRIORITY_ROAD,286,454,296,465
1277104621Image000006.jpg,17,18,100_SIGN,281,436,298,454
1277104621Image000006.jpg,10,11,PRIORITY_ROAD,286,454,296,465
1277104621Image000006.jpg,17,18,100_SIGN,281,436,298,454
1277104621Image000006.jpg,10,11,PRIORITY_ROAD,286,454,296,465
1277104621Image000011.jpg,20,21,100_SIGN,301,436,321,457
1277104621Image000011.jpg,12,12,PRIORITY_ROAD,306,456,318,468
1277104621Image000011.jpg,20,21,100_SIGN,301,436,321,457
1277104621Image000011.jpg,12,12,PRIORITY_ROAD,306,456,318,468
1277104621Image000011.jpg,20,21,100_SIGN,301,436,321,457
1277104621Image000011.jpg,12,12,PRIORITY_ROAD,306,456,318,468
1277104621Image000016.jpg,22,25,100_SIGN,336,427,358,452
1277104621Image000016.jpg,12,14,PRIORITY_ROAD,341,452,353,466
1277104621Image000016.jpg,22,25,100_SIGN,336,427,358,452
1277104621Image000016.jpg,12,14,PRIORITY_ROAD,341,452,353,466
1277104621Image000016.jpg,22,25,100_SIGN,336,427,358,452
1277104621Image000016.jpg,12,14,PRIORITY_ROAD,341,452,353,466
1277104621Image000021.jpg,24,28,100_SIGN,369,423,393,451
1277104621Image000021.jpg,17,17,PRIORITY_ROAD,374,452,391,469
1277104621Image000021.jpg,24,28,100_SIGN,369,423,393,451
1277104621Image000021.jpg,17,17,PRIORITY_ROAD,374,452,391,469
1277104621Image000021.jpg,24,28,100_SIGN,369,423,393,451
1277104621Image000021.jpg,17,17,PRIORITY_ROAD,374,452,391,469
1277104621Image000026.jpg,33,36,100_SIGN,409,419,442,455
1277104621Image000026.jpg,21,20,PRIORITY_ROAD,416,455,437,475
1277104621Image000026.jpg,33,36,100_SIGN,409,419,442,455
1277104621Image000026.jpg,21,20,PRIORITY_ROAD,416,455,437,475
1277104621Image000026.jpg,33,36,100_SIGN,409,419,442,455
1277104621Image000026.jpg,21,20,PRIORITY_ROAD,416,455,437,475
1277104621Image000031.jpg,44,47,100_SIGN,509,397,553,444
1277104621Image000031.jpg,28,28,PRIORITY_ROAD,517,448,545,476
1277104621Image000031.jpg,44,47,100_SIGN,509,397,553,444
1277104621Image000031.jpg,28,28,PRIORITY_ROAD,517,448,545,476
1277104621Image000031.jpg,44,47,100_SIGN,509,397,553,444
1277104621Image000031.jpg,28,28,PRIORITY_ROAD,517,448,545,476
1277104621Image000036.jpg,66,74,100_SIGN,691,361,757,435
1277104621Image000036.jpg,44,46,PRIORITY_ROAD,701,439,745,485
1277104621Image000036.jpg,66,74,100_SIGN,691,361,757,435
1277104621Image000036.jpg,44,46,PRIORITY_ROAD,701,439,745,485
1277104621Image000036.jpg,66,74,100_SIGN,691,361,757,435
1277104621Image000036.jpg,44,46,PRIORITY_ROAD,701,439,745,485
1277104735Image000001.jpg,18,17,70_SIGN,306,440,324,457
1277104735Image000001.jpg,18,17,70_SIGN,306,440,324,457
1277104735Image000006.jpg,18,17,70_SIGN,310,437,328,454
1277104735Image000006.jpg,18,17,70_SIGN,310,437,328,454
1277104735Image000016.jpg,21,23,70_SIGN,334,418,355,441
1277104735Image000016.jpg,21,23,70_SIGN,334,418,355,441
1277104735Image000021.jpg,25,26,70_SIGN,361,406,386,432
1277104735Image000021.jpg,25,26,70_SIGN,361,406,386,432
1277104735Image000026.jpg,31,32,70_SIGN,380,399,411,431
1277104735Image000026.jpg,31,32,70_SIGN,380,399,411,431
1277104735Image000031.jpg,45,46,70_SIGN,428,366,473,412
1277104735Image000031.jpg,45,46,70_SIGN,428,366,473,412
1277104735Image000036.jpg,71,71,70_SIGN,564,302,635,373
1277104735Image000036.jpg,71,71,70_SIGN,564,302,635,373
1277104735Image000041.jpg,119,124,70_SIGN,791,191,910,315
1277104735Image000041.jpg,119,124,70_SIGN,791,191,910,315
1277104756Image000001.jpg,22,22,70_SIGN,344,403,366,425
1277104756Image000001.jpg,14,14,PRIORITY_ROAD,351,426,365,440
1277104756Image000001.jpg,29,35,PASS_RIGHT_SIDE,69,403,98,438
1277104756Image000001.jpg,22,22,70_SIGN,344,403,366,425
1277104756Image000001.jpg,14,14,PRIORITY_ROAD,351,426,365,440
1277104756Image000001.jpg,29,35,PASS_RIGHT_SIDE,69,403,98,438
1277104756Image000001.jpg,22,22,70_SIGN,344,403,366,425
1277104756Image000001.jpg,14,14,PRIORITY_ROAD,351,426,365,440
1277104756Image000001.jpg,29,35,PASS_RIGHT_SIDE,69,403,98,438
1277104756Image000001.jpg,22,22,70_SIGN,344,403,366,425
1277104756Image000001.jpg,14,14,PRIORITY_ROAD,351,426,365,440
1277104756Image000001.jpg,29,35,PASS_RIGHT_SIDE,69,403,98,438
1277104756Image000006.jpg,25,27,70_SIGN,362,396,387,423
1277104756Image000006.jpg,16,15,PRIORITY_ROAD,368,423,384,438
1277104756Image000006.jpg,40,51,PASS_RIGHT_SIDE,14,384,54,435
1277104756Image000006.jpg,25,27,70_SIGN,362,396,387,423
1277104756Image000006.jpg,16,15,PRIORITY_ROAD,368,423,384,438
1277104756Image000006.jpg,40,51,PASS_RIGHT_SIDE,14,384,54,435
1277104756Image000006.jpg,25,27,70_SIGN,362,396,387,423
1277104756Image000006.jpg,16,15,PRIORITY_ROAD,368,423,384,438
1277104756Image000006.jpg,40,51,PASS_RIGHT_SIDE,14,384,54,435
1277104756Image000006.jpg,25,27,70_SIGN,362,396,387,423
1277104756Image000006.jpg,16,15,PRIORITY_ROAD,368,423,384,438
1277104756Image000006.jpg,40,51,PASS_RIGHT_SIDE,14,384,54,435
1277104756Image000016.jpg,32,33,70_SIGN,408,376,440,409
1277104756Image000016.jpg,20,19,PRIORITY_ROAD,416,410,436,429
1277104756Image000016.jpg,32,33,70_SIGN,408,376,440,409
1277104756Image000016.jpg,20,19,PRIORITY_ROAD,416,410,436,429
1277104756Image000016.jpg,32,33,70_SIGN,408,376,440,409
1277104756Image000016.jpg,20,19,PRIORITY_ROAD,416,410,436,429
1277104756Image000021.jpg,39,40,70_SIGN,436,364,475,404
1277104756Image000021.jpg,26,23,PRIORITY_ROAD,446,403,472,426
1277104756Image000021.jpg,39,40,70_SIGN,436,364,475,404
1277104756Image000021.jpg,26,23,PRIORITY_ROAD,446,403,472,426
1277104756Image000021.jpg,39,40,70_SIGN,436,364,475,404
1277104756Image000021.jpg,26,23,PRIORITY_ROAD,446,403,472,426
1277104756Image000031.jpg,64,65,70_SIGN,554,307,618,372
1277104756Image000031.jpg,37,37,PRIORITY_ROAD,572,371,609,408
1277104756Image000031.jpg,64,65,70_SIGN,554,307,618,372
1277104756Image000031.jpg,37,37,PRIORITY_ROAD,572,371,609,408
1277104756Image000031.jpg,64,65,70_SIGN,554,307,618,372
1277104756Image000031.jpg,37,37,PRIORITY_ROAD,572,371,609,408
1277104756Image000036.jpg,101,95,70_SIGN,752,216,853,311
1277104756Image000036.jpg,60,65,PRIORITY_ROAD,777,312,837,377
1277104756Image000036.jpg,101,95,70_SIGN,752,216,853,311
1277104756Image000036.jpg,60,65,PRIORITY_ROAD,777,312,837,377
1277104756Image000036.jpg,101,95,70_SIGN,752,216,853,311
1277104756Image000036.jpg,60,65,PRIORITY_ROAD,777,312,837,377
1277104807Image000037.jpg,11,12,PASS_RIGHT_SIDE,174,454,185,466
1277104807Image000037.jpg,11,12,PASS_RIGHT_SIDE,174,454,185,466
1277104807Image000042.jpg,13,11,PASS_RIGHT_SIDE,165,451,178,462
1277104807Image000042.jpg,13,11,PASS_RIGHT_SIDE,165,451,178,462
1277104807Image000047.jpg,13,12,PASS_RIGHT_SIDE,150,453,163,465
1277104807Image000047.jpg,13,12,PASS_RIGHT_SIDE,150,453,163,465
1277104807Image000052.jpg,13,13,PASS_RIGHT_SIDE,141,453,154,466
1277104807Image000052.jpg,13,13,PASS_RIGHT_SIDE,141,453,154,466
1277104807Image000057.jpg,14,14,PASS_RIGHT_SIDE,137,453,151,467
1277104807Image000057.jpg,14,14,PASS_RIGHT_SIDE,137,453,151,467
1277104807Image000062.jpg,16,16,PASS_RIGHT_SIDE,129,450,145,466
1277104807Image000062.jpg,16,16,PASS_RIGHT_SIDE,129,450,145,466
1277104807Image000067.jpg,18,18,PASS_RIGHT_SIDE,120,450,138,468
1277104807Image000067.jpg,18,18,PASS_RIGHT_SIDE,120,450,138,468
1277104807Image000072.jpg,23,20,PASS_RIGHT_SIDE,106,437,129,457
1277104807Image000072.jpg,23,20,PASS_RIGHT_SIDE,106,437,129,457
1277104807Image000077.jpg,23,23,PASS_RIGHT_SIDE,78,434,101,457
1277104807Image000077.jpg,23,23,PASS_RIGHT_SIDE,78,434,101,457
1277104807Image000082.jpg,29,28,PASS_RIGHT_SIDE,31,428,60,456
1277104807Image000082.jpg,29,28,PASS_RIGHT_SIDE,31,428,60,456
1277104807Image000122.jpg,15,15,PASS_EITHER_SIDE,291,450,306,465
1277104807Image000122.jpg,15,15,PASS_EITHER_SIDE,291,450,306,465
1277104807Image000127.jpg,17,16,PASS_EITHER_SIDE,290,451,307,467
1277104807Image000127.jpg,17,16,PASS_EITHER_SIDE,290,451,307,467
1277104807Image000132.jpg,17,19,PASS_EITHER_SIDE,293,447,310,466
1277104807Image000132.jpg,17,19,PASS_EITHER_SIDE,293,447,310,466
1277104807Image000137.jpg,18,19,PASS_EITHER_SIDE,297,440,315,459
1277104807Image000137.jpg,18,19,PASS_EITHER_SIDE,297,440,315,459
1277104807Image000142.jpg,21,23,PASS_EITHER_SIDE,307,442,328,465
1277104807Image000142.jpg,21,23,PASS_EITHER_SIDE,307,442,328,465
1277104807Image000147.jpg,24,24,PASS_EITHER_SIDE,320,432,344,456
1277104807Image000147.jpg,13,13,PASS_RIGHT_SIDE,188,449,201,462
1277104807Image000147.jpg,24,24,PASS_EITHER_SIDE,320,432,344,456
1277104807Image000147.jpg,13,13,PASS_RIGHT_SIDE,188,449,201,462
1277104807Image000147.jpg,24,24,PASS_EITHER_SIDE,320,432,344,456
1277104807Image000147.jpg,13,13,PASS_RIGHT_SIDE,188,449,201,462
1277104807Image000152.jpg,28,30,PASS_EITHER_SIDE,337,415,365,445
1277104807Image000152.jpg,18,20,PASS_RIGHT_SIDE,179,435,197,455
1277104807Image000152.jpg,28,30,PASS_EITHER_SIDE,337,415,365,445
1277104807Image000152.jpg,18,20,PASS_RIGHT_SIDE,179,435,197,455
1277104807Image000152.jpg,28,30,PASS_EITHER_SIDE,337,415,365,445
1277104807Image000152.jpg,18,20,PASS_RIGHT_SIDE,179,435,197,455
1277104807Image000157.jpg,16,16,PASS_RIGHT_SIDE,175,429,191,445
1277104807Image000157.jpg,18,18,PASS_RIGHT_SIDE,165,433,183,451
1277104807Image000157.jpg,16,16,PASS_RIGHT_SIDE,175,429,191,445
1277104807Image000157.jpg,18,18,PASS_RIGHT_SIDE,165,433,183,451
1277104807Image000157.jpg,16,16,PASS_RIGHT_SIDE,175,429,191,445
1277104807Image000157.jpg,18,18,PASS_RIGHT_SIDE,165,433,183,451
1277104807Image000162.jpg,46,45,PASS_EITHER_SIDE,386,390,432,435
1277104807Image000162.jpg,15,16,PASS_RIGHT_SIDE,175,430,190,446
1277104807Image000162.jpg,46,45,PASS_EITHER_SIDE,386,390,432,435
1277104807Image000162.jpg,15,16,PASS_RIGHT_SIDE,175,430,190,446
1277104807Image000162.jpg,46,45,PASS_EITHER_SIDE,386,390,432,435
1277104807Image000162.jpg,15,16,PASS_RIGHT_SIDE,175,430,190,446
1277104807Image000167.jpg,22,20,PASS_RIGHT_SIDE,149,428,171,448
1277104807Image000167.jpg,23,20,PASS_RIGHT_SIDE,148,427,171,447
1277104807Image000167.jpg,22,20,PASS_RIGHT_SIDE,149,428,171,448
1277104807Image000167.jpg,23,20,PASS_RIGHT_SIDE,148,427,171,447
1277104807Image000167.jpg,22,20,PASS_RIGHT_SIDE,149,428,171,448
1277104807Image000167.jpg,23,20,PASS_RIGHT_SIDE,148,427,171,447
1277104807Image000172.jpg,76,74,PASS_EITHER_SIDE,492,326,568,400
1277104807Image000172.jpg,26,25,PASS_RIGHT_SIDE,132,415,158,440
1277104807Image000172.jpg,31,62,GIVE_WAY,1245,350,1276,412
1277104807Image000172.jpg,76,74,PASS_EITHER_SIDE,492,326,568,400
1277104807Image000172.jpg,26,25,PASS_RIGHT_SIDE,132,415,158,440
1277104807Image000172.jpg,31,62,GIVE_WAY,1245,350,1276,412
1277104807Image000172.jpg,76,74,PASS_EITHER_SIDE,492,326,568,400
1277104807Image000172.jpg,26,25,PASS_RIGHT_SIDE,132,415,158,440
1277104807Image000172.jpg,31,62,GIVE_WAY,1245,350,1276,412
1277104807Image000172.jpg,76,74,PASS_EITHER_SIDE,492,326,568,400
1277104807Image000172.jpg,26,25,PASS_RIGHT_SIDE,132,415,158,440
1277104807Image000172.jpg,31,62,GIVE_WAY,1245,350,1276,412
1277104807Image000177.jpg,144,145,PASS_EITHER_SIDE,726,216,870,361
1277104807Image000177.jpg,29,28,PASS_RIGHT_SIDE,102,420,131,448
1277104807Image000177.jpg,25,46,PASS_RIGHT_SIDE,871,350,896,396
1277104807Image000177.jpg,144,145,PASS_EITHER_SIDE,726,216,870,361
1277104807Image000177.jpg,29,28,PASS_RIGHT_SIDE,102,420,131,448
1277104807Image000177.jpg,25,46,PASS_RIGHT_SIDE,871,350,896,396
1277104807Image000177.jpg,144,145,PASS_EITHER_SIDE,726,216,870,361
1277104807Image000177.jpg,29,28,PASS_RIGHT_SIDE,102,420,131,448
1277104807Image000177.jpg,25,46,PASS_RIGHT_SIDE,871,350,896,396
1277104807Image000177.jpg,144,145,PASS_EITHER_SIDE,726,216,870,361
1277104807Image000177.jpg,29,28,PASS_RIGHT_SIDE,102,420,131,448
1277104807Image000177.jpg,25,46,PASS_RIGHT_SIDE,871,350,896,396
1277104807Image000182.jpg,41,41,PASS_RIGHT_SIDE,40,381,81,422
1277104807Image000182.jpg,41,41,PASS_RIGHT_SIDE,40,381,81,422
1277104832Image000001.jpg,26,26,100_SIGN,513,410,539,436
1277104832Image000001.jpg,21,19,PRIORITY_ROAD,517,438,538,457
1277104832Image000001.jpg,26,26,100_SIGN,513,410,539,436
1277104832Image000001.jpg,21,19,PRIORITY_ROAD,517,438,538,457
1277104832Image000001.jpg,26,26,100_SIGN,513,410,539,436
1277104832Image000001.jpg,21,19,PRIORITY_ROAD,517,438,538,457
1277104832Image000006.jpg,28,28,100_SIGN,553,403,581,431
1277104832Image000006.jpg,23,25,PRIORITY_ROAD,556,432,579,457
1277104832Image000006.jpg,28,28,100_SIGN,553,403,581,431
1277104832Image000006.jpg,23,25,PRIORITY_ROAD,556,432,579,457
1277104832Image000006.jpg,28,28,100_SIGN,553,403,581,431
1277104832Image000006.jpg,23,25,PRIORITY_ROAD,556,432,579,457
1277104832Image000011.jpg,33,35,100_SIGN,610,389,643,424
1277104832Image000011.jpg,30,27,PRIORITY_ROAD,614,426,644,453
1277104832Image000011.jpg,33,35,100_SIGN,610,389,643,424
1277104832Image000011.jpg,30,27,PRIORITY_ROAD,614,426,644,453
1277104832Image000011.jpg,33,35,100_SIGN,610,389,643,424
1277104832Image000011.jpg,30,27,PRIORITY_ROAD,614,426,644,453
1277104832Image000016.jpg,41,41,100_SIGN,706,368,747,409
1277104832Image000016.jpg,36,37,PRIORITY_ROAD,710,412,746,449
1277104832Image000016.jpg,41,41,100_SIGN,706,368,747,409
1277104832Image000016.jpg,36,37,PRIORITY_ROAD,710,412,746,449
1277104832Image000016.jpg,41,41,100_SIGN,706,368,747,409
1277104832Image000016.jpg,36,37,PRIORITY_ROAD,710,412,746,449
1277104832Image000021.jpg,54,57,100_SIGN,881,326,935,383
1277104832Image000021.jpg,50,52,PRIORITY_ROAD,884,387,934,439
1277104832Image000021.jpg,54,57,100_SIGN,881,326,935,383
1277104832Image000021.jpg,50,52,PRIORITY_ROAD,884,387,934,439
1277104832Image000021.jpg,54,57,100_SIGN,881,326,935,383
1277104832Image000021.jpg,50,52,PRIORITY_ROAD,884,387,934,439
1277104995Image000001.jpg,15,57,STOP,859,375,874,432
1277104995Image000001.jpg,21,21,100_SIGN,351,430,372,451
1277104995Image000001.jpg,12,12,PRIORITY_ROAD,357,450,369,462
1277104995Image000001.jpg,22,22,PASS_RIGHT_SIDE,139,434,161,456
1277104995Image000001.jpg,15,57,STOP,859,375,874,432
1277104995Image000001.jpg,21,21,100_SIGN,351,430,372,451
1277104995Image000001.jpg,12,12,PRIORITY_ROAD,357,450,369,462
1277104995Image000001.jpg,22,22,PASS_RIGHT_SIDE,139,434,161,456
1277104995Image000001.jpg,15,57,STOP,859,375,874,432
1277104995Image000001.jpg,21,21,100_SIGN,351,430,372,451
1277104995Image000001.jpg,12,12,PRIORITY_ROAD,357,450,369,462
1277104995Image000001.jpg,22,22,PASS_RIGHT_SIDE,139,434,161,456
1277104995Image000001.jpg,15,57,STOP,859,375,874,432
1277104995Image000001.jpg,21,21,100_SIGN,351,430,372,451
1277104995Image000001.jpg,12,12,PRIORITY_ROAD,357,450,369,462
1277104995Image000001.jpg,22,22,PASS_RIGHT_SIDE,139,434,161,456
1277104995Image000001.jpg,15,57,STOP,859,375,874,432
1277104995Image000001.jpg,21,21,100_SIGN,351,430,372,451
1277104995Image000001.jpg,12,12,PRIORITY_ROAD,357,450,369,462
1277104995Image000001.jpg,22,22,PASS_RIGHT_SIDE,139,434,161,456
1277104995Image000006.jpg,23,24,100_SIGN,364,419,387,443
1277104995Image000006.jpg,14,12,PRIORITY_ROAD,370,444,384,456
1277104995Image000006.jpg,28,26,PASS_RIGHT_SIDE,109,419,137,445
1277104995Image000006.jpg,23,24,100_SIGN,364,419,387,443
1277104995Image000006.jpg,14,12,PRIORITY_ROAD,370,444,384,456
1277104995Image000006.jpg,28,26,PASS_RIGHT_SIDE,109,419,137,445
1277104995Image000006.jpg,23,24,100_SIGN,364,419,387,443
1277104995Image000006.jpg,14,12,PRIORITY_ROAD,370,444,384,456
1277104995Image000006.jpg,28,26,PASS_RIGHT_SIDE,109,419,137,445
1277104995Image000006.jpg,23,24,100_SIGN,364,419,387,443
1277104995Image000006.jpg,14,12,PRIORITY_ROAD,370,444,384,456
1277104995Image000006.jpg,28,26,PASS_RIGHT_SIDE,109,419,137,445
1277104995Image000011.jpg,27,27,100_SIGN,378,410,405,437
1277104995Image000011.jpg,18,15,PRIORITY_ROAD,384,437,402,452
1277104995Image000011.jpg,36,36,PASS_RIGHT_SIDE,68,401,104,437
1277104995Image000011.jpg,27,27,100_SIGN,378,410,405,437
1277104995Image000011.jpg,18,15,PRIORITY_ROAD,384,437,402,452
1277104995Image000011.jpg,36,36,PASS_RIGHT_SIDE,68,401,104,437
1277104995Image000011.jpg,27,27,100_SIGN,378,410,405,437
1277104995Image000011.jpg,18,15,PRIORITY_ROAD,384,437,402,452
1277104995Image000011.jpg,36,36,PASS_RIGHT_SIDE,68,401,104,437
1277104995Image000011.jpg,27,27,100_SIGN,378,410,405,437
1277104995Image000011.jpg,18,15,PRIORITY_ROAD,384,437,402,452
1277104995Image000011.jpg,36,36,PASS_RIGHT_SIDE,68,401,104,437
1277104995Image000016.jpg,30,32,100_SIGN,402,398,432,430
1277104995Image000016.jpg,19,18,PRIORITY_ROAD,409,431,428,449
1277104995Image000016.jpg,47,53,PASS_RIGHT_SIDE,1,373,48,426
1277104995Image000016.jpg,30,32,100_SIGN,402,398,432,430
1277104995Image000016.jpg,19,18,PRIORITY_ROAD,409,431,428,449
1277104995Image000016.jpg,47,53,PASS_RIGHT_SIDE,1,373,48,426
1277104995Image000016.jpg,30,32,100_SIGN,402,398,432,430
1277104995Image000016.jpg,19,18,PRIORITY_ROAD,409,431,428,449
1277104995Image000016.jpg,47,53,PASS_RIGHT_SIDE,1,373,48,426
1277104995Image000016.jpg,30,32,100_SIGN,402,398,432,430
1277104995Image000016.jpg,19,18,PRIORITY_ROAD,409,431,428,449
1277104995Image000016.jpg,47,53,PASS_RIGHT_SIDE,1,373,48,426
1277104995Image000021.jpg,40,38,100_SIGN,449,381,489,419
1277104995Image000021.jpg,24,24,PRIORITY_ROAD,459,421,483,445
1277104995Image000021.jpg,40,38,100_SIGN,449,381,489,419
1277104995Image000021.jpg,24,24,PRIORITY_ROAD,459,421,483,445
1277104995Image000021.jpg,40,38,100_SIGN,449,381,489,419
1277104995Image000021.jpg,24,24,PRIORITY_ROAD,459,421,483,445
1277104995Image000026.jpg,51,51,100_SIGN,525,349,576,400
1277104995Image000026.jpg,31,31,PRIORITY_ROAD,537,404,568,435
1277104995Image000026.jpg,51,51,100_SIGN,525,349,576,400
1277104995Image000026.jpg,31,31,PRIORITY_ROAD,537,404,568,435
1277104995Image000026.jpg,51,51,100_SIGN,525,349,576,400
1277104995Image000026.jpg,31,31,PRIORITY_ROAD,537,404,568,435
1277105103Image000004.jpg,17,18,70_SIGN,345,428,362,446
1277105103Image000004.jpg,17,18,70_SIGN,345,428,362,446
1277105103Image000009.jpg,17,18,70_SIGN,347,426,364,444
1277105103Image000009.jpg,17,18,70_SIGN,347,426,364,444
1277105103Image000014.jpg,21,20,70_SIGN,348,424,369,444
1277105103Image000014.jpg,21,20,70_SIGN,348,424,369,444
1277105103Image000019.jpg,21,22,70_SIGN,356,418,377,440
1277105103Image000019.jpg,21,22,70_SIGN,356,418,377,440
1277105103Image000024.jpg,24,25,70_SIGN,367,408,391,433
1277105103Image000024.jpg,24,25,70_SIGN,367,408,391,433
1277105103Image000029.jpg,29,26,70_SIGN,381,393,410,419
1277105103Image000029.jpg,29,26,70_SIGN,381,393,410,419
1277105103Image000034.jpg,37,37,70_SIGN,398,387,435,424
1277105103Image000034.jpg,37,37,70_SIGN,398,387,435,424
1277105103Image000039.jpg,50,44,70_SIGN,426,374,476,418
1277105103Image000039.jpg,50,44,70_SIGN,426,374,476,418
1277105103Image000044.jpg,53,54,70_SIGN,474,348,527,402
1277105103Image000044.jpg,53,54,70_SIGN,474,348,527,402
1277105103Image000049.jpg,72,73,70_SIGN,559,298,631,371
1277105103Image000049.jpg,72,73,70_SIGN,559,298,631,371
1277105103Image000054.jpg,110,110,70_SIGN,710,222,820,332
1277105103Image000054.jpg,110,110,70_SIGN,710,222,820,332
1277105103Image000059.jpg,11,10,70_SIGN,370,450,381,460
1277105103Image000059.jpg,11,10,70_SIGN,370,450,381,460
1277105103Image000064.jpg,11,11,70_SIGN,372,444,383,455
1277105103Image000064.jpg,11,11,70_SIGN,372,444,383,455
1277105103Image000069.jpg,10,12,70_SIGN,375,442,385,454
1277105103Image000069.jpg,10,12,70_SIGN,375,442,385,454
1277105103Image000074.jpg,9,10,70_SIGN,371,447,380,457
1277105103Image000074.jpg,12,12,70_SIGN,154,453,166,465
1277105103Image000074.jpg,9,10,70_SIGN,371,447,380,457
1277105103Image000074.jpg,12,12,70_SIGN,154,453,166,465
1277105103Image000074.jpg,9,10,70_SIGN,371,447,380,457
1277105103Image000074.jpg,12,12,70_SIGN,154,453,166,465
1277105103Image000079.jpg,11,13,70_SIGN,366,443,377,456
1277105103Image000079.jpg,10,13,70_SIGN,140,450,150,463
1277105103Image000079.jpg,11,13,70_SIGN,366,443,377,456
1277105103Image000079.jpg,10,13,70_SIGN,140,450,150,463
1277105103Image000079.jpg,11,13,70_SIGN,366,443,377,456
1277105103Image000079.jpg,10,13,70_SIGN,140,450,150,463
1277105114Image000004.jpg,29,30,70_SIGN,421,404,450,434
1277105114Image000009.jpg,34,37,70_SIGN,444,396,478,433
1277105114Image000014.jpg,43,42,70_SIGN,489,382,532,424
1277105114Image000019.jpg,56,57,70_SIGN,557,354,613,411
1277105114Image000024.jpg,86,87,70_SIGN,721,292,807,379
1277105114Image000029.jpg,123,134,70_SIGN,982,205,1105,339
1277105208Image000001.jpg,16,20,100_SIGN,330,441,346,461
1277105208Image000001.jpg,11,11,PRIORITY_ROAD,334,463,345,474
1277105208Image000001.jpg,35,35,PASS_RIGHT_SIDE,86,424,121,459
1277105208Image000001.jpg,16,20,100_SIGN,330,441,346,461
1277105208Image000001.jpg,11,11,PRIORITY_ROAD,334,463,345,474
1277105208Image000001.jpg,35,35,PASS_RIGHT_SIDE,86,424,121,459
1277105208Image000001.jpg,16,20,100_SIGN,330,441,346,461
1277105208Image000001.jpg,11,11,PRIORITY_ROAD,334,463,345,474
1277105208Image000001.jpg,35,35,PASS_RIGHT_SIDE,86,424,121,459
1277105208Image000001.jpg,16,20,100_SIGN,330,441,346,461
1277105208Image000001.jpg,11,11,PRIORITY_ROAD,334,463,345,474
1277105208Image000001.jpg,35,35,PASS_RIGHT_SIDE,86,424,121,459
1277105208Image000006.jpg,19,22,100_SIGN,337,436,356,458
1277105208Image000006.jpg,10,12,PRIORITY_ROAD,343,460,353,472
1277105208Image000006.jpg,42,42,PASS_RIGHT_SIDE,54,412,96,454
1277105208Image000006.jpg,19,22,100_SIGN,337,436,356,458
1277105208Image000006.jpg,10,12,PRIORITY_ROAD,343,460,353,472
1277105208Image000006.jpg,42,42,PASS_RIGHT_SIDE,54,412,96,454
1277105208Image000006.jpg,19,22,100_SIGN,337,436,356,458
1277105208Image000006.jpg,10,12,PRIORITY_ROAD,343,460,353,472
1277105208Image000006.jpg,42,42,PASS_RIGHT_SIDE,54,412,96,454
1277105208Image000006.jpg,19,22,100_SIGN,337,436,356,458
1277105208Image000006.jpg,10,12,PRIORITY_ROAD,343,460,353,472
1277105208Image000006.jpg,42,42,PASS_RIGHT_SIDE,54,412,96,454
1277105208Image000011.jpg,19,25,100_SIGN,351,424,370,449
1277105208Image000011.jpg,13,13,PRIORITY_ROAD,357,451,370,464
1277105208Image000011.jpg,49,60,PASS_RIGHT_SIDE,0,377,49,437
1277105208Image000011.jpg,19,25,100_SIGN,351,424,370,449
1277105208Image000011.jpg,13,13,PRIORITY_ROAD,357,451,370,464
1277105208Image000011.jpg,49,60,PASS_RIGHT_SIDE,0,377,49,437
1277105208Image000011.jpg,19,25,100_SIGN,351,424,370,449
1277105208Image000011.jpg,13,13,PRIORITY_ROAD,357,451,370,464
1277105208Image000011.jpg,49,60,PASS_RIGHT_SIDE,0,377,49,437
1277105208Image000011.jpg,19,25,100_SIGN,351,424,370,449
1277105208Image000011.jpg,13,13,PRIORITY_ROAD,357,451,370,464
1277105208Image000011.jpg,49,60,PASS_RIGHT_SIDE,0,377,49,437
1277105208Image000016.jpg,22,28,100_SIGN,366,422,388,450
1277105208Image000016.jpg,15,17,PRIORITY_ROAD,371,451,386,468
1277105208Image000016.jpg,22,28,100_SIGN,366,422,388,450
1277105208Image000016.jpg,15,17,PRIORITY_ROAD,371,451,386,468
1277105208Image000016.jpg,22,28,100_SIGN,366,422,388,450
1277105208Image000016.jpg,15,17,PRIORITY_ROAD,371,451,386,468
1277105208Image000021.jpg,26,34,100_SIGN,389,406,415,440
1277105208Image000021.jpg,18,18,PRIORITY_ROAD,395,443,413,461
1277105208Image000021.jpg,26,34,100_SIGN,389,406,415,440
1277105208Image000021.jpg,18,18,PRIORITY_ROAD,395,443,413,461
1277105208Image000021.jpg,26,34,100_SIGN,389,406,415,440
1277105208Image000021.jpg,18,18,PRIORITY_ROAD,395,443,413,461
1277105208Image000026.jpg,29,38,100_SIGN,410,395,439,433
1277105208Image000026.jpg,21,21,PRIORITY_ROAD,416,437,437,458
1277105208Image000026.jpg,29,38,100_SIGN,410,395,439,433
1277105208Image000026.jpg,21,21,PRIORITY_ROAD,416,437,437,458
1277105208Image000026.jpg,29,38,100_SIGN,410,395,439,433
1277105208Image000026.jpg,21,21,PRIORITY_ROAD,416,437,437,458
1277105208Image000031.jpg,39,45,100_SIGN,444,380,483,425
1277105208Image000031.jpg,25,25,PRIORITY_ROAD,455,431,480,456
1277105208Image000031.jpg,39,45,100_SIGN,444,380,483,425
1277105208Image000031.jpg,25,25,PRIORITY_ROAD,455,431,480,456
1277105208Image000031.jpg,39,45,100_SIGN,444,380,483,425
1277105208Image000031.jpg,25,25,PRIORITY_ROAD,455,431,480,456
1277105208Image000036.jpg,52,61,100_SIGN,511,348,563,409
1277105208Image000036.jpg,31,33,PRIORITY_ROAD,529,416,560,449
1277105208Image000036.jpg,52,61,100_SIGN,511,348,563,409
1277105208Image000036.jpg,31,33,PRIORITY_ROAD,529,416,560,449
1277105208Image000036.jpg,52,61,100_SIGN,511,348,563,409
1277105208Image000036.jpg,31,33,PRIORITY_ROAD,529,416,560,449
1277105208Image000041.jpg,104,109,100_SIGN,763,243,867,352
1277105208Image000041.jpg,66,67,PRIORITY_ROAD,790,366,856,433
1277105208Image000041.jpg,104,109,100_SIGN,763,243,867,352
1277105208Image000041.jpg,66,67,PRIORITY_ROAD,790,366,856,433
1277105208Image000041.jpg,104,109,100_SIGN,763,243,867,352
1277105208Image000041.jpg,66,67,PRIORITY_ROAD,790,366,856,433
1277105307Image000003.jpg,16,18,70_SIGN,372,436,388,454
1277105307Image000008.jpg,19,20,70_SIGN,380,426,399,446
1277105307Image000013.jpg,21,23,70_SIGN,394,422,415,445
1277105307Image000018.jpg,25,25,70_SIGN,425,421,450,446
1277105307Image000023.jpg,29,28,70_SIGN,455,415,484,443
1277105307Image000038.jpg,61,61,70_SIGN,713,358,774,419
1277105307Image000043.jpg,83,90,70_SIGN,959,300,1042,390
1277105327Image000001.jpg,25,57,PASS_RIGHT_SIDE,962,354,987,411
1277105327Image000001.jpg,34,54,STOP,915,371,949,425
1277105327Image000001.jpg,19,17,100_SIGN,300,445,319,462
1277105327Image000001.jpg,42,36,PASS_RIGHT_SIDE,21,403,63,439
1277105327Image000001.jpg,25,57,PASS_RIGHT_SIDE,962,354,987,411
1277105327Image000001.jpg,34,54,STOP,915,371,949,425
1277105327Image000001.jpg,19,17,100_SIGN,300,445,319,462
1277105327Image000001.jpg,42,36,PASS_RIGHT_SIDE,21,403,63,439
1277105327Image000001.jpg,25,57,PASS_RIGHT_SIDE,962,354,987,411
1277105327Image000001.jpg,34,54,STOP,915,371,949,425
1277105327Image000001.jpg,19,17,100_SIGN,300,445,319,462
1277105327Image000001.jpg,42,36,PASS_RIGHT_SIDE,21,403,63,439
1277105327Image000001.jpg,25,57,PASS_RIGHT_SIDE,962,354,987,411
1277105327Image000001.jpg,34,54,STOP,915,371,949,425
1277105327Image000001.jpg,19,17,100_SIGN,300,445,319,462
1277105327Image000001.jpg,42,36,PASS_RIGHT_SIDE,21,403,63,439
1277105327Image000006.jpg,40,79,STOP,1174,332,1214,411
1277105327Image000006.jpg,21,20,100_SIGN,303,441,324,461
1277105327Image000006.jpg,10,11,PRIORITY_ROAD,265,460,275,471
1277105327Image000006.jpg,40,79,STOP,1174,332,1214,411
1277105327Image000006.jpg,21,20,100_SIGN,303,441,324,461
1277105327Image000006.jpg,10,11,PRIORITY_ROAD,265,460,275,471
1277105327Image000006.jpg,40,79,STOP,1174,332,1214,411
1277105327Image000006.jpg,21,20,100_SIGN,303,441,324,461
1277105327Image000006.jpg,10,11,PRIORITY_ROAD,265,460,275,471
1277105327Image000011.jpg,21,21,100_SIGN,309,442,330,463
1277105327Image000011.jpg,10,11,PRIORITY_ROAD,265,463,275,474
1277105327Image000011.jpg,21,21,100_SIGN,309,442,330,463
1277105327Image000011.jpg,10,11,PRIORITY_ROAD,265,463,275,474
1277105327Image000016.jpg,24,25,100_SIGN,317,439,341,464
1277105327Image000016.jpg,11,11,PRIORITY_ROAD,266,463,277,474
1277105327Image000016.jpg,24,25,100_SIGN,317,439,341,464
1277105327Image000016.jpg,11,11,PRIORITY_ROAD,266,463,277,474
1277105327Image000021.jpg,28,28,100_SIGN,343,427,371,455
1277105327Image000021.jpg,11,13,PRIORITY_ROAD,276,458,287,471
1277105327Image000021.jpg,28,28,100_SIGN,343,427,371,455
1277105327Image000021.jpg,11,13,PRIORITY_ROAD,276,458,287,471
1277105327Image000026.jpg,31,31,100_SIGN,367,422,398,453
1277105327Image000026.jpg,13,15,PRIORITY_ROAD,280,457,293,472
1277105327Image000026.jpg,31,31,100_SIGN,367,422,398,453
1277105327Image000026.jpg,13,15,PRIORITY_ROAD,280,457,293,472
1277105327Image000031.jpg,46,48,100_SIGN,418,392,464,440
1277105327Image000031.jpg,12,14,PRIORITY_ROAD,291,448,303,462
1277105327Image000031.jpg,46,48,100_SIGN,418,392,464,440
1277105327Image000031.jpg,12,14,PRIORITY_ROAD,291,448,303,462
1277105327Image000036.jpg,63,65,100_SIGN,514,352,577,417
1277105327Image000036.jpg,17,13,PRIORITY_ROAD,301,443,318,456
1277105327Image000036.jpg,63,65,100_SIGN,514,352,577,417
1277105327Image000036.jpg,17,13,PRIORITY_ROAD,301,443,318,456
1277105327Image000041.jpg,101,106,100_SIGN,636,296,737,402
1277105327Image000041.jpg,17,20,PRIORITY_ROAD,308,442,325,462
1277105327Image000041.jpg,101,106,100_SIGN,636,296,737,402
1277105327Image000041.jpg,17,20,PRIORITY_ROAD,308,442,325,462
1277105327Image000046.jpg,170,170,100_SIGN,959,172,1129,342
1277105327Image000046.jpg,17,16,PRIORITY_ROAD,313,441,330,457
1277105327Image000046.jpg,170,170,100_SIGN,959,172,1129,342
1277105327Image000046.jpg,17,16,PRIORITY_ROAD,313,441,330,457
1277105327Image000051.jpg,19,20,PRIORITY_ROAD,320,436,339,456
1277105333Image000008.jpg,32,32,PRIORITY_ROAD,398,401,430,433
1277105333Image000008.jpg,32,32,PRIORITY_ROAD,398,401,430,433
1277105333Image000013.jpg,45,46,PRIORITY_ROAD,452,383,497,429
1277105333Image000013.jpg,45,46,PRIORITY_ROAD,452,383,497,429
1277105333Image000018.jpg,76,70,PRIORITY_ROAD,578,332,654,402
1277105333Image000018.jpg,76,70,PRIORITY_ROAD,578,332,654,402
1277105397Image000052.jpg,9,12,80_SIGN,298,443,307,455
1277105397Image000052.jpg,13,15,80_SIGN,74,445,87,460
1277105397Image000052.jpg,9,12,80_SIGN,298,443,307,455
1277105397Image000052.jpg,13,15,80_SIGN,74,445,87,460
1277105397Image000057.jpg,12,14,80_SIGN,301,444,313,458
1277105397Image000057.jpg,15,18,80_SIGN,60,445,75,463
1277105397Image000057.jpg,12,14,80_SIGN,301,444,313,458
1277105397Image000057.jpg,15,18,80_SIGN,60,445,75,463
1277105397Image000072.jpg,17,19,80_SIGN,337,436,354,455
1277105397Image000072.jpg,17,19,80_SIGN,-3,442,14,461
1277105397Image000072.jpg,17,19,80_SIGN,337,436,354,455
1277105397Image000072.jpg,17,19,80_SIGN,-3,442,14,461
1277105397Image000082.jpg,24,24,80_SIGN,372,416,396,440
1277105397Image000092.jpg,42,43,80_SIGN,430,385,472,428
1277105397Image000097.jpg,61,60,80_SIGN,502,351,563,411
1277105397Image000102.jpg,106,111,80_SIGN,689,256,795,367
1277105417Image000002.jpg,20,21,OTHER,460,422,480,443
1277105417Image000002.jpg,20,21,OTHER,460,422,480,443
1277105417Image000007.jpg,22,21,OTHER,470,424,492,445
1277105417Image000007.jpg,22,21,OTHER,470,424,492,445
1277105417Image000017.jpg,30,30,OTHER,507,409,537,439
1277105417Image000017.jpg,30,30,OTHER,507,409,537,439
1277105417Image000022.jpg,40,38,OTHER,536,394,576,432
1277105417Image000022.jpg,13,13,PASS_EITHER_SIDE,438,414,451,427
1277105417Image000022.jpg,40,38,OTHER,536,394,576,432
1277105417Image000022.jpg,13,13,PASS_EITHER_SIDE,438,414,451,427
1277105417Image000022.jpg,40,38,OTHER,536,394,576,432
1277105417Image000022.jpg,13,13,PASS_EITHER_SIDE,438,414,451,427
1277105417Image000027.jpg,48,50,OTHER,590,381,638,431
1277105417Image000027.jpg,13,14,PASS_EITHER_SIDE,421,417,434,431
1277105417Image000027.jpg,48,50,OTHER,590,381,638,431
1277105417Image000027.jpg,13,14,PASS_EITHER_SIDE,421,417,434,431
1277105417Image000027.jpg,48,50,OTHER,590,381,638,431
1277105417Image000027.jpg,13,14,PASS_EITHER_SIDE,421,417,434,431
1277105417Image000037.jpg,128,133,OTHER,1105,254,1233,387
1277105417Image000037.jpg,17,18,PASS_EITHER_SIDE,398,413,415,431
1277105417Image000037.jpg,128,133,OTHER,1105,254,1233,387
1277105417Image000037.jpg,17,18,PASS_EITHER_SIDE,398,413,415,431
1277105417Image000037.jpg,128,133,OTHER,1105,254,1233,387
1277105417Image000037.jpg,17,18,PASS_EITHER_SIDE,398,413,415,431
1277105424Image000003.jpg,26,27,70_SIGN,1111,326,1137,353
1277105424Image000003.jpg,22,26,70_SIGN,707,334,729,360
1277105424Image000003.jpg,26,27,70_SIGN,1111,326,1137,353
1277105424Image000003.jpg,22,26,70_SIGN,707,334,729,360
1277105424Image000013.jpg,38,37,70_SIGN,1003,328,1041,365
1277105424Image000013.jpg,30,36,70_SIGN,408,340,438,376
1277105424Image000013.jpg,38,37,70_SIGN,1003,328,1041,365
1277105424Image000013.jpg,30,36,70_SIGN,408,340,438,376
1277105424Image000018.jpg,41,44,70_SIGN,995,317,1036,361
1277105424Image000018.jpg,33,42,70_SIGN,292,339,325,381
1277105424Image000018.jpg,41,44,70_SIGN,995,317,1036,361
1277105424Image000018.jpg,33,42,70_SIGN,292,339,325,381
1277105424Image000023.jpg,53,53,70_SIGN,990,307,1043,360
1277105424Image000023.jpg,41,47,70_SIGN,167,332,208,379
1277105424Image000023.jpg,53,53,70_SIGN,990,307,1043,360
1277105424Image000023.jpg,41,47,70_SIGN,167,332,208,379
1277105424Image000028.jpg,71,69,70_SIGN,1009,284,1080,353
1277105424Image000033.jpg,103,104,70_SIGN,1157,234,1260,338
1277105430Image000003.jpg,36,32,GIVE_WAY,1023,374,1059,406
1277105430Image000003.jpg,36,32,GIVE_WAY,1023,374,1059,406
1277105430Image000008.jpg,42,38,GIVE_WAY,978,370,1020,408
1277105430Image000008.jpg,42,38,GIVE_WAY,978,370,1020,408
1277105430Image000013.jpg,47,40,GIVE_WAY,945,358,992,398
1277105430Image000013.jpg,47,40,GIVE_WAY,945,358,992,398
1277105430Image000018.jpg,56,50,GIVE_WAY,925,327,981,377
1277105430Image000018.jpg,56,50,GIVE_WAY,925,327,981,377
1277105430Image000023.jpg,69,66,GIVE_WAY,937,308,1006,374
1277105430Image000023.jpg,69,66,GIVE_WAY,937,308,1006,374
1277105430Image000028.jpg,103,97,GIVE_WAY,997,262,1100,359
1277105430Image000028.jpg,103,97,GIVE_WAY,997,262,1100,359
1277105430Image000033.jpg,113,145,GIVE_WAY,1163,168,1276,313
1277105430Image000033.jpg,113,145,GIVE_WAY,1163,168,1276,313
1277105440Image000001.jpg,24,24,GIVE_WAY,649,402,673,426
1277105440Image000001.jpg,23,21,PASS_RIGHT_SIDE,400,410,423,431
1277105440Image000001.jpg,24,24,GIVE_WAY,649,402,673,426
1277105440Image000001.jpg,23,21,PASS_RIGHT_SIDE,400,410,423,431
1277105440Image000001.jpg,24,24,GIVE_WAY,649,402,673,426
1277105440Image000001.jpg,23,21,PASS_RIGHT_SIDE,400,410,423,431
1277105440Image000006.jpg,27,24,GIVE_WAY,581,411,608,435
1277105440Image000006.jpg,23,24,PASS_RIGHT_SIDE,314,417,337,441
1277105440Image000006.jpg,27,24,GIVE_WAY,581,411,608,435
1277105440Image000006.jpg,23,24,PASS_RIGHT_SIDE,314,417,337,441
1277105440Image000006.jpg,27,24,GIVE_WAY,581,411,608,435
1277105440Image000006.jpg,23,24,PASS_RIGHT_SIDE,314,417,337,441
1277105440Image000011.jpg,29,27,GIVE_WAY,532,409,561,436
1277105440Image000011.jpg,25,26,PASS_RIGHT_SIDE,235,415,260,441
1277105440Image000011.jpg,29,27,GIVE_WAY,532,409,561,436
1277105440Image000011.jpg,25,26,PASS_RIGHT_SIDE,235,415,260,441
1277105440Image000011.jpg,29,27,GIVE_WAY,532,409,561,436
1277105440Image000011.jpg,25,26,PASS_RIGHT_SIDE,235,415,260,441
1277105440Image000021.jpg,33,32,GIVE_WAY,506,405,539,437
1277105440Image000021.jpg,30,32,PASS_RIGHT_SIDE,119,414,149,446
1277105440Image000021.jpg,33,32,GIVE_WAY,506,405,539,437
1277105440Image000021.jpg,30,32,PASS_RIGHT_SIDE,119,414,149,446
1277105440Image000021.jpg,33,32,GIVE_WAY,506,405,539,437
1277105440Image000021.jpg,30,32,PASS_RIGHT_SIDE,119,414,149,446
1277105440Image000031.jpg,47,43,GIVE_WAY,545,381,592,424
1277105440Image000031.jpg,42,40,PASS_RIGHT_SIDE,42,389,84,429
1277105440Image000031.jpg,18,31,PASS_RIGHT_SIDE,458,406,476,437
1277105440Image000031.jpg,14,31,NO_PARKING,925,394,939,425
1277105440Image000031.jpg,47,43,GIVE_WAY,545,381,592,424
1277105440Image000031.jpg,42,40,PASS_RIGHT_SIDE,42,389,84,429
1277105440Image000031.jpg,18,31,PASS_RIGHT_SIDE,458,406,476,437
1277105440Image000031.jpg,14,31,NO_PARKING,925,394,939,425
1277105440Image000031.jpg,47,43,GIVE_WAY,545,381,592,424
1277105440Image000031.jpg,42,40,PASS_RIGHT_SIDE,42,389,84,429
1277105440Image000031.jpg,18,31,PASS_RIGHT_SIDE,458,406,476,437
1277105440Image000031.jpg,14,31,NO_PARKING,925,394,939,425
1277105440Image000031.jpg,47,43,GIVE_WAY,545,381,592,424
1277105440Image000031.jpg,42,40,PASS_RIGHT_SIDE,42,389,84,429
1277105440Image000031.jpg,18,31,PASS_RIGHT_SIDE,458,406,476,437
1277105440Image000031.jpg,14,31,NO_PARKING,925,394,939,425
1277105440Image000031.jpg,47,43,GIVE_WAY,545,381,592,424
1277105440Image000031.jpg,42,40,PASS_RIGHT_SIDE,42,389,84,429
1277105440Image000031.jpg,18,31,PASS_RIGHT_SIDE,458,406,476,437
1277105440Image000031.jpg,14,31,NO_PARKING,925,394,939,425
1277105440Image000036.jpg,59,50,GIVE_WAY,583,365,642,415
1277105440Image000036.jpg,31,46,PASS_RIGHT_SIDE,2,376,33,422
1277105440Image000036.jpg,12,31,PASS_RIGHT_SIDE,468,400,480,431
1277105440Image000036.jpg,20,32,NO_PARKING,992,389,1012,421
1277105440Image000036.jpg,59,50,GIVE_WAY,583,365,642,415
1277105440Image000036.jpg,31,46,PASS_RIGHT_SIDE,2,376,33,422
1277105440Image000036.jpg,12,31,PASS_RIGHT_SIDE,468,400,480,431
1277105440Image000036.jpg,20,32,NO_PARKING,992,389,1012,421
1277105440Image000036.jpg,59,50,GIVE_WAY,583,365,642,415
1277105440Image000036.jpg,31,46,PASS_RIGHT_SIDE,2,376,33,422
1277105440Image000036.jpg,12,31,PASS_RIGHT_SIDE,468,400,480,431
1277105440Image000036.jpg,20,32,NO_PARKING,992,389,1012,421
1277105440Image000036.jpg,59,50,GIVE_WAY,583,365,642,415
1277105440Image000036.jpg,31,46,PASS_RIGHT_SIDE,2,376,33,422
1277105440Image000036.jpg,12,31,PASS_RIGHT_SIDE,468,400,480,431
1277105440Image000036.jpg,20,32,NO_PARKING,992,389,1012,421
1277105440Image000036.jpg,59,50,GIVE_WAY,583,365,642,415
1277105440Image000036.jpg,31,46,PASS_RIGHT_SIDE,2,376,33,422
1277105440Image000036.jpg,12,31,PASS_RIGHT_SIDE,468,400,480,431
1277105440Image000036.jpg,20,32,NO_PARKING,992,389,1012,421
1277105440Image000041.jpg,66,58,GIVE_WAY,628,350,694,408
1277105440Image000041.jpg,12,31,PASS_RIGHT_SIDE,476,392,488,423
1277105440Image000041.jpg,19,35,NO_PARKING,1052,378,1071,413
1277105440Image000041.jpg,66,58,GIVE_WAY,628,350,694,408
1277105440Image000041.jpg,12,31,PASS_RIGHT_SIDE,476,392,488,423
1277105440Image000041.jpg,19,35,NO_PARKING,1052,378,1071,413
1277105440Image000041.jpg,66,58,GIVE_WAY,628,350,694,408
1277105440Image000041.jpg,12,31,PASS_RIGHT_SIDE,476,392,488,423
1277105440Image000041.jpg,19,35,NO_PARKING,1052,378,1071,413
1277105440Image000041.jpg,66,58,GIVE_WAY,628,350,694,408
1277105440Image000041.jpg,12,31,PASS_RIGHT_SIDE,476,392,488,423
1277105440Image000041.jpg,19,35,NO_PARKING,1052,378,1071,413
1277105440Image000046.jpg,79,74,GIVE_WAY,729,315,808,389
1277105440Image000046.jpg,16,37,PASS_RIGHT_SIDE,488,381,504,418
1277105440Image000046.jpg,23,41,NO_PARKING,1168,367,1191,408
1277105440Image000046.jpg,79,74,GIVE_WAY,729,315,808,389
1277105440Image000046.jpg,16,37,PASS_RIGHT_SIDE,488,381,504,418
1277105440Image000046.jpg,23,41,NO_PARKING,1168,367,1191,408
1277105440Image000046.jpg,79,74,GIVE_WAY,729,315,808,389
1277105440Image000046.jpg,16,37,PASS_RIGHT_SIDE,488,381,504,418
1277105440Image000046.jpg,23,41,NO_PARKING,1168,367,1191,408
1277105440Image000046.jpg,79,74,GIVE_WAY,729,315,808,389
1277105440Image000046.jpg,16,37,PASS_RIGHT_SIDE,488,381,504,418
1277105440Image000046.jpg,23,41,NO_PARKING,1168,367,1191,408
1277105440Image000056.jpg,120,118,GIVE_WAY,950,231,1070,349
1277105440Image000056.jpg,14,42,PASS_RIGHT_SIDE,497,366,511,408
1277105440Image000056.jpg,120,118,GIVE_WAY,950,231,1070,349
1277105440Image000056.jpg,14,42,PASS_RIGHT_SIDE,497,366,511,408
1277105440Image000056.jpg,120,118,GIVE_WAY,950,231,1070,349
1277105440Image000056.jpg,14,42,PASS_RIGHT_SIDE,497,366,511,408
1277105450Image000001.jpg,55,97,PASS_RIGHT_SIDE,981,241,1036,338
1277105450Image000001.jpg,55,97,PASS_RIGHT_SIDE,981,241,1036,338
1277105461Image000002.jpg,21,22,PRIORITY_ROAD,332,450,353,472
1277105461Image000002.jpg,21,22,PRIORITY_ROAD,332,450,353,472
1277105461Image000007.jpg,26,27,PRIORITY_ROAD,453,434,479,461
1277105461Image000007.jpg,26,27,PRIORITY_ROAD,453,434,479,461
1277105461Image000012.jpg,26,28,PRIORITY_ROAD,509,429,535,457
1277105461Image000012.jpg,26,28,PRIORITY_ROAD,509,429,535,457
1277105461Image000017.jpg,28,25,PRIORITY_ROAD,557,426,585,451
1277105461Image000017.jpg,28,25,PRIORITY_ROAD,557,426,585,451
1277105461Image000022.jpg,33,33,PRIORITY_ROAD,609,414,642,447
1277105461Image000022.jpg,33,33,PRIORITY_ROAD,609,414,642,447
1277105461Image000027.jpg,37,42,PRIORITY_ROAD,697,401,734,443
1277105461Image000027.jpg,37,42,PRIORITY_ROAD,697,401,734,443
1277105461Image000032.jpg,54,55,PRIORITY_ROAD,782,383,836,438
1277105461Image000032.jpg,54,55,PRIORITY_ROAD,782,383,836,438
1277105461Image000037.jpg,63,80,PRIORITY_ROAD,1182,314,1245,394
1277105461Image000037.jpg,63,80,PRIORITY_ROAD,1182,314,1245,394
1277105470Image000001.jpg,25,26,70_SIGN,413,438,438,464
1277105470Image000001.jpg,20,18,PRIORITY_ROAD,416,463,436,481
1277105470Image000001.jpg,25,26,70_SIGN,413,438,438,464
1277105470Image000001.jpg,20,18,PRIORITY_ROAD,416,463,436,481
1277105470Image000001.jpg,25,26,70_SIGN,413,438,438,464
1277105470Image000001.jpg,20,18,PRIORITY_ROAD,416,463,436,481
1277105470Image000006.jpg,32,31,70_SIGN,459,414,491,445
1277105470Image000006.jpg,22,21,PRIORITY_ROAD,465,445,487,466
1277105470Image000006.jpg,32,31,70_SIGN,459,414,491,445
1277105470Image000006.jpg,22,21,PRIORITY_ROAD,465,445,487,466
1277105470Image000006.jpg,32,31,70_SIGN,459,414,491,445
1277105470Image000006.jpg,22,21,PRIORITY_ROAD,465,445,487,466
1277105470Image000011.jpg,36,40,70_SIGN,540,407,576,447
1277105470Image000011.jpg,30,26,PRIORITY_ROAD,542,444,572,470
1277105470Image000011.jpg,36,40,70_SIGN,540,407,576,447
1277105470Image000011.jpg,30,26,PRIORITY_ROAD,542,444,572,470
1277105470Image000011.jpg,36,40,70_SIGN,540,407,576,447
1277105470Image000011.jpg,30,26,PRIORITY_ROAD,542,444,572,470
1277105470Image000016.jpg,45,49,70_SIGN,654,378,699,427
1277105470Image000016.jpg,34,35,PRIORITY_ROAD,658,427,692,462
1277105470Image000016.jpg,45,49,70_SIGN,654,378,699,427
1277105470Image000016.jpg,34,35,PRIORITY_ROAD,658,427,692,462
1277105470Image000016.jpg,45,49,70_SIGN,654,378,699,427
1277105470Image000016.jpg,34,35,PRIORITY_ROAD,658,427,692,462
1277105470Image000021.jpg,62,67,70_SIGN,876,323,938,390
1277105470Image000021.jpg,52,51,PRIORITY_ROAD,880,393,932,444
1277105470Image000021.jpg,13,11,OTHER,247,480,260,491
1277105470Image000021.jpg,62,67,70_SIGN,876,323,938,390
1277105470Image000021.jpg,52,51,PRIORITY_ROAD,880,393,932,444
1277105470Image000021.jpg,13,11,OTHER,247,480,260,491
1277105470Image000021.jpg,62,67,70_SIGN,876,323,938,390
1277105470Image000021.jpg,52,51,PRIORITY_ROAD,880,393,932,444
1277105470Image000021.jpg,13,11,OTHER,247,480,260,491
1277105470Image000021.jpg,62,67,70_SIGN,876,323,938,390
1277105470Image000021.jpg,52,51,PRIORITY_ROAD,880,393,932,444
1277105470Image000021.jpg,13,11,OTHER,247,480,260,491
1277105470Image000026.jpg,9,12,OTHER,258,476,267,488
1277105470Image000026.jpg,9,12,OTHER,258,476,267,488
1277105470Image000031.jpg,15,13,OTHER,270,475,285,488
1277105470Image000031.jpg,15,13,OTHER,270,475,285,488
1277105470Image000036.jpg,15,16,OTHER,287,472,302,488
1277105484Image000004.jpg,31,30,70_SIGN,393,415,424,445
1277105484Image000004.jpg,22,22,PRIORITY_ROAD,399,444,421,466
1277105484Image000004.jpg,31,30,70_SIGN,393,415,424,445
1277105484Image000004.jpg,22,22,PRIORITY_ROAD,399,444,421,466
1277105484Image000009.jpg,42,42,70_SIGN,435,386,477,428
1277105484Image000009.jpg,33,29,PRIORITY_ROAD,442,428,475,457
1277105484Image000009.jpg,42,42,70_SIGN,435,386,477,428
1277105484Image000009.jpg,33,29,PRIORITY_ROAD,442,428,475,457
1277105484Image000014.jpg,68,66,70_SIGN,612,308,680,374
1277105484Image000014.jpg,59,54,PRIORITY_ROAD,618,376,677,430
1277105484Image000014.jpg,68,66,70_SIGN,612,308,680,374
1277105484Image000014.jpg,59,54,PRIORITY_ROAD,618,376,677,430
1277105511Image000001.jpg,20,17,70_SIGN,387,412,407,429
1277105511Image000001.jpg,15,15,PRIORITY_ROAD,390,430,405,445
1277105511Image000001.jpg,20,17,70_SIGN,387,412,407,429
1277105511Image000001.jpg,15,15,PRIORITY_ROAD,390,430,405,445
1277105511Image000001.jpg,20,17,70_SIGN,387,412,407,429
1277105511Image000001.jpg,15,15,PRIORITY_ROAD,390,430,405,445
1277105511Image000006.jpg,19,21,70_SIGN,396,406,415,427
1277105511Image000006.jpg,18,16,PRIORITY_ROAD,398,427,416,443
1277105511Image000006.jpg,19,21,70_SIGN,396,406,415,427
1277105511Image000006.jpg,18,16,PRIORITY_ROAD,398,427,416,443
1277105511Image000006.jpg,19,21,70_SIGN,396,406,415,427
1277105511Image000006.jpg,18,16,PRIORITY_ROAD,398,427,416,443
1277105511Image000011.jpg,25,23,70_SIGN,412,388,437,411
1277105511Image000011.jpg,21,20,PRIORITY_ROAD,416,412,437,432
1277105511Image000011.jpg,25,23,70_SIGN,412,388,437,411
1277105511Image000011.jpg,21,20,PRIORITY_ROAD,416,412,437,432
1277105511Image000011.jpg,25,23,70_SIGN,412,388,437,411
1277105511Image000011.jpg,21,20,PRIORITY_ROAD,416,412,437,432
1277105511Image000016.jpg,33,28,70_SIGN,429,378,462,406
1277105511Image000016.jpg,27,23,PRIORITY_ROAD,434,408,461,431
1277105511Image000016.jpg,33,28,70_SIGN,429,378,462,406
1277105511Image000016.jpg,27,23,PRIORITY_ROAD,434,408,461,431
1277105511Image000016.jpg,33,28,70_SIGN,429,378,462,406
1277105511Image000016.jpg,27,23,PRIORITY_ROAD,434,408,461,431
1277105511Image000021.jpg,41,38,70_SIGN,458,354,499,392
1277105511Image000021.jpg,35,33,PRIORITY_ROAD,461,392,496,425
1277105511Image000021.jpg,41,38,70_SIGN,458,354,499,392
1277105511Image000021.jpg,35,33,PRIORITY_ROAD,461,392,496,425
1277105511Image000021.jpg,41,38,70_SIGN,458,354,499,392
1277105511Image000021.jpg,35,33,PRIORITY_ROAD,461,392,496,425
1277105511Image000026.jpg,65,67,70_SIGN,590,272,655,339
1277105511Image000026.jpg,63,59,PRIORITY_ROAD,595,342,658,401
1277105511Image000026.jpg,65,67,70_SIGN,590,272,655,339
1277105511Image000026.jpg,63,59,PRIORITY_ROAD,595,342,658,401
1277105511Image000026.jpg,65,67,70_SIGN,590,272,655,339
1277105511Image000026.jpg,63,59,PRIORITY_ROAD,595,342,658,401
1277105552Image000002.jpg,13,13,80_SIGN,169,465,182,478
1277105552Image000007.jpg,14,15,80_SIGN,179,468,193,483
1277105552Image000012.jpg,16,15,80_SIGN,184,467,200,482
1277105552Image000012.jpg,17,14,80_SIGN,511,449,528,463
1277105552Image000012.jpg,14,14,PRIORITY_ROAD,515,464,529,478
1277105552Image000012.jpg,16,15,80_SIGN,184,467,200,482
1277105552Image000012.jpg,17,14,80_SIGN,511,449,528,463
1277105552Image000012.jpg,14,14,PRIORITY_ROAD,515,464,529,478
1277105552Image000012.jpg,16,15,80_SIGN,184,467,200,482
1277105552Image000012.jpg,17,14,80_SIGN,511,449,528,463
1277105552Image000012.jpg,14,14,PRIORITY_ROAD,515,464,529,478
1277105552Image000012.jpg,16,15,80_SIGN,184,467,200,482
1277105552Image000012.jpg,17,14,80_SIGN,511,449,528,463
1277105552Image000012.jpg,14,14,PRIORITY_ROAD,515,464,529,478
1277105552Image000017.jpg,18,17,80_SIGN,164,457,182,474
1277105552Image000017.jpg,18,18,80_SIGN,521,446,539,464
1277105552Image000017.jpg,14,12,PRIORITY_ROAD,525,466,539,478
1277105552Image000017.jpg,18,17,80_SIGN,164,457,182,474
1277105552Image000017.jpg,18,18,80_SIGN,521,446,539,464
1277105552Image000017.jpg,14,12,PRIORITY_ROAD,525,466,539,478
1277105552Image000017.jpg,18,17,80_SIGN,164,457,182,474
1277105552Image000017.jpg,18,18,80_SIGN,521,446,539,464
1277105552Image000017.jpg,14,12,PRIORITY_ROAD,525,466,539,478
1277105552Image000017.jpg,18,17,80_SIGN,164,457,182,474
1277105552Image000017.jpg,18,18,80_SIGN,521,446,539,464
1277105552Image000017.jpg,14,12,PRIORITY_ROAD,525,466,539,478
1277105552Image000022.jpg,19,19,80_SIGN,86,453,105,472
1277105552Image000022.jpg,18,18,80_SIGN,505,457,523,475
1277105552Image000022.jpg,17,13,PRIORITY_ROAD,506,478,523,491
1277105552Image000022.jpg,19,19,80_SIGN,86,453,105,472
1277105552Image000022.jpg,18,18,80_SIGN,505,457,523,475
1277105552Image000022.jpg,17,13,PRIORITY_ROAD,506,478,523,491
1277105552Image000022.jpg,19,19,80_SIGN,86,453,105,472
1277105552Image000022.jpg,18,18,80_SIGN,505,457,523,475
1277105552Image000022.jpg,17,13,PRIORITY_ROAD,506,478,523,491
1277105552Image000022.jpg,19,19,80_SIGN,86,453,105,472
1277105552Image000022.jpg,18,18,80_SIGN,505,457,523,475
1277105552Image000022.jpg,17,13,PRIORITY_ROAD,506,478,523,491
1277105552Image000027.jpg,22,17,80_SIGN,26,445,48,462
1277105552Image000027.jpg,20,23,80_SIGN,499,452,519,475
1277105552Image000027.jpg,16,17,PRIORITY_ROAD,503,476,519,493
1277105552Image000027.jpg,22,17,80_SIGN,26,445,48,462
1277105552Image000027.jpg,20,23,80_SIGN,499,452,519,475
1277105552Image000027.jpg,16,17,PRIORITY_ROAD,503,476,519,493
1277105552Image000027.jpg,22,17,80_SIGN,26,445,48,462
1277105552Image000027.jpg,20,23,80_SIGN,499,452,519,475
1277105552Image000027.jpg,16,17,PRIORITY_ROAD,503,476,519,493
1277105552Image000027.jpg,22,17,80_SIGN,26,445,48,462
1277105552Image000027.jpg,20,23,80_SIGN,499,452,519,475
1277105552Image000027.jpg,16,17,PRIORITY_ROAD,503,476,519,493
1277105552Image000032.jpg,24,24,80_SIGN,519,447,543,471
1277105552Image000032.jpg,20,19,PRIORITY_ROAD,521,474,541,493
1277105552Image000032.jpg,24,24,80_SIGN,519,447,543,471
1277105552Image000032.jpg,20,19,PRIORITY_ROAD,521,474,541,493
1277105552Image000032.jpg,24,24,80_SIGN,519,447,543,471
1277105552Image000032.jpg,20,19,PRIORITY_ROAD,521,474,541,493
1277105552Image000037.jpg,39,38,80_SIGN,637,432,676,470
1277105552Image000037.jpg,30,28,PRIORITY_ROAD,643,476,673,504
1277105552Image000037.jpg,39,38,80_SIGN,637,432,676,470
1277105552Image000037.jpg,30,28,PRIORITY_ROAD,643,476,673,504
1277105552Image000037.jpg,39,38,80_SIGN,637,432,676,470
1277105552Image000037.jpg,30,28,PRIORITY_ROAD,643,476,673,504
1277105552Image000042.jpg,56,59,80_SIGN,815,390,871,449
1277105552Image000042.jpg,45,49,PRIORITY_ROAD,825,458,870,507
1277105552Image000042.jpg,56,59,80_SIGN,815,390,871,449
1277105552Image000042.jpg,45,49,PRIORITY_ROAD,825,458,870,507
1277105552Image000042.jpg,56,59,80_SIGN,815,390,871,449
1277105552Image000042.jpg,45,49,PRIORITY_ROAD,825,458,870,507
1277105552Image000047.jpg,51,93,80_SIGN,1227,296,1278,389
1277105552Image000047.jpg,52,94,PRIORITY_ROAD,1227,398,1279,492
1277105552Image000047.jpg,51,93,80_SIGN,1227,296,1278,389
1277105552Image000047.jpg,52,94,PRIORITY_ROAD,1227,398,1279,492
1277105552Image000047.jpg,51,93,80_SIGN,1227,296,1278,389
1277105552Image000047.jpg,52,94,PRIORITY_ROAD,1227,398,1279,492
1277105585Image000007.jpg,21,19,80_SIGN,247,432,268,451
1277105585Image000007.jpg,16,16,PRIORITY_ROAD,249,452,265,468
1277105585Image000007.jpg,21,19,80_SIGN,247,432,268,451
1277105585Image000007.jpg,16,16,PRIORITY_ROAD,249,452,265,468
1277105585Image000007.jpg,21,19,80_SIGN,247,432,268,451
1277105585Image000007.jpg,16,16,PRIORITY_ROAD,249,452,265,468
1277105585Image000012.jpg,20,23,80_SIGN,295,424,315,447
1277105585Image000012.jpg,17,17,PRIORITY_ROAD,297,448,314,465
1277105585Image000012.jpg,20,23,80_SIGN,295,424,315,447
1277105585Image000012.jpg,17,17,PRIORITY_ROAD,297,448,314,465
1277105585Image000012.jpg,20,23,80_SIGN,295,424,315,447
1277105585Image000012.jpg,17,17,PRIORITY_ROAD,297,448,314,465
1277105585Image000017.jpg,25,28,80_SIGN,348,419,373,447
1277105585Image000017.jpg,20,20,PRIORITY_ROAD,350,447,370,467
1277105585Image000017.jpg,25,28,80_SIGN,348,419,373,447
1277105585Image000017.jpg,20,20,PRIORITY_ROAD,350,447,370,467
1277105585Image000017.jpg,25,28,80_SIGN,348,419,373,447
1277105585Image000017.jpg,20,20,PRIORITY_ROAD,350,447,370,467
1277105585Image000022.jpg,34,35,80_SIGN,470,396,504,431
1277105585Image000022.jpg,31,31,PRIORITY_ROAD,469,434,500,465
1277105585Image000022.jpg,34,35,80_SIGN,470,396,504,431
1277105585Image000022.jpg,31,31,PRIORITY_ROAD,469,434,500,465
1277105585Image000022.jpg,34,35,80_SIGN,470,396,504,431
1277105585Image000022.jpg,31,31,PRIORITY_ROAD,469,434,500,465
1277105653Image000003.jpg,22,21,80_SIGN,318,427,340,448
1277105653Image000008.jpg,25,24,80_SIGN,342,419,367,443
1277105653Image000013.jpg,29,29,80_SIGN,381,410,410,439
1277105653Image000018.jpg,44,41,80_SIGN,446,381,490,422
1277105653Image000023.jpg,73,75,80_SIGN,590,319,663,394
1277105682Image000002.jpg,22,23,PRIORITY_ROAD,381,437,403,460
1277105682Image000007.jpg,29,29,PRIORITY_ROAD,414,423,443,452
1277105682Image000012.jpg,35,33,PRIORITY_ROAD,467,402,502,435
1277105682Image000017.jpg,48,50,PRIORITY_ROAD,582,378,630,428
1277105682Image000022.jpg,95,101,PRIORITY_ROAD,985,291,1080,392
1277105692Image000004.jpg,28,25,50_SIGN,395,393,423,418
1277105692Image000004.jpg,28,25,50_SIGN,395,393,423,418
1277105692Image000009.jpg,38,33,50_SIGN,429,375,467,408
1277105692Image000009.jpg,38,33,50_SIGN,429,375,467,408
1277105692Image000014.jpg,57,54,50_SIGN,554,349,611,403
1277105692Image000014.jpg,15,12,OTHER,314,412,329,424
1277105692Image000014.jpg,7,9,PRIORITY_ROAD,319,423,326,432
1277105692Image000014.jpg,57,54,50_SIGN,554,349,611,403
1277105692Image000014.jpg,15,12,OTHER,314,412,329,424
1277105692Image000014.jpg,7,9,PRIORITY_ROAD,319,423,326,432
1277105692Image000014.jpg,57,54,50_SIGN,554,349,611,403
1277105692Image000014.jpg,15,12,OTHER,314,412,329,424
1277105692Image000014.jpg,7,9,PRIORITY_ROAD,319,423,326,432
1277105692Image000014.jpg,57,54,50_SIGN,554,349,611,403
1277105692Image000014.jpg,15,12,OTHER,314,412,329,424
1277105692Image000014.jpg,7,9,PRIORITY_ROAD,319,423,326,432
1277105692Image000024.jpg,24,43,PASS_RIGHT_SIDE,1003,380,1027,423
1277105692Image000024.jpg,14,12,OTHER,319,425,333,437
1277105692Image000024.jpg,10,9,PRIORITY_ROAD,322,439,332,448
1277105692Image000024.jpg,24,43,PASS_RIGHT_SIDE,1003,380,1027,423
1277105692Image000024.jpg,14,12,OTHER,319,425,333,437
1277105692Image000024.jpg,10,9,PRIORITY_ROAD,322,439,332,448
1277105692Image000024.jpg,24,43,PASS_RIGHT_SIDE,1003,380,1027,423
1277105692Image000024.jpg,14,12,OTHER,319,425,333,437
1277105692Image000024.jpg,10,9,PRIORITY_ROAD,322,439,332,448
1277105697Image000004.jpg,28,22,OTHER,418,393,446,415
1277105697Image000004.jpg,19,20,PRIORITY_ROAD,424,415,443,435
1277105697Image000004.jpg,10,8,50_SIGN,310,422,320,430
1277105697Image000004.jpg,10,11,50_SIGN,135,423,145,434
1277105697Image000004.jpg,28,22,OTHER,418,393,446,415
1277105697Image000004.jpg,19,20,PRIORITY_ROAD,424,415,443,435
1277105697Image000004.jpg,10,8,50_SIGN,310,422,320,430
1277105697Image000004.jpg,10,11,50_SIGN,135,423,145,434
1277105697Image000004.jpg,28,22,OTHER,418,393,446,415
1277105697Image000004.jpg,19,20,PRIORITY_ROAD,424,415,443,435
1277105697Image000004.jpg,10,8,50_SIGN,310,422,320,430
1277105697Image000004.jpg,10,11,50_SIGN,135,423,145,434
1277105697Image000004.jpg,28,22,OTHER,418,393,446,415
1277105697Image000004.jpg,19,20,PRIORITY_ROAD,424,415,443,435
1277105697Image000004.jpg,10,8,50_SIGN,310,422,320,430
1277105697Image000004.jpg,10,11,50_SIGN,135,423,145,434
1277105697Image000004.jpg,28,22,OTHER,418,393,446,415
1277105697Image000004.jpg,19,20,PRIORITY_ROAD,424,415,443,435
1277105697Image000004.jpg,10,8,50_SIGN,310,422,320,430
1277105697Image000004.jpg,10,11,50_SIGN,135,423,145,434
1277105697Image000009.jpg,31,30,OTHER,455,382,486,412
1277105697Image000009.jpg,21,22,PRIORITY_ROAD,463,411,484,433
1277105697Image000009.jpg,10,9,50_SIGN,318,424,328,433
1277105697Image000009.jpg,13,12,50_SIGN,129,425,142,437
1277105697Image000009.jpg,31,30,OTHER,455,382,486,412
1277105697Image000009.jpg,21,22,PRIORITY_ROAD,463,411,484,433
1277105697Image000009.jpg,10,9,50_SIGN,318,424,328,433
1277105697Image000009.jpg,13,12,50_SIGN,129,425,142,437
1277105697Image000009.jpg,31,30,OTHER,455,382,486,412
1277105697Image000009.jpg,21,22,PRIORITY_ROAD,463,411,484,433
1277105697Image000009.jpg,10,9,50_SIGN,318,424,328,433
1277105697Image000009.jpg,13,12,50_SIGN,129,425,142,437
1277105697Image000009.jpg,31,30,OTHER,455,382,486,412
1277105697Image000009.jpg,21,22,PRIORITY_ROAD,463,411,484,433
1277105697Image000009.jpg,10,9,50_SIGN,318,424,328,433
1277105697Image000009.jpg,13,12,50_SIGN,129,425,142,437
1277105697Image000009.jpg,31,30,OTHER,455,382,486,412
1277105697Image000009.jpg,21,22,PRIORITY_ROAD,463,411,484,433
1277105697Image000009.jpg,10,9,50_SIGN,318,424,328,433
1277105697Image000009.jpg,13,12,50_SIGN,129,425,142,437
1277105697Image000014.jpg,34,33,OTHER,503,377,537,410
1277105697Image000014.jpg,27,23,PRIORITY_ROAD,505,411,532,434
1277105697Image000014.jpg,12,14,50_SIGN,323,424,335,438
1277105697Image000014.jpg,13,13,50_SIGN,123,429,136,442
1277105697Image000014.jpg,34,33,OTHER,503,377,537,410
1277105697Image000014.jpg,27,23,PRIORITY_ROAD,505,411,532,434
1277105697Image000014.jpg,12,14,50_SIGN,323,424,335,438
1277105697Image000014.jpg,13,13,50_SIGN,123,429,136,442
1277105697Image000014.jpg,34,33,OTHER,503,377,537,410
1277105697Image000014.jpg,27,23,PRIORITY_ROAD,505,411,532,434
1277105697Image000014.jpg,12,14,50_SIGN,323,424,335,438
1277105697Image000014.jpg,13,13,50_SIGN,123,429,136,442
1277105697Image000014.jpg,34,33,OTHER,503,377,537,410
1277105697Image000014.jpg,27,23,PRIORITY_ROAD,505,411,532,434
1277105697Image000014.jpg,12,14,50_SIGN,323,424,335,438
1277105697Image000014.jpg,13,13,50_SIGN,123,429,136,442
1277105697Image000014.jpg,34,33,OTHER,503,377,537,410
1277105697Image000014.jpg,27,23,PRIORITY_ROAD,505,411,532,434
1277105697Image000014.jpg,12,14,50_SIGN,323,424,335,438
1277105697Image000014.jpg,13,13,50_SIGN,123,429,136,442
1277105697Image000019.jpg,45,43,OTHER,579,353,624,396
1277105697Image000019.jpg,32,28,PRIORITY_ROAD,584,397,616,425
1277105697Image000019.jpg,15,13,50_SIGN,330,426,345,439
1277105697Image000019.jpg,11,12,50_SIGN,118,430,129,442
1277105697Image000019.jpg,45,43,OTHER,579,353,624,396
1277105697Image000019.jpg,32,28,PRIORITY_ROAD,584,397,616,425
1277105697Image000019.jpg,15,13,50_SIGN,330,426,345,439
1277105697Image000019.jpg,11,12,50_SIGN,118,430,129,442
1277105697Image000019.jpg,45,43,OTHER,579,353,624,396
1277105697Image000019.jpg,32,28,PRIORITY_ROAD,584,397,616,425
1277105697Image000019.jpg,15,13,50_SIGN,330,426,345,439
1277105697Image000019.jpg,11,12,50_SIGN,118,430,129,442
1277105697Image000019.jpg,45,43,OTHER,579,353,624,396
1277105697Image000019.jpg,32,28,PRIORITY_ROAD,584,397,616,425
1277105697Image000019.jpg,15,13,50_SIGN,330,426,345,439
1277105697Image000019.jpg,11,12,50_SIGN,118,430,129,442
1277105697Image000019.jpg,45,43,OTHER,579,353,624,396
1277105697Image000019.jpg,32,28,PRIORITY_ROAD,584,397,616,425
1277105697Image000019.jpg,15,13,50_SIGN,330,426,345,439
1277105697Image000019.jpg,11,12,50_SIGN,118,430,129,442
1277105697Image000024.jpg,56,53,OTHER,668,328,724,381
1277105697Image000024.jpg,37,35,PRIORITY_ROAD,675,382,712,417
1277105697Image000024.jpg,13,11,50_SIGN,340,427,353,438
1277105697Image000024.jpg,14,14,50_SIGN,108,427,122,441
1277105697Image000024.jpg,56,53,OTHER,668,328,724,381
1277105697Image000024.jpg,37,35,PRIORITY_ROAD,675,382,712,417
1277105697Image000024.jpg,13,11,50_SIGN,340,427,353,438
1277105697Image000024.jpg,14,14,50_SIGN,108,427,122,441
1277105697Image000024.jpg,56,53,OTHER,668,328,724,381
1277105697Image000024.jpg,37,35,PRIORITY_ROAD,675,382,712,417
1277105697Image000024.jpg,13,11,50_SIGN,340,427,353,438
1277105697Image000024.jpg,14,14,50_SIGN,108,427,122,441
1277105697Image000024.jpg,56,53,OTHER,668,328,724,381
1277105697Image000024.jpg,37,35,PRIORITY_ROAD,675,382,712,417
1277105697Image000024.jpg,13,11,50_SIGN,340,427,353,438
1277105697Image000024.jpg,14,14,50_SIGN,108,427,122,441
1277105697Image000024.jpg,56,53,OTHER,668,328,724,381
1277105697Image000024.jpg,37,35,PRIORITY_ROAD,675,382,712,417
1277105697Image000024.jpg,13,11,50_SIGN,340,427,353,438
1277105697Image000024.jpg,14,14,50_SIGN,108,427,122,441
1277105697Image000029.jpg,96,99,OTHER,1083,205,1179,304
1277105697Image000029.jpg,71,75,PRIORITY_ROAD,1091,304,1162,379
1277105697Image000029.jpg,14,14,50_SIGN,340,425,354,439
1277105697Image000029.jpg,15,13,50_SIGN,79,430,94,443
1277105697Image000029.jpg,96,99,OTHER,1083,205,1179,304
1277105697Image000029.jpg,71,75,PRIORITY_ROAD,1091,304,1162,379
1277105697Image000029.jpg,14,14,50_SIGN,340,425,354,439
1277105697Image000029.jpg,15,13,50_SIGN,79,430,94,443
1277105697Image000029.jpg,96,99,OTHER,1083,205,1179,304
1277105697Image000029.jpg,71,75,PRIORITY_ROAD,1091,304,1162,379
1277105697Image000029.jpg,14,14,50_SIGN,340,425,354,439
1277105697Image000029.jpg,15,13,50_SIGN,79,430,94,443
1277105697Image000029.jpg,96,99,OTHER,1083,205,1179,304
1277105697Image000029.jpg,71,75,PRIORITY_ROAD,1091,304,1162,379
1277105697Image000029.jpg,14,14,50_SIGN,340,425,354,439
1277105697Image000029.jpg,15,13,50_SIGN,79,430,94,443
1277105697Image000029.jpg,96,99,OTHER,1083,205,1179,304
1277105697Image000029.jpg,71,75,PRIORITY_ROAD,1091,304,1162,379
1277105697Image000029.jpg,14,14,50_SIGN,340,425,354,439
1277105697Image000029.jpg,15,13,50_SIGN,79,430,94,443
1277105697Image000034.jpg,13,14,50_SIGN,345,426,358,440
1277105697Image000034.jpg,17,15,50_SIGN,61,431,78,446
1277105697Image000034.jpg,13,14,50_SIGN,345,426,358,440
1277105697Image000034.jpg,17,15,50_SIGN,61,431,78,446
1277105697Image000034.jpg,13,14,50_SIGN,345,426,358,440
1277105697Image000034.jpg,17,15,50_SIGN,61,431,78,446
1277105697Image000039.jpg,17,17,50_SIGN,353,419,370,436
1277105697Image000039.jpg,22,17,50_SIGN,37,424,59,441
1277105697Image000039.jpg,17,17,50_SIGN,353,419,370,436
1277105697Image000039.jpg,22,17,50_SIGN,37,424,59,441
1277105697Image000039.jpg,17,17,50_SIGN,353,419,370,436
1277105697Image000039.jpg,22,17,50_SIGN,37,424,59,441
1277105697Image000044.jpg,18,19,50_SIGN,371,414,389,433
1277105697Image000044.jpg,16,20,50_SIGN,2,421,18,441
1277105697Image000044.jpg,18,19,50_SIGN,371,414,389,433
1277105697Image000044.jpg,16,20,50_SIGN,2,421,18,441
1277105697Image000044.jpg,18,19,50_SIGN,371,414,389,433
1277105697Image000044.jpg,16,20,50_SIGN,2,421,18,441
1277105697Image000049.jpg,19,21,50_SIGN,389,411,408,432
1277105697Image000049.jpg,19,21,50_SIGN,389,411,408,432
1277105697Image000054.jpg,21,19,50_SIGN,406,410,427,429
1277105697Image000054.jpg,21,19,50_SIGN,406,410,427,429
1277105697Image000059.jpg,23,24,50_SIGN,426,398,449,422
1277105697Image000059.jpg,23,24,50_SIGN,426,398,449,422
1277105697Image000064.jpg,26,28,50_SIGN,478,382,504,410
1277105697Image000064.jpg,26,28,50_SIGN,478,382,504,410
1277105697Image000074.jpg,45,46,50_SIGN,639,318,684,364
1277105697Image000074.jpg,45,46,50_SIGN,639,318,684,364
1277105697Image000079.jpg,67,71,50_SIGN,843,241,910,312
1277105697Image000079.jpg,67,71,50_SIGN,843,241,910,312
1277105720Image000007.jpg,32,33,50_SIGN,495,380,527,413
1277105720Image000012.jpg,35,37,50_SIGN,508,366,543,403
1277105720Image000027.jpg,80,83,50_SIGN,652,263,732,346
1277105720Image000032.jpg,168,170,50_SIGN,1028,41,1196,211
1277105720Image000032.jpg,16,16,PRIORITY_ROAD,536,424,552,440
1277105720Image000032.jpg,168,170,50_SIGN,1028,41,1196,211
1277105720Image000032.jpg,16,16,PRIORITY_ROAD,536,424,552,440
1277105720Image000037.jpg,19,19,PRIORITY_ROAD,539,419,558,438
1277105720Image000047.jpg,30,31,PRIORITY_ROAD,561,394,591,425
1277105720Image000057.jpg,67,71,PRIORITY_ROAD,796,289,863,360
1277105720Image000062.jpg,96,100,PRIORITY_ROAD,1032,208,1128,308
1277105776Image000003.jpg,30,30,PEDESTRIAN_CROSSING,973,370,1003,400
1277105776Image000003.jpg,20,18,PRIORITY_ROAD,994,400,1014,418
1277105776Image000003.jpg,30,30,PEDESTRIAN_CROSSING,973,370,1003,400
1277105776Image000003.jpg,20,18,PRIORITY_ROAD,994,400,1014,418
1277105776Image000003.jpg,30,30,PEDESTRIAN_CROSSING,973,370,1003,400
1277105776Image000003.jpg,20,18,PRIORITY_ROAD,994,400,1014,418
1277105776Image000008.jpg,32,32,PEDESTRIAN_CROSSING,853,362,885,394
1277105776Image000008.jpg,18,19,PRIORITY_ROAD,854,398,872,417
1277105776Image000008.jpg,32,32,PEDESTRIAN_CROSSING,853,362,885,394
1277105776Image000008.jpg,18,19,PRIORITY_ROAD,854,398,872,417
1277105776Image000008.jpg,32,32,PEDESTRIAN_CROSSING,853,362,885,394
1277105776Image000008.jpg,18,19,PRIORITY_ROAD,854,398,872,417
1277105776Image000013.jpg,36,38,PEDESTRIAN_CROSSING,753,359,789,397
1277105776Image000013.jpg,23,23,PRIORITY_ROAD,732,402,755,425
1277105776Image000013.jpg,36,38,PEDESTRIAN_CROSSING,753,359,789,397
1277105776Image000013.jpg,23,23,PRIORITY_ROAD,732,402,755,425
1277105776Image000013.jpg,36,38,PEDESTRIAN_CROSSING,753,359,789,397
1277105776Image000013.jpg,23,23,PRIORITY_ROAD,732,402,755,425
1277105776Image000018.jpg,42,42,PEDESTRIAN_CROSSING,666,345,708,387
1277105776Image000018.jpg,24,25,PRIORITY_ROAD,623,396,647,421
1277105776Image000018.jpg,42,42,PEDESTRIAN_CROSSING,666,345,708,387
1277105776Image000018.jpg,24,25,PRIORITY_ROAD,623,396,647,421
1277105776Image000018.jpg,42,42,PEDESTRIAN_CROSSING,666,345,708,387
1277105776Image000018.jpg,24,25,PRIORITY_ROAD,623,396,647,421
1277105776Image000023.jpg,57,58,PEDESTRIAN_CROSSING,648,328,705,386
1277105776Image000023.jpg,33,31,PRIORITY_ROAD,536,408,569,439
1277105776Image000023.jpg,57,58,PEDESTRIAN_CROSSING,648,328,705,386
1277105776Image000023.jpg,33,31,PRIORITY_ROAD,536,408,569,439
1277105776Image000023.jpg,57,58,PEDESTRIAN_CROSSING,648,328,705,386
1277105776Image000023.jpg,33,31,PRIORITY_ROAD,536,408,569,439
1277105776Image000028.jpg,77,84,PEDESTRIAN_CROSSING,726,274,803,358
1277105776Image000028.jpg,35,35,PRIORITY_ROAD,530,400,565,435
1277105776Image000028.jpg,77,84,PEDESTRIAN_CROSSING,726,274,803,358
1277105776Image000028.jpg,35,35,PRIORITY_ROAD,530,400,565,435
1277105776Image000028.jpg,77,84,PEDESTRIAN_CROSSING,726,274,803,358
1277105776Image000028.jpg,35,35,PRIORITY_ROAD,530,400,565,435
1277105776Image000033.jpg,122,130,PEDESTRIAN_CROSSING,987,120,1109,250
1277105776Image000033.jpg,45,44,PRIORITY_ROAD,533,366,578,410
1277105776Image000033.jpg,122,130,PEDESTRIAN_CROSSING,987,120,1109,250
1277105776Image000033.jpg,45,44,PRIORITY_ROAD,533,366,578,410
1277105776Image000033.jpg,122,130,PEDESTRIAN_CROSSING,987,120,1109,250
1277105776Image000033.jpg,45,44,PRIORITY_ROAD,533,366,578,410
1277105776Image000038.jpg,59,61,PRIORITY_ROAD,592,335,651,396
1277105776Image000038.jpg,59,61,PRIORITY_ROAD,592,335,651,396
1277105776Image000043.jpg,101,104,PRIORITY_ROAD,788,278,889,382
1277105776Image000043.jpg,101,104,PRIORITY_ROAD,788,278,889,382
1277105802Image000004.jpg,19,21,70_SIGN,864,377,883,398
1277105802Image000004.jpg,18,15,PRIORITY_ROAD,864,397,882,412
1277105802Image000004.jpg,18,17,70_SIGN,625,400,643,417
1277105802Image000004.jpg,25,38,PASS_RIGHT_SIDE,49,364,74,402
1277105802Image000004.jpg,19,21,70_SIGN,864,377,883,398
1277105802Image000004.jpg,18,15,PRIORITY_ROAD,864,397,882,412
1277105802Image000004.jpg,18,17,70_SIGN,625,400,643,417
1277105802Image000004.jpg,25,38,PASS_RIGHT_SIDE,49,364,74,402
1277105802Image000004.jpg,19,21,70_SIGN,864,377,883,398
1277105802Image000004.jpg,18,15,PRIORITY_ROAD,864,397,882,412
1277105802Image000004.jpg,18,17,70_SIGN,625,400,643,417
1277105802Image000004.jpg,25,38,PASS_RIGHT_SIDE,49,364,74,402
1277105802Image000004.jpg,19,21,70_SIGN,864,377,883,398
1277105802Image000004.jpg,18,15,PRIORITY_ROAD,864,397,882,412
1277105802Image000004.jpg,18,17,70_SIGN,625,400,643,417
1277105802Image000004.jpg,25,38,PASS_RIGHT_SIDE,49,364,74,402
1277105802Image000009.jpg,20,22,70_SIGN,848,373,868,395
1277105802Image000009.jpg,17,17,PRIORITY_ROAD,850,394,867,411
1277105802Image000009.jpg,18,20,70_SIGN,590,398,608,418
1277105802Image000009.jpg,20,22,70_SIGN,848,373,868,395
1277105802Image000009.jpg,17,17,PRIORITY_ROAD,850,394,867,411
1277105802Image000009.jpg,18,20,70_SIGN,590,398,608,418
1277105802Image000009.jpg,20,22,70_SIGN,848,373,868,395
1277105802Image000009.jpg,17,17,PRIORITY_ROAD,850,394,867,411
1277105802Image000009.jpg,18,20,70_SIGN,590,398,608,418
1277105802Image000014.jpg,22,21,70_SIGN,819,380,841,401
1277105802Image000014.jpg,22,19,PRIORITY_ROAD,822,401,844,420
1277105802Image000014.jpg,21,22,70_SIGN,539,407,560,429
1277105802Image000014.jpg,22,21,70_SIGN,819,380,841,401
1277105802Image000014.jpg,22,19,PRIORITY_ROAD,822,401,844,420
1277105802Image000014.jpg,21,22,70_SIGN,539,407,560,429
1277105802Image000014.jpg,22,21,70_SIGN,819,380,841,401
1277105802Image000014.jpg,22,19,PRIORITY_ROAD,822,401,844,420
1277105802Image000014.jpg,21,22,70_SIGN,539,407,560,429
1277105802Image000019.jpg,26,24,70_SIGN,767,382,793,406
1277105802Image000019.jpg,21,20,PRIORITY_ROAD,772,406,793,426
1277105802Image000019.jpg,23,24,70_SIGN,451,412,474,436
1277105802Image000019.jpg,26,24,70_SIGN,767,382,793,406
1277105802Image000019.jpg,21,20,PRIORITY_ROAD,772,406,793,426
1277105802Image000019.jpg,23,24,70_SIGN,451,412,474,436
1277105802Image000019.jpg,26,24,70_SIGN,767,382,793,406
1277105802Image000019.jpg,21,20,PRIORITY_ROAD,772,406,793,426
1277105802Image000019.jpg,23,24,70_SIGN,451,412,474,436
1277105802Image000024.jpg,28,27,70_SIGN,706,379,734,406
1277105802Image000024.jpg,26,22,PRIORITY_ROAD,710,409,736,431
1277105802Image000024.jpg,28,27,70_SIGN,331,417,359,444
1277105802Image000024.jpg,28,27,70_SIGN,706,379,734,406
1277105802Image000024.jpg,26,22,PRIORITY_ROAD,710,409,736,431
1277105802Image000024.jpg,28,27,70_SIGN,331,417,359,444
1277105802Image000024.jpg,28,27,70_SIGN,706,379,734,406
1277105802Image000024.jpg,26,22,PRIORITY_ROAD,710,409,736,431
1277105802Image000024.jpg,28,27,70_SIGN,331,417,359,444
1277105802Image000029.jpg,34,32,70_SIGN,653,374,687,406
1277105802Image000029.jpg,29,27,PRIORITY_ROAD,658,407,687,434
1277105802Image000029.jpg,31,34,70_SIGN,208,416,239,450
1277105802Image000029.jpg,34,32,70_SIGN,653,374,687,406
1277105802Image000029.jpg,29,27,PRIORITY_ROAD,658,407,687,434
1277105802Image000029.jpg,31,34,70_SIGN,208,416,239,450
1277105802Image000029.jpg,34,32,70_SIGN,653,374,687,406
1277105802Image000029.jpg,29,27,PRIORITY_ROAD,658,407,687,434
1277105802Image000029.jpg,31,34,70_SIGN,208,416,239,450
1277105802Image000034.jpg,43,38,70_SIGN,593,360,636,398
1277105802Image000034.jpg,37,35,PRIORITY_ROAD,599,399,636,434
1277105802Image000034.jpg,39,38,70_SIGN,5,414,44,452
1277105802Image000034.jpg,43,38,70_SIGN,593,360,636,398
1277105802Image000034.jpg,37,35,PRIORITY_ROAD,599,399,636,434
1277105802Image000034.jpg,39,38,70_SIGN,5,414,44,452
1277105802Image000034.jpg,43,38,70_SIGN,593,360,636,398
1277105802Image000034.jpg,37,35,PRIORITY_ROAD,599,399,636,434
1277105802Image000034.jpg,39,38,70_SIGN,5,414,44,452
1277105802Image000039.jpg,48,46,70_SIGN,579,339,627,385
1277105802Image000039.jpg,44,39,PRIORITY_ROAD,584,391,628,430
1277105802Image000039.jpg,48,46,70_SIGN,579,339,627,385
1277105802Image000039.jpg,44,39,PRIORITY_ROAD,584,391,628,430
1277105802Image000044.jpg,80,75,70_SIGN,643,300,723,375
1277105802Image000044.jpg,71,66,PRIORITY_ROAD,654,377,725,443
1277105802Image000044.jpg,80,75,70_SIGN,643,300,723,375
1277105802Image000044.jpg,71,66,PRIORITY_ROAD,654,377,725,443
1277105802Image000049.jpg,87,185,70_SIGN,1191,38,1278,223
1277105802Image000049.jpg,68,138,PRIORITY_ROAD,1210,245,1278,383
1277105802Image000049.jpg,87,185,70_SIGN,1191,38,1278,223
1277105802Image000049.jpg,68,138,PRIORITY_ROAD,1210,245,1278,383
1277106065Image000004.jpg,24,23,50_SIGN,334,378,358,401
1277106065Image000004.jpg,24,23,50_SIGN,334,378,358,401
1277106065Image000009.jpg,28,30,50_SIGN,354,362,382,392
1277106065Image000009.jpg,28,30,50_SIGN,354,362,382,392
1277106065Image000014.jpg,38,36,50_SIGN,391,353,429,389
1277106065Image000014.jpg,38,36,50_SIGN,391,353,429,389
1277106065Image000019.jpg,50,49,50_SIGN,457,320,507,369
1277106065Image000019.jpg,50,49,50_SIGN,457,320,507,369
1277106065Image000024.jpg,72,73,50_SIGN,583,257,655,330
1277106065Image000024.jpg,72,73,50_SIGN,583,257,655,330
1277106082Image000002.jpg,15,14,PRIORITY_ROAD,179,428,194,442
1277106082Image000007.jpg,19,18,PRIORITY_ROAD,217,420,236,438
1277106082Image000012.jpg,20,19,PRIORITY_ROAD,271,418,291,437
1277106082Image000017.jpg,22,21,PRIORITY_ROAD,318,414,340,435
1277106082Image000022.jpg,33,32,PRIORITY_ROAD,383,395,416,427
1277106082Image000027.jpg,32,32,PRIORITY_ROAD,445,386,477,418
1277106082Image000032.jpg,70,84,PRIORITY_ROAD,862,242,932,326
1277106093Image000001.jpg,19,18,PRIORITY_ROAD,451,429,470,447
1277106093Image000001.jpg,11,7,80_SIGN,266,421,277,428
1277106093Image000001.jpg,9,8,80_SIGN,172,424,181,432
1277106093Image000001.jpg,19,18,PRIORITY_ROAD,451,429,470,447
1277106093Image000001.jpg,11,7,80_SIGN,266,421,277,428
1277106093Image000001.jpg,9,8,80_SIGN,172,424,181,432
1277106093Image000001.jpg,19,18,PRIORITY_ROAD,451,429,470,447
1277106093Image000001.jpg,11,7,80_SIGN,266,421,277,428
1277106093Image000001.jpg,9,8,80_SIGN,172,424,181,432
1277106093Image000001.jpg,19,18,PRIORITY_ROAD,451,429,470,447
1277106093Image000001.jpg,11,7,80_SIGN,266,421,277,428
1277106093Image000001.jpg,9,8,80_SIGN,172,424,181,432
1277106093Image000006.jpg,18,17,PRIORITY_ROAD,450,426,468,443
1277106093Image000006.jpg,10,9,80_SIGN,245,416,255,425
1277106093Image000006.jpg,10,12,80_SIGN,146,419,156,431
1277106093Image000006.jpg,18,17,PRIORITY_ROAD,450,426,468,443
1277106093Image000006.jpg,10,9,80_SIGN,245,416,255,425
1277106093Image000006.jpg,10,12,80_SIGN,146,419,156,431
1277106093Image000006.jpg,18,17,PRIORITY_ROAD,450,426,468,443
1277106093Image000006.jpg,10,9,80_SIGN,245,416,255,425
1277106093Image000006.jpg,10,12,80_SIGN,146,419,156,431
1277106093Image000006.jpg,18,17,PRIORITY_ROAD,450,426,468,443
1277106093Image000006.jpg,10,9,80_SIGN,245,416,255,425
1277106093Image000006.jpg,10,12,80_SIGN,146,419,156,431
1277106093Image000011.jpg,21,21,PRIORITY_ROAD,459,416,480,437
1277106093Image000011.jpg,9,8,80_SIGN,218,411,227,419
1277106093Image000011.jpg,12,10,80_SIGN,112,411,124,421
1277106093Image000011.jpg,21,21,PRIORITY_ROAD,459,416,480,437
1277106093Image000011.jpg,9,8,80_SIGN,218,411,227,419
1277106093Image000011.jpg,12,10,80_SIGN,112,411,124,421
1277106093Image000011.jpg,21,21,PRIORITY_ROAD,459,416,480,437
1277106093Image000011.jpg,9,8,80_SIGN,218,411,227,419
1277106093Image000011.jpg,12,10,80_SIGN,112,411,124,421
1277106093Image000011.jpg,21,21,PRIORITY_ROAD,459,416,480,437
1277106093Image000011.jpg,9,8,80_SIGN,218,411,227,419
1277106093Image000011.jpg,12,10,80_SIGN,112,411,124,421
1277106093Image000016.jpg,26,25,PRIORITY_ROAD,471,407,497,432
1277106093Image000016.jpg,12,9,80_SIGN,192,407,204,416
1277106093Image000016.jpg,10,9,80_SIGN,85,409,95,418
1277106093Image000016.jpg,26,25,PRIORITY_ROAD,471,407,497,432
1277106093Image000016.jpg,12,9,80_SIGN,192,407,204,416
1277106093Image000016.jpg,10,9,80_SIGN,85,409,95,418
1277106093Image000016.jpg,26,25,PRIORITY_ROAD,471,407,497,432
1277106093Image000016.jpg,12,9,80_SIGN,192,407,204,416
1277106093Image000016.jpg,10,9,80_SIGN,85,409,95,418
1277106093Image000016.jpg,26,25,PRIORITY_ROAD,471,407,497,432
1277106093Image000016.jpg,12,9,80_SIGN,192,407,204,416
1277106093Image000016.jpg,10,9,80_SIGN,85,409,95,418
1277106093Image000021.jpg,27,27,PRIORITY_ROAD,480,394,507,421
1277106093Image000021.jpg,11,9,80_SIGN,163,401,174,410
1277106093Image000021.jpg,12,11,80_SIGN,47,402,59,413
1277106093Image000021.jpg,27,27,PRIORITY_ROAD,480,394,507,421
1277106093Image000021.jpg,11,9,80_SIGN,163,401,174,410
1277106093Image000021.jpg,12,11,80_SIGN,47,402,59,413
1277106093Image000021.jpg,27,27,PRIORITY_ROAD,480,394,507,421
1277106093Image000021.jpg,11,9,80_SIGN,163,401,174,410
1277106093Image000021.jpg,12,11,80_SIGN,47,402,59,413
1277106093Image000021.jpg,27,27,PRIORITY_ROAD,480,394,507,421
1277106093Image000021.jpg,11,9,80_SIGN,163,401,174,410
1277106093Image000021.jpg,12,11,80_SIGN,47,402,59,413
1277106093Image000026.jpg,42,41,PRIORITY_ROAD,534,368,576,409
1277106093Image000026.jpg,11,10,80_SIGN,106,408,117,418
1277106093Image000026.jpg,42,41,PRIORITY_ROAD,534,368,576,409
1277106093Image000026.jpg,11,10,80_SIGN,106,408,117,418
1277106093Image000026.jpg,42,41,PRIORITY_ROAD,534,368,576,409
1277106093Image000026.jpg,11,10,80_SIGN,106,408,117,418
1277106093Image000031.jpg,65,61,PRIORITY_ROAD,670,314,735,375
1277106093Image000031.jpg,12,11,80_SIGN,87,398,99,409
1277106093Image000031.jpg,65,61,PRIORITY_ROAD,670,314,735,375
1277106093Image000031.jpg,12,11,80_SIGN,87,398,99,409
1277106093Image000031.jpg,65,61,PRIORITY_ROAD,670,314,735,375
1277106093Image000031.jpg,12,11,80_SIGN,87,398,99,409
1277106093Image000036.jpg,14,13,80_SIGN,71,390,85,403
1277106093Image000036.jpg,14,13,80_SIGN,71,390,85,403
1277106093Image000041.jpg,13,13,80_SIGN,67,392,80,405
1277106093Image000041.jpg,13,13,80_SIGN,67,392,80,405
1277106101Image000001.jpg,24,26,80_SIGN,224,383,248,409
1277106101Image000001.jpg,24,26,80_SIGN,224,383,248,409
1277106101Image000006.jpg,32,34,80_SIGN,242,373,274,407
1277106101Image000006.jpg,32,34,80_SIGN,242,373,274,407
1277106101Image000011.jpg,36,35,80_SIGN,290,367,326,402
1277106101Image000011.jpg,36,35,80_SIGN,290,367,326,402
1277106101Image000016.jpg,45,41,80_SIGN,342,345,387,386
1277106101Image000016.jpg,45,41,80_SIGN,342,345,387,386
1277106101Image000021.jpg,54,51,80_SIGN,413,324,467,375
1277106101Image000021.jpg,54,51,80_SIGN,413,324,467,375
1277106101Image000026.jpg,89,89,80_SIGN,630,226,719,315
1277106101Image000026.jpg,89,89,80_SIGN,630,226,719,315
1277106114Image000001.jpg,20,17,OTHER,291,452,311,469
1277106114Image000001.jpg,20,17,OTHER,291,452,311,469
1277106114Image000006.jpg,21,19,OTHER,300,451,321,470
1277106114Image000006.jpg,21,19,OTHER,300,451,321,470
1277106114Image000011.jpg,24,22,OTHER,307,442,331,464
1277106114Image000011.jpg,24,22,OTHER,307,442,331,464
1277106114Image000016.jpg,26,26,OTHER,318,436,344,462
1277106114Image000016.jpg,26,26,OTHER,318,436,344,462
1277106114Image000021.jpg,30,31,OTHER,337,422,367,453
1277106114Image000021.jpg,30,31,OTHER,337,422,367,453
1277106114Image000026.jpg,36,33,OTHER,353,412,389,445
1277106114Image000026.jpg,36,33,OTHER,353,412,389,445
1277106114Image000031.jpg,59,53,OTHER,427,379,486,432
1277106114Image000031.jpg,59,53,OTHER,427,379,486,432
1277106114Image000036.jpg,113,114,OTHER,642,270,755,384
1277106133Image000004.jpg,19,20,80_SIGN,181,461,200,481
1277106133Image000004.jpg,17,16,PRIORITY_ROAD,182,481,199,497
1277106133Image000004.jpg,19,20,80_SIGN,181,461,200,481
1277106133Image000004.jpg,17,16,PRIORITY_ROAD,182,481,199,497
1277106133Image000004.jpg,19,20,80_SIGN,181,461,200,481
1277106133Image000004.jpg,17,16,PRIORITY_ROAD,182,481,199,497
1277106133Image000009.jpg,22,24,80_SIGN,224,450,246,474
1277106133Image000009.jpg,21,17,PRIORITY_ROAD,225,474,246,491
1277106133Image000009.jpg,22,24,80_SIGN,224,450,246,474
1277106133Image000009.jpg,21,17,PRIORITY_ROAD,225,474,246,491
1277106133Image000014.jpg,25,23,80_SIGN,287,436,312,459
1277106133Image000014.jpg,23,21,PRIORITY_ROAD,287,460,310,481
1277106133Image000014.jpg,25,23,80_SIGN,287,436,312,459
1277106133Image000014.jpg,23,21,PRIORITY_ROAD,287,460,310,481
1277106133Image000019.jpg,28,29,80_SIGN,347,420,375,449
1277106133Image000019.jpg,27,25,PRIORITY_ROAD,347,449,374,474
1277106133Image000019.jpg,28,29,80_SIGN,347,420,375,449
1277106133Image000019.jpg,27,25,PRIORITY_ROAD,347,449,374,474
1277106133Image000024.jpg,35,38,80_SIGN,459,399,494,437
1277106133Image000024.jpg,34,35,PRIORITY_ROAD,458,437,492,472
1277106133Image000024.jpg,35,38,80_SIGN,459,399,494,437
1277106133Image000024.jpg,34,35,PRIORITY_ROAD,458,437,492,472
1277106150Image000001.jpg,52,50,OTHER,520,374,572,424
1277106150Image000006.jpg,80,76,OTHER,617,334,697,410
1277106150Image000011.jpg,120,118,OTHER,831,245,951,363
1277106257Image000051.jpg,10,9,80_SIGN,317,467,327,476
1277106257Image000051.jpg,9,8,PRIORITY_ROAD,319,477,328,485
1277106257Image000051.jpg,10,9,80_SIGN,317,467,327,476
1277106257Image000051.jpg,9,8,PRIORITY_ROAD,319,477,328,485
1277106257Image000051.jpg,10,9,80_SIGN,317,467,327,476
1277106257Image000051.jpg,9,8,PRIORITY_ROAD,319,477,328,485
1277106257Image000056.jpg,12,11,80_SIGN,317,477,329,488
1277106257Image000056.jpg,10,9,PRIORITY_ROAD,319,487,329,496
1277106257Image000056.jpg,17,26,STOP,467,451,484,477
1277106257Image000056.jpg,12,11,80_SIGN,317,477,329,488
1277106257Image000056.jpg,10,9,PRIORITY_ROAD,319,487,329,496
1277106257Image000056.jpg,17,26,STOP,467,451,484,477
1277106257Image000056.jpg,12,11,80_SIGN,317,477,329,488
1277106257Image000056.jpg,10,9,PRIORITY_ROAD,319,487,329,496
1277106257Image000056.jpg,17,26,STOP,467,451,484,477
1277106257Image000061.jpg,13,14,80_SIGN,316,469,329,483
1277106257Image000061.jpg,12,11,PRIORITY_ROAD,318,482,330,493
1277106257Image000061.jpg,13,14,80_SIGN,316,469,329,483
1277106257Image000061.jpg,12,11,PRIORITY_ROAD,318,482,330,493
1277106257Image000071.jpg,17,15,80_SIGN,319,460,336,475
1277106257Image000071.jpg,14,12,PRIORITY_ROAD,322,476,336,488
1277106257Image000071.jpg,22,50,STOP,712,404,734,454
1277106257Image000071.jpg,17,15,80_SIGN,319,460,336,475
1277106257Image000071.jpg,14,12,PRIORITY_ROAD,322,476,336,488
1277106257Image000071.jpg,22,50,STOP,712,404,734,454
1277106257Image000071.jpg,17,15,80_SIGN,319,460,336,475
1277106257Image000071.jpg,14,12,PRIORITY_ROAD,322,476,336,488
1277106257Image000071.jpg,22,50,STOP,712,404,734,454
1277106257Image000071.jpg,17,15,80_SIGN,319,460,336,475
1277106257Image000071.jpg,14,12,PRIORITY_ROAD,322,476,336,488
1277106257Image000071.jpg,22,50,STOP,712,404,734,454
1277106257Image000076.jpg,20,21,80_SIGN,358,451,378,472
1277106257Image000076.jpg,17,17,PRIORITY_ROAD,361,472,378,489
1277106257Image000076.jpg,31,108,STOP,1228,319,1259,427
1277106257Image000076.jpg,20,21,80_SIGN,358,451,378,472
1277106257Image000076.jpg,17,17,PRIORITY_ROAD,361,472,378,489
1277106257Image000076.jpg,31,108,STOP,1228,319,1259,427
1277106257Image000076.jpg,20,21,80_SIGN,358,451,378,472
1277106257Image000076.jpg,17,17,PRIORITY_ROAD,361,472,378,489
1277106257Image000076.jpg,31,108,STOP,1228,319,1259,427
1277106257Image000076.jpg,20,21,80_SIGN,358,451,378,472
1277106257Image000076.jpg,17,17,PRIORITY_ROAD,361,472,378,489
1277106257Image000076.jpg,31,108,STOP,1228,319,1259,427
1277106257Image000081.jpg,28,27,80_SIGN,419,413,447,440
1277106257Image000081.jpg,22,21,PRIORITY_ROAD,425,439,447,460
1277106257Image000081.jpg,28,27,80_SIGN,419,413,447,440
1277106257Image000081.jpg,22,21,PRIORITY_ROAD,425,439,447,460
1277106257Image000086.jpg,44,43,80_SIGN,525,348,569,391
1277106257Image000086.jpg,33,34,PRIORITY_ROAD,533,390,566,424
1277106257Image000086.jpg,44,43,80_SIGN,525,348,569,391
1277106257Image000086.jpg,33,34,PRIORITY_ROAD,533,390,566,424
1277106257Image000091.jpg,61,61,80_SIGN,659,297,720,358
1277106257Image000091.jpg,51,52,PRIORITY_ROAD,668,361,719,413
1277106257Image000091.jpg,61,61,80_SIGN,659,297,720,358
1277106257Image000091.jpg,51,52,PRIORITY_ROAD,668,361,719,413
1277106424Image000003.jpg,12,10,80_SIGN,329,446,341,456
1277106424Image000003.jpg,12,10,80_SIGN,329,446,341,456
1277106424Image000003.jpg,12,10,80_SIGN,329,446,341,456
1277106424Image000008.jpg,12,12,80_SIGN,332,457,344,469
1277106424Image000008.jpg,12,12,80_SIGN,332,457,344,469
1277106424Image000013.jpg,14,12,80_SIGN,332,427,346,439
1277106424Image000013.jpg,14,12,80_SIGN,332,427,346,439
1277106424Image000018.jpg,16,15,80_SIGN,344,439,360,454
1277106424Image000018.jpg,13,13,PRIORITY_ROAD,346,454,359,467
1277106424Image000018.jpg,16,15,80_SIGN,344,439,360,454
1277106424Image000018.jpg,13,13,PRIORITY_ROAD,346,454,359,467
1277106424Image000018.jpg,16,15,80_SIGN,344,439,360,454
1277106424Image000018.jpg,13,13,PRIORITY_ROAD,346,454,359,467
1277106424Image000023.jpg,22,20,80_SIGN,373,431,395,451
1277106424Image000023.jpg,17,17,PRIORITY_ROAD,376,452,393,469
1277106424Image000023.jpg,22,20,80_SIGN,373,431,395,451
1277106424Image000023.jpg,17,17,PRIORITY_ROAD,376,452,393,469
1277106424Image000023.jpg,22,20,80_SIGN,373,431,395,451
1277106424Image000023.jpg,17,17,PRIORITY_ROAD,376,452,393,469
1277106424Image000028.jpg,26,28,80_SIGN,429,408,455,436
1277106424Image000028.jpg,23,20,PRIORITY_ROAD,430,437,453,457
1277106424Image000028.jpg,26,28,80_SIGN,429,408,455,436
1277106424Image000028.jpg,23,20,PRIORITY_ROAD,430,437,453,457
1277106424Image000028.jpg,26,28,80_SIGN,429,408,455,436
1277106424Image000028.jpg,23,20,PRIORITY_ROAD,430,437,453,457
1277106424Image000033.jpg,38,37,80_SIGN,517,385,555,422
1277106424Image000033.jpg,33,34,PRIORITY_ROAD,519,422,552,456
1277106424Image000033.jpg,38,37,80_SIGN,517,385,555,422
1277106424Image000033.jpg,33,34,PRIORITY_ROAD,519,422,552,456
1277106424Image000033.jpg,38,37,80_SIGN,517,385,555,422
1277106424Image000033.jpg,33,34,PRIORITY_ROAD,519,422,552,456
1277106424Image000038.jpg,60,59,80_SIGN,696,347,756,406
1277106424Image000038.jpg,51,50,PRIORITY_ROAD,699,406,750,456
1277106424Image000038.jpg,60,59,80_SIGN,696,347,756,406
1277106424Image000038.jpg,51,50,PRIORITY_ROAD,699,406,750,456
1277106424Image000043.jpg,100,118,80_SIGN,1180,240,1280,358
1277106424Image000043.jpg,97,104,PRIORITY_ROAD,1179,358,1276,462
1277106424Image000043.jpg,100,118,80_SIGN,1180,240,1280,358
1277106424Image000043.jpg,97,104,PRIORITY_ROAD,1179,358,1276,462
1277106447Image000003.jpg,18,23,GIVE_WAY,419,446,437,469
1277106447Image000003.jpg,18,23,GIVE_WAY,419,446,437,469
1277106447Image000008.jpg,22,31,GIVE_WAY,467,426,489,457
1277106447Image000008.jpg,22,31,GIVE_WAY,467,426,489,457
1277106447Image000013.jpg,26,39,GIVE_WAY,559,423,585,462
1277106447Image000013.jpg,26,39,GIVE_WAY,559,423,585,462
1277106447Image000018.jpg,32,60,GIVE_WAY,726,385,758,445
1277106447Image000018.jpg,32,60,GIVE_WAY,726,385,758,445
1277106447Image000023.jpg,42,128,GIVE_WAY,1224,271,1266,399
1277106447Image000023.jpg,42,128,GIVE_WAY,1224,271,1266,399
1277106460Image000001.jpg,14,12,OTHER,334,452,348,464
1277106460Image000006.jpg,14,15,OTHER,334,455,348,470
1277106460Image000011.jpg,15,15,OTHER,341,453,356,468
1277106460Image000016.jpg,16,15,OTHER,354,450,370,465
1277106460Image000021.jpg,20,20,OTHER,371,451,391,471
1277106460Image000031.jpg,34,29,OTHER,477,434,511,463
1277106460Image000041.jpg,69,59,OTHER,742,399,811,458
1277106471Image000001.jpg,13,12,80_SIGN,364,439,377,451
1277106471Image000001.jpg,12,10,PRIORITY_ROAD,366,452,378,462
1277106471Image000001.jpg,13,12,80_SIGN,364,439,377,451
1277106471Image000001.jpg,12,10,PRIORITY_ROAD,366,452,378,462
1277106471Image000001.jpg,13,12,80_SIGN,364,439,377,451
1277106471Image000001.jpg,12,10,PRIORITY_ROAD,366,452,378,462
1277106471Image000006.jpg,15,16,80_SIGN,368,432,383,448
1277106471Image000006.jpg,13,11,PRIORITY_ROAD,371,448,384,459
1277106471Image000006.jpg,15,16,80_SIGN,368,432,383,448
1277106471Image000006.jpg,13,11,PRIORITY_ROAD,371,448,384,459
1277106471Image000006.jpg,15,16,80_SIGN,368,432,383,448
1277106471Image000006.jpg,13,11,PRIORITY_ROAD,371,448,384,459
1277106471Image000011.jpg,17,18,80_SIGN,375,421,392,439
1277106471Image000011.jpg,14,12,PRIORITY_ROAD,379,440,393,452
1277106471Image000011.jpg,17,18,80_SIGN,375,421,392,439
1277106471Image000011.jpg,14,12,PRIORITY_ROAD,379,440,393,452
1277106471Image000011.jpg,17,18,80_SIGN,375,421,392,439
1277106471Image000011.jpg,14,12,PRIORITY_ROAD,379,440,393,452
1277106471Image000016.jpg,17,18,80_SIGN,387,418,404,436
1277106471Image000016.jpg,16,15,PRIORITY_ROAD,390,437,406,452
1277106471Image000016.jpg,17,18,80_SIGN,387,418,404,436
1277106471Image000016.jpg,16,15,PRIORITY_ROAD,390,437,406,452
1277106471Image000016.jpg,17,18,80_SIGN,387,418,404,436
1277106471Image000016.jpg,16,15,PRIORITY_ROAD,390,437,406,452
1277106471Image000021.jpg,25,26,80_SIGN,427,395,452,421
1277106471Image000021.jpg,21,20,PRIORITY_ROAD,432,423,453,443
1277106471Image000021.jpg,25,26,80_SIGN,427,395,452,421
1277106471Image000021.jpg,21,20,PRIORITY_ROAD,432,423,453,443
1277106471Image000021.jpg,25,26,80_SIGN,427,395,452,421
1277106471Image000021.jpg,21,20,PRIORITY_ROAD,432,423,453,443
1277106471Image000026.jpg,37,35,80_SIGN,504,358,541,393
1277106471Image000026.jpg,33,31,PRIORITY_ROAD,509,399,542,430
1277106471Image000026.jpg,37,35,80_SIGN,504,358,541,393
1277106471Image000026.jpg,33,31,PRIORITY_ROAD,509,399,542,430
1277106471Image000026.jpg,37,35,80_SIGN,504,358,541,393
1277106471Image000026.jpg,33,31,PRIORITY_ROAD,509,399,542,430
1277106471Image000031.jpg,92,97,80_SIGN,977,155,1069,252
1277106471Image000031.jpg,81,86,PRIORITY_ROAD,991,273,1072,359
1277106471Image000031.jpg,92,97,80_SIGN,977,155,1069,252
1277106471Image000031.jpg,81,86,PRIORITY_ROAD,991,273,1072,359
1277106471Image000031.jpg,92,97,80_SIGN,977,155,1069,252
1277106471Image000031.jpg,81,86,PRIORITY_ROAD,991,273,1072,359
1277106518Image000003.jpg,21,21,OTHER,419,412,440,433
1277106518Image000003.jpg,21,21,OTHER,419,412,440,433
1277106518Image000008.jpg,25,24,OTHER,441,408,466,432
1277106518Image000008.jpg,25,24,OTHER,441,408,466,432
1277106518Image000018.jpg,41,39,OTHER,504,371,545,410
1277106518Image000018.jpg,41,39,OTHER,504,371,545,410
1277106518Image000023.jpg,59,58,OTHER,613,327,672,385
1277106518Image000023.jpg,59,58,OTHER,613,327,672,385
1277106518Image000028.jpg,118,123,OTHER,996,165,1114,288
1277106518Image000028.jpg,118,123,OTHER,996,165,1114,288
1277106524Image000007.jpg,24,25,80_SIGN,427,392,451,417
1277106524Image000007.jpg,20,20,PRIORITY_ROAD,431,419,451,439
1277106524Image000007.jpg,24,25,80_SIGN,427,392,451,417
1277106524Image000007.jpg,20,20,PRIORITY_ROAD,431,419,451,439
1277106524Image000007.jpg,24,25,80_SIGN,427,392,451,417
1277106524Image000007.jpg,20,20,PRIORITY_ROAD,431,419,451,439
1277106524Image000012.jpg,26,27,80_SIGN,463,375,489,402
1277106524Image000012.jpg,24,22,PRIORITY_ROAD,468,408,492,430
1277106524Image000012.jpg,26,27,80_SIGN,463,375,489,402
1277106524Image000012.jpg,24,22,PRIORITY_ROAD,468,408,492,430
1277106524Image000012.jpg,26,27,80_SIGN,463,375,489,402
1277106524Image000012.jpg,24,22,PRIORITY_ROAD,468,408,492,430
1277106524Image000017.jpg,33,32,80_SIGN,508,351,541,383
1277106524Image000017.jpg,29,29,PRIORITY_ROAD,514,389,543,418
1277106524Image000017.jpg,33,32,80_SIGN,508,351,541,383
1277106524Image000017.jpg,29,29,PRIORITY_ROAD,514,389,543,418
1277106524Image000017.jpg,33,32,80_SIGN,508,351,541,383
1277106524Image000017.jpg,29,29,PRIORITY_ROAD,514,389,543,418
1277106524Image000022.jpg,42,41,80_SIGN,583,333,625,374
1277106524Image000022.jpg,36,36,PRIORITY_ROAD,589,382,625,418
1277106524Image000022.jpg,42,41,80_SIGN,583,333,625,374
1277106524Image000022.jpg,36,36,PRIORITY_ROAD,589,382,625,418
1277106524Image000022.jpg,42,41,80_SIGN,583,333,625,374
1277106524Image000022.jpg,36,36,PRIORITY_ROAD,589,382,625,418
1277106610Image000002.jpg,14,16,80_SIGN,257,423,271,439
1277106610Image000002.jpg,13,13,PRIORITY_ROAD,258,438,271,451
1277106610Image000002.jpg,14,16,80_SIGN,257,423,271,439
1277106610Image000002.jpg,13,13,PRIORITY_ROAD,258,438,271,451
1277106610Image000007.jpg,16,16,80_SIGN,282,419,298,435
1277106610Image000007.jpg,13,15,PRIORITY_ROAD,284,434,297,449
1277106610Image000007.jpg,16,16,80_SIGN,282,419,298,435
1277106610Image000007.jpg,13,15,PRIORITY_ROAD,284,434,297,449
1277106610Image000012.jpg,18,19,80_SIGN,317,421,335,440
1277106610Image000012.jpg,15,15,PRIORITY_ROAD,319,441,334,456
1277106610Image000012.jpg,18,19,80_SIGN,317,421,335,440
1277106610Image000012.jpg,15,15,PRIORITY_ROAD,319,441,334,456
1277106610Image000017.jpg,21,21,80_SIGN,359,403,380,424
1277106610Image000017.jpg,19,19,PRIORITY_ROAD,360,425,379,444
1277106610Image000017.jpg,21,21,80_SIGN,359,403,380,424
1277106610Image000017.jpg,19,19,PRIORITY_ROAD,360,425,379,444
1277106610Image000017.jpg,21,21,80_SIGN,359,403,380,424
1277106610Image000017.jpg,19,19,PRIORITY_ROAD,360,425,379,444
1277106640Image000004.jpg,13,14,80_SIGN,380,439,393,453
1277106640Image000004.jpg,13,10,PRIORITY_ROAD,380,452,393,462
1277106640Image000004.jpg,13,14,80_SIGN,380,439,393,453
1277106640Image000004.jpg,13,10,PRIORITY_ROAD,380,452,393,462
1277106640Image000004.jpg,13,14,80_SIGN,380,439,393,453
1277106640Image000004.jpg,13,10,PRIORITY_ROAD,380,452,393,462
1277106640Image000014.jpg,15,15,80_SIGN,393,422,408,437
1277106640Image000014.jpg,14,14,PRIORITY_ROAD,395,438,409,452
1277106640Image000014.jpg,15,15,80_SIGN,393,422,408,437
1277106640Image000014.jpg,14,14,PRIORITY_ROAD,395,438,409,452
1277106640Image000014.jpg,15,15,80_SIGN,393,422,408,437
1277106640Image000014.jpg,14,14,PRIORITY_ROAD,395,438,409,452
1277106640Image000019.jpg,22,19,80_SIGN,399,416,421,435
1277106640Image000019.jpg,13,13,PRIORITY_ROAD,404,435,417,448
1277106640Image000019.jpg,22,19,80_SIGN,399,416,421,435
1277106640Image000019.jpg,13,13,PRIORITY_ROAD,404,435,417,448
1277106640Image000019.jpg,22,19,80_SIGN,399,416,421,435
1277106640Image000019.jpg,13,13,PRIORITY_ROAD,404,435,417,448
1277106640Image000024.jpg,18,21,80_SIGN,410,412,428,433
1277106640Image000024.jpg,14,15,PRIORITY_ROAD,412,433,426,448
1277106640Image000024.jpg,18,21,80_SIGN,410,412,428,433
1277106640Image000024.jpg,14,15,PRIORITY_ROAD,412,433,426,448
1277106640Image000024.jpg,18,21,80_SIGN,410,412,428,433
1277106640Image000024.jpg,14,15,PRIORITY_ROAD,412,433,426,448
1277106640Image000044.jpg,49,52,80_SIGN,627,315,676,367
1277106640Image000044.jpg,44,45,PRIORITY_ROAD,630,372,674,417
1277106640Image000044.jpg,49,52,80_SIGN,627,315,676,367
1277106640Image000044.jpg,44,45,PRIORITY_ROAD,630,372,674,417
1277106640Image000044.jpg,49,52,80_SIGN,627,315,676,367
1277106640Image000044.jpg,44,45,PRIORITY_ROAD,630,372,674,417
1277106640Image000049.jpg,92,100,80_SIGN,915,183,1007,283
1277106640Image000049.jpg,73,76,PRIORITY_ROAD,926,291,999,367
1277106640Image000049.jpg,92,100,80_SIGN,915,183,1007,283
1277106640Image000049.jpg,73,76,PRIORITY_ROAD,926,291,999,367
1277106640Image000049.jpg,92,100,80_SIGN,915,183,1007,283
1277106640Image000049.jpg,73,76,PRIORITY_ROAD,926,291,999,367
1277106732Image000016.jpg,18,64,STOP,927,386,945,450
1277106732Image000016.jpg,10,10,80_SIGN,321,456,331,466
1277106732Image000016.jpg,7,7,PRIORITY_ROAD,324,467,331,474
1277106732Image000016.jpg,18,64,STOP,927,386,945,450
1277106732Image000016.jpg,10,10,80_SIGN,321,456,331,466
1277106732Image000016.jpg,7,7,PRIORITY_ROAD,324,467,331,474
1277106732Image000016.jpg,18,64,STOP,927,386,945,450
1277106732Image000016.jpg,10,10,80_SIGN,321,456,331,466
1277106732Image000016.jpg,7,7,PRIORITY_ROAD,324,467,331,474
1277106732Image000016.jpg,18,64,STOP,927,386,945,450
1277106732Image000016.jpg,10,10,80_SIGN,321,456,331,466
1277106732Image000016.jpg,7,7,PRIORITY_ROAD,324,467,331,474
1277106732Image000021.jpg,11,11,80_SIGN,331,445,342,456
1277106732Image000021.jpg,7,9,PRIORITY_ROAD,334,456,341,465
1277106732Image000021.jpg,11,11,80_SIGN,331,445,342,456
1277106732Image000021.jpg,7,9,PRIORITY_ROAD,334,456,341,465
1277106732Image000021.jpg,11,11,80_SIGN,331,445,342,456
1277106732Image000021.jpg,7,9,PRIORITY_ROAD,334,456,341,465
1277106732Image000026.jpg,13,14,80_SIGN,341,435,354,449
1277106732Image000026.jpg,10,10,PRIORITY_ROAD,343,450,353,460
1277106732Image000026.jpg,13,14,80_SIGN,341,435,354,449
1277106732Image000026.jpg,10,10,PRIORITY_ROAD,343,450,353,460
1277106732Image000026.jpg,13,14,80_SIGN,341,435,354,449
1277106732Image000026.jpg,10,10,PRIORITY_ROAD,343,450,353,460
1277106732Image000036.jpg,17,15,80_SIGN,382,421,399,436
1277106732Image000036.jpg,13,13,PRIORITY_ROAD,384,438,397,451
1277106732Image000036.jpg,17,15,80_SIGN,382,421,399,436
1277106732Image000036.jpg,13,13,PRIORITY_ROAD,384,438,397,451
1277106732Image000036.jpg,17,15,80_SIGN,382,421,399,436
1277106732Image000036.jpg,13,13,PRIORITY_ROAD,384,438,397,451
1277106732Image000041.jpg,20,18,80_SIGN,412,404,432,422
1277106732Image000041.jpg,16,15,PRIORITY_ROAD,416,425,432,440
1277106732Image000041.jpg,20,18,80_SIGN,412,404,432,422
1277106732Image000041.jpg,16,15,PRIORITY_ROAD,416,425,432,440
1277106732Image000041.jpg,20,18,80_SIGN,412,404,432,422
1277106732Image000041.jpg,16,15,PRIORITY_ROAD,416,425,432,440
1277106732Image000046.jpg,25,26,80_SIGN,465,389,490,415
1277106732Image000046.jpg,22,22,PRIORITY_ROAD,470,417,492,439
1277106732Image000046.jpg,25,26,80_SIGN,465,389,490,415
1277106732Image000046.jpg,22,22,PRIORITY_ROAD,470,417,492,439
1277106732Image000046.jpg,25,26,80_SIGN,465,389,490,415
1277106732Image000046.jpg,22,22,PRIORITY_ROAD,470,417,492,439
1277106732Image000051.jpg,35,36,80_SIGN,561,364,596,400
1277106732Image000051.jpg,28,30,PRIORITY_ROAD,566,404,594,434
1277106732Image000051.jpg,35,36,80_SIGN,561,364,596,400
1277106732Image000051.jpg,28,30,PRIORITY_ROAD,566,404,594,434
1277106732Image000051.jpg,35,36,80_SIGN,561,364,596,400
1277106732Image000051.jpg,28,30,PRIORITY_ROAD,566,404,594,434
1277106767Image000003.jpg,14,16,80_SIGN,375,424,389,440
1277106767Image000003.jpg,12,12,PRIORITY_ROAD,378,439,390,451
1277106767Image000003.jpg,14,16,80_SIGN,375,424,389,440
1277106767Image000003.jpg,12,12,PRIORITY_ROAD,378,439,390,451
1277106767Image000008.jpg,17,15,80_SIGN,381,419,398,434
1277106767Image000008.jpg,15,13,PRIORITY_ROAD,384,435,399,448
1277106767Image000008.jpg,17,15,80_SIGN,381,419,398,434
1277106767Image000008.jpg,15,13,PRIORITY_ROAD,384,435,399,448
1277106767Image000013.jpg,18,17,80_SIGN,391,412,409,429
1277106767Image000013.jpg,23,20,PRIORITY_ROAD,392,430,415,450
1277106767Image000013.jpg,18,17,80_SIGN,391,412,409,429
1277106767Image000013.jpg,23,20,PRIORITY_ROAD,392,430,415,450
1277106767Image000018.jpg,24,22,80_SIGN,408,404,432,426
1277106767Image000018.jpg,19,20,PRIORITY_ROAD,415,427,434,447
1277106767Image000018.jpg,24,22,80_SIGN,408,404,432,426
1277106767Image000018.jpg,19,20,PRIORITY_ROAD,415,427,434,447
1277106767Image000023.jpg,29,29,80_SIGN,442,382,471,411
1277106767Image000023.jpg,25,23,PRIORITY_ROAD,447,412,472,435
1277106767Image000023.jpg,29,29,80_SIGN,442,382,471,411
1277106767Image000023.jpg,25,23,PRIORITY_ROAD,447,412,472,435
1277106767Image000028.jpg,45,45,80_SIGN,559,328,604,373
1277106767Image000028.jpg,41,41,PRIORITY_ROAD,566,378,607,419
1277106767Image000028.jpg,45,45,80_SIGN,559,328,604,373
1277106767Image000028.jpg,41,41,PRIORITY_ROAD,566,378,607,419
1277106767Image000033.jpg,85,92,80_SIGN,852,205,937,297
1277106767Image000033.jpg,76,78,PRIORITY_ROAD,861,308,937,386
1277106767Image000033.jpg,85,92,80_SIGN,852,205,937,297
1277106767Image000033.jpg,76,78,PRIORITY_ROAD,861,308,937,386
1277106778Image000003.jpg,16,16,50_SIGN,388,423,404,439
1277106778Image000003.jpg,16,16,50_SIGN,388,423,404,439
1277106778Image000008.jpg,19,20,50_SIGN,396,415,415,435
1277106778Image000008.jpg,19,20,50_SIGN,396,415,415,435
1277106778Image000013.jpg,21,21,50_SIGN,404,405,425,426
1277106778Image000013.jpg,21,21,50_SIGN,404,405,425,426
1277106778Image000018.jpg,30,28,50_SIGN,423,392,453,420
1277106778Image000018.jpg,30,28,50_SIGN,423,392,453,420
1277106778Image000023.jpg,36,35,50_SIGN,460,374,496,409
1277106778Image000023.jpg,36,35,50_SIGN,460,374,496,409
1277106778Image000028.jpg,49,49,50_SIGN,536,342,585,391
1277106778Image000028.jpg,49,49,50_SIGN,536,342,585,391
1277106778Image000033.jpg,131,136,50_SIGN,1015,123,1146,259
1277106778Image000033.jpg,131,136,50_SIGN,1015,123,1146,259
1277106786Image000004.jpg,25,25,50_SIGN,397,413,422,438
1277106786Image000009.jpg,32,32,50_SIGN,421,399,453,431
1277106786Image000009.jpg,11,24,GIVE_WAY,485,425,496,449
1277106786Image000009.jpg,32,32,50_SIGN,421,399,453,431
1277106786Image000009.jpg,11,24,GIVE_WAY,485,425,496,449
1277106786Image000014.jpg,45,48,50_SIGN,475,371,520,419
1277106786Image000014.jpg,11,22,GIVE_WAY,527,421,538,443
1277106786Image000014.jpg,45,48,50_SIGN,475,371,520,419
1277106786Image000014.jpg,11,22,GIVE_WAY,527,421,538,443
1277106786Image000014.jpg,45,48,50_SIGN,475,371,520,419
1277106786Image000014.jpg,11,22,GIVE_WAY,527,421,538,443
1277106786Image000019.jpg,100,103,50_SIGN,810,245,910,348
1277106786Image000019.jpg,11,46,GIVE_WAY,660,393,671,439
1277106786Image000019.jpg,100,103,50_SIGN,810,245,910,348
1277106786Image000019.jpg,11,46,GIVE_WAY,660,393,671,439
1277106786Image000019.jpg,100,103,50_SIGN,810,245,910,348
1277106786Image000019.jpg,11,46,GIVE_WAY,660,393,671,439
1277106794Image000006.jpg,20,19,NO_STOPPING_NO_STANDING,360,396,380,415
1277106794Image000006.jpg,15,14,PRIORITY_ROAD,364,416,379,430
1277106794Image000006.jpg,20,19,NO_STOPPING_NO_STANDING,360,396,380,415
1277106794Image000006.jpg,15,14,PRIORITY_ROAD,364,416,379,430
1277106794Image000006.jpg,20,19,NO_STOPPING_NO_STANDING,360,396,380,415
1277106794Image000006.jpg,15,14,PRIORITY_ROAD,364,416,379,430
1277106794Image000011.jpg,23,21,NO_STOPPING_NO_STANDING,370,389,393,410
1277106794Image000011.jpg,18,16,PRIORITY_ROAD,374,410,392,426
1277106794Image000011.jpg,23,21,NO_STOPPING_NO_STANDING,370,389,393,410
1277106794Image000011.jpg,18,16,PRIORITY_ROAD,374,410,392,426
1277106794Image000011.jpg,23,21,NO_STOPPING_NO_STANDING,370,389,393,410
1277106794Image000011.jpg,18,16,PRIORITY_ROAD,374,410,392,426
1277106794Image000016.jpg,27,25,NO_STOPPING_NO_STANDING,386,381,413,406
1277106794Image000016.jpg,21,20,PRIORITY_ROAD,391,406,412,426
1277106794Image000016.jpg,27,25,NO_STOPPING_NO_STANDING,386,381,413,406
1277106794Image000016.jpg,21,20,PRIORITY_ROAD,391,406,412,426
1277106794Image000016.jpg,27,25,NO_STOPPING_NO_STANDING,386,381,413,406
1277106794Image000016.jpg,21,20,PRIORITY_ROAD,391,406,412,426
1277106794Image000021.jpg,28,27,NO_STOPPING_NO_STANDING,406,366,434,393
1277106794Image000021.jpg,24,22,PRIORITY_ROAD,410,395,434,417
1277106794Image000021.jpg,9,8,GIVE_WAY,384,406,393,414
1277106794Image000021.jpg,8,7,PASS_RIGHT_SIDE,386,414,394,421
1277106794Image000021.jpg,28,27,NO_STOPPING_NO_STANDING,406,366,434,393
1277106794Image000021.jpg,24,22,PRIORITY_ROAD,410,395,434,417
1277106794Image000021.jpg,9,8,GIVE_WAY,384,406,393,414
1277106794Image000021.jpg,8,7,PASS_RIGHT_SIDE,386,414,394,421
1277106794Image000021.jpg,28,27,NO_STOPPING_NO_STANDING,406,366,434,393
1277106794Image000021.jpg,24,22,PRIORITY_ROAD,410,395,434,417
1277106794Image000021.jpg,9,8,GIVE_WAY,384,406,393,414
1277106794Image000021.jpg,8,7,PASS_RIGHT_SIDE,386,414,394,421
1277106794Image000021.jpg,28,27,NO_STOPPING_NO_STANDING,406,366,434,393
1277106794Image000021.jpg,24,22,PRIORITY_ROAD,410,395,434,417
1277106794Image000021.jpg,9,8,GIVE_WAY,384,406,393,414
1277106794Image000021.jpg,8,7,PASS_RIGHT_SIDE,386,414,394,421
1277106794Image000021.jpg,28,27,NO_STOPPING_NO_STANDING,406,366,434,393
1277106794Image000021.jpg,24,22,PRIORITY_ROAD,410,395,434,417
1277106794Image000021.jpg,9,8,GIVE_WAY,384,406,393,414
1277106794Image000021.jpg,8,7,PASS_RIGHT_SIDE,386,414,394,421
1277106794Image000026.jpg,37,35,NO_STOPPING_NO_STANDING,438,343,475,378
1277106794Image000026.jpg,29,28,PRIORITY_ROAD,446,379,475,407
1277106794Image000026.jpg,9,7,GIVE_WAY,386,405,395,412
1277106794Image000026.jpg,9,8,PASS_RIGHT_SIDE,385,412,394,420
1277106794Image000026.jpg,9,10,PEDESTRIAN_CROSSING,408,404,417,414
1277106794Image000026.jpg,10,11,PEDESTRIAN_CROSSING,244,414,254,425
1277106794Image000026.jpg,37,35,NO_STOPPING_NO_STANDING,438,343,475,378
1277106794Image000026.jpg,29,28,PRIORITY_ROAD,446,379,475,407
1277106794Image000026.jpg,9,7,GIVE_WAY,386,405,395,412
1277106794Image000026.jpg,9,8,PASS_RIGHT_SIDE,385,412,394,420
1277106794Image000026.jpg,9,10,PEDESTRIAN_CROSSING,408,404,417,414
1277106794Image000026.jpg,10,11,PEDESTRIAN_CROSSING,244,414,254,425
1277106794Image000026.jpg,37,35,NO_STOPPING_NO_STANDING,438,343,475,378
1277106794Image000026.jpg,29,28,PRIORITY_ROAD,446,379,475,407
1277106794Image000026.jpg,9,7,GIVE_WAY,386,405,395,412
1277106794Image000026.jpg,9,8,PASS_RIGHT_SIDE,385,412,394,420
1277106794Image000026.jpg,9,10,PEDESTRIAN_CROSSING,408,404,417,414
1277106794Image000026.jpg,10,11,PEDESTRIAN_CROSSING,244,414,254,425
1277106794Image000026.jpg,37,35,NO_STOPPING_NO_STANDING,438,343,475,378
1277106794Image000026.jpg,29,28,PRIORITY_ROAD,446,379,475,407
1277106794Image000026.jpg,9,7,GIVE_WAY,386,405,395,412
1277106794Image000026.jpg,9,8,PASS_RIGHT_SIDE,385,412,394,420
1277106794Image000026.jpg,9,10,PEDESTRIAN_CROSSING,408,404,417,414
1277106794Image000026.jpg,10,11,PEDESTRIAN_CROSSING,244,414,254,425
1277106794Image000026.jpg,37,35,NO_STOPPING_NO_STANDING,438,343,475,378
1277106794Image000026.jpg,29,28,PRIORITY_ROAD,446,379,475,407
1277106794Image000026.jpg,9,7,GIVE_WAY,386,405,395,412
1277106794Image000026.jpg,9,8,PASS_RIGHT_SIDE,385,412,394,420
1277106794Image000026.jpg,9,10,PEDESTRIAN_CROSSING,408,404,417,414
1277106794Image000026.jpg,10,11,PEDESTRIAN_CROSSING,244,414,254,425
1277106794Image000026.jpg,37,35,NO_STOPPING_NO_STANDING,438,343,475,378
1277106794Image000026.jpg,29,28,PRIORITY_ROAD,446,379,475,407
1277106794Image000026.jpg,9,7,GIVE_WAY,386,405,395,412
1277106794Image000026.jpg,9,8,PASS_RIGHT_SIDE,385,412,394,420
1277106794Image000026.jpg,9,10,PEDESTRIAN_CROSSING,408,404,417,414
1277106794Image000026.jpg,10,11,PEDESTRIAN_CROSSING,244,414,254,425
1277106794Image000026.jpg,37,35,NO_STOPPING_NO_STANDING,438,343,475,378
1277106794Image000026.jpg,29,28,PRIORITY_ROAD,446,379,475,407
1277106794Image000026.jpg,9,7,GIVE_WAY,386,405,395,412
1277106794Image000026.jpg,9,8,PASS_RIGHT_SIDE,385,412,394,420
1277106794Image000026.jpg,9,10,PEDESTRIAN_CROSSING,408,404,417,414
1277106794Image000026.jpg,10,11,PEDESTRIAN_CROSSING,244,414,254,425
1277106794Image000041.jpg,10,9,GIVE_WAY,400,406,410,415
1277106794Image000041.jpg,10,10,PASS_RIGHT_SIDE,401,416,411,426
1277106794Image000041.jpg,13,13,PEDESTRIAN_CROSSING,443,400,456,413
1277106794Image000041.jpg,14,13,PEDESTRIAN_CROSSING,228,413,242,426
1277106794Image000041.jpg,10,9,GIVE_WAY,400,406,410,415
1277106794Image000041.jpg,10,10,PASS_RIGHT_SIDE,401,416,411,426
1277106794Image000041.jpg,13,13,PEDESTRIAN_CROSSING,443,400,456,413
1277106794Image000041.jpg,14,13,PEDESTRIAN_CROSSING,228,413,242,426
1277106794Image000041.jpg,10,9,GIVE_WAY,400,406,410,415
1277106794Image000041.jpg,10,10,PASS_RIGHT_SIDE,401,416,411,426
1277106794Image000041.jpg,13,13,PEDESTRIAN_CROSSING,443,400,456,413
1277106794Image000041.jpg,14,13,PEDESTRIAN_CROSSING,228,413,242,426
1277106794Image000041.jpg,10,9,GIVE_WAY,400,406,410,415
1277106794Image000041.jpg,10,10,PASS_RIGHT_SIDE,401,416,411,426
1277106794Image000041.jpg,13,13,PEDESTRIAN_CROSSING,443,400,456,413
1277106794Image000041.jpg,14,13,PEDESTRIAN_CROSSING,228,413,242,426
1277106794Image000041.jpg,10,9,GIVE_WAY,400,406,410,415
1277106794Image000041.jpg,10,10,PASS_RIGHT_SIDE,401,416,411,426
1277106794Image000041.jpg,13,13,PEDESTRIAN_CROSSING,443,400,456,413
1277106794Image000041.jpg,14,13,PEDESTRIAN_CROSSING,228,413,242,426
1277106802Image000002.jpg,24,18,GIVE_WAY,214,403,238,421
1277106802Image000002.jpg,19,19,PASS_RIGHT_SIDE,216,421,235,440
1277106802Image000002.jpg,67,63,PEDESTRIAN_CROSSING,671,249,738,312
1277106802Image000002.jpg,24,18,GIVE_WAY,214,403,238,421
1277106802Image000002.jpg,19,19,PASS_RIGHT_SIDE,216,421,235,440
1277106802Image000002.jpg,67,63,PEDESTRIAN_CROSSING,671,249,738,312
1277106802Image000002.jpg,24,18,GIVE_WAY,214,403,238,421
1277106802Image000002.jpg,19,19,PASS_RIGHT_SIDE,216,421,235,440
1277106802Image000002.jpg,67,63,PEDESTRIAN_CROSSING,671,249,738,312
1277106802Image000002.jpg,24,18,GIVE_WAY,214,403,238,421
1277106802Image000002.jpg,19,19,PASS_RIGHT_SIDE,216,421,235,440
1277106802Image000002.jpg,67,63,PEDESTRIAN_CROSSING,671,249,738,312
1277106802Image000012.jpg,25,23,GIVE_WAY,154,393,179,416
1277106802Image000012.jpg,22,22,PASS_RIGHT_SIDE,154,417,176,439
1277106802Image000012.jpg,28,29,GIVE_WAY,411,385,439,414
1277106802Image000012.jpg,25,23,GIVE_WAY,154,393,179,416
1277106802Image000012.jpg,22,22,PASS_RIGHT_SIDE,154,417,176,439
1277106802Image000012.jpg,28,29,GIVE_WAY,411,385,439,414
1277106802Image000012.jpg,25,23,GIVE_WAY,154,393,179,416
1277106802Image000012.jpg,22,22,PASS_RIGHT_SIDE,154,417,176,439
1277106802Image000012.jpg,28,29,GIVE_WAY,411,385,439,414
1277106802Image000012.jpg,25,23,GIVE_WAY,154,393,179,416
1277106802Image000012.jpg,22,22,PASS_RIGHT_SIDE,154,417,176,439
1277106802Image000012.jpg,28,29,GIVE_WAY,411,385,439,414
1277106802Image000017.jpg,30,30,GIVE_WAY,128,382,158,412
1277106802Image000017.jpg,25,25,PASS_RIGHT_SIDE,132,410,157,435
1277106802Image000017.jpg,32,30,GIVE_WAY,424,372,456,402
1277106802Image000017.jpg,30,30,GIVE_WAY,128,382,158,412
1277106802Image000017.jpg,25,25,PASS_RIGHT_SIDE,132,410,157,435
1277106802Image000017.jpg,32,30,GIVE_WAY,424,372,456,402
1277106802Image000017.jpg,30,30,GIVE_WAY,128,382,158,412
1277106802Image000017.jpg,25,25,PASS_RIGHT_SIDE,132,410,157,435
1277106802Image000017.jpg,32,30,GIVE_WAY,424,372,456,402
1277106802Image000017.jpg,30,30,GIVE_WAY,128,382,158,412
1277106802Image000017.jpg,25,25,PASS_RIGHT_SIDE,132,410,157,435
1277106802Image000017.jpg,32,30,GIVE_WAY,424,372,456,402
1277106802Image000027.jpg,45,37,GIVE_WAY,49,373,94,410
1277106802Image000027.jpg,35,36,PASS_RIGHT_SIDE,55,411,90,447
1277106802Image000027.jpg,48,51,GIVE_WAY,491,349,539,400
1277106802Image000027.jpg,45,37,GIVE_WAY,49,373,94,410
1277106802Image000027.jpg,35,36,PASS_RIGHT_SIDE,55,411,90,447
1277106802Image000027.jpg,48,51,GIVE_WAY,491,349,539,400
1277106802Image000027.jpg,45,37,GIVE_WAY,49,373,94,410
1277106802Image000027.jpg,35,36,PASS_RIGHT_SIDE,55,411,90,447
1277106802Image000027.jpg,48,51,GIVE_WAY,491,349,539,400
1277106802Image000032.jpg,42,46,GIVE_WAY,2,332,44,378
1277106802Image000032.jpg,39,41,PASS_RIGHT_SIDE,5,381,44,422
1277106802Image000032.jpg,57,52,GIVE_WAY,535,318,592,370
1277106802Image000032.jpg,42,46,GIVE_WAY,2,332,44,378
1277106802Image000032.jpg,39,41,PASS_RIGHT_SIDE,5,381,44,422
1277106802Image000032.jpg,57,52,GIVE_WAY,535,318,592,370
1277106802Image000032.jpg,42,46,GIVE_WAY,2,332,44,378
1277106802Image000032.jpg,39,41,PASS_RIGHT_SIDE,5,381,44,422
1277106802Image000032.jpg,57,52,GIVE_WAY,535,318,592,370
1277106802Image000037.jpg,69,65,GIVE_WAY,577,292,646,357
1277106802Image000042.jpg,82,80,GIVE_WAY,651,255,733,335
1277106802Image000042.jpg,82,80,GIVE_WAY,651,255,733,335
1277106802Image000047.jpg,106,100,GIVE_WAY,762,200,868,300
1277106802Image000047.jpg,106,100,GIVE_WAY,762,200,868,300
1277106802Image000052.jpg,98,166,GIVE_WAY,1178,2,1276,168
1277106802Image000052.jpg,98,166,GIVE_WAY,1178,2,1276,168
1277106815Image000017.jpg,31,32,PRIORITY_ROAD,209,380,240,412
1277106815Image000017.jpg,31,32,PRIORITY_ROAD,209,380,240,412
1277106815Image000024.jpg,37,37,PRIORITY_ROAD,388,372,425,409
1277106815Image000024.jpg,37,37,PRIORITY_ROAD,388,372,425,409
1277106815Image000031.jpg,43,39,PRIORITY_ROAD,486,372,529,411
1277106815Image000031.jpg,43,39,PRIORITY_ROAD,486,372,529,411
1277106815Image000038.jpg,41,48,PRIORITY_ROAD,551,363,592,411
1277106815Image000038.jpg,41,48,PRIORITY_ROAD,551,363,592,411
1277106815Image000045.jpg,50,46,PRIORITY_ROAD,628,352,678,398
1277106815Image000045.jpg,50,46,PRIORITY_ROAD,628,352,678,398
1277106815Image000052.jpg,64,60,PRIORITY_ROAD,752,313,816,373
1277106815Image000052.jpg,64,60,PRIORITY_ROAD,752,313,816,373
1277106815Image000057.jpg,69,79,PRIORITY_ROAD,813,286,882,365
1277106815Image000057.jpg,69,79,PRIORITY_ROAD,813,286,882,365
1277106815Image000064.jpg,113,129,PRIORITY_ROAD,1164,155,1277,284
1277106815Image000064.jpg,113,129,PRIORITY_ROAD,1164,155,1277,284
1277106824Image000003.jpg,10,10,OTHER,346,472,356,482
1277106824Image000003.jpg,10,10,OTHER,346,472,356,482
1277106824Image000008.jpg,11,10,OTHER,333,466,344,476
1277106824Image000008.jpg,11,10,OTHER,333,466,344,476
1277106824Image000013.jpg,11,12,OTHER,329,465,340,477
1277106824Image000013.jpg,11,12,OTHER,329,465,340,477
1277106824Image000018.jpg,11,10,OTHER,331,475,342,485
1277106824Image000018.jpg,11,10,OTHER,331,475,342,485
1277106824Image000023.jpg,14,12,OTHER,330,456,344,468
1277106824Image000023.jpg,14,12,OTHER,330,456,344,468
1277106832Image000007.jpg,31,26,OTHER,445,402,476,428
1277106832Image000007.jpg,31,26,OTHER,445,402,476,428
1277106832Image000012.jpg,34,31,OTHER,462,382,496,413
1277106832Image000012.jpg,34,31,OTHER,462,382,496,413
1277106832Image000037.jpg,11,20,STOP,481,440,492,460
1277106832Image000037.jpg,8,7,50_SIGN,347,464,355,471
1277106832Image000037.jpg,5,5,PRIORITY_ROAD,349,470,354,475
1277106832Image000037.jpg,11,20,STOP,481,440,492,460
1277106832Image000037.jpg,8,7,50_SIGN,347,464,355,471
1277106832Image000037.jpg,5,5,PRIORITY_ROAD,349,470,354,475
1277106832Image000037.jpg,11,20,STOP,481,440,492,460
1277106832Image000037.jpg,8,7,50_SIGN,347,464,355,471
1277106832Image000037.jpg,5,5,PRIORITY_ROAD,349,470,354,475
1277106832Image000047.jpg,12,23,STOP,500,420,512,443
1277106832Image000047.jpg,8,8,50_SIGN,331,448,339,456
1277106832Image000047.jpg,8,7,PRIORITY_ROAD,332,455,340,462
1277106832Image000047.jpg,12,23,STOP,500,420,512,443
1277106832Image000047.jpg,8,8,50_SIGN,331,448,339,456
1277106832Image000047.jpg,8,7,PRIORITY_ROAD,332,455,340,462
1277106832Image000047.jpg,12,23,STOP,500,420,512,443
1277106832Image000047.jpg,8,8,50_SIGN,331,448,339,456
1277106832Image000047.jpg,8,7,PRIORITY_ROAD,332,455,340,462
1277106832Image000052.jpg,12,24,STOP,508,419,520,443
1277106832Image000052.jpg,9,8,50_SIGN,320,448,329,456
1277106832Image000052.jpg,8,7,PRIORITY_ROAD,322,456,330,463
1277106832Image000052.jpg,12,24,STOP,508,419,520,443
1277106832Image000052.jpg,9,8,50_SIGN,320,448,329,456
1277106832Image000052.jpg,8,7,PRIORITY_ROAD,322,456,330,463
1277106832Image000052.jpg,12,24,STOP,508,419,520,443
1277106832Image000052.jpg,9,8,50_SIGN,320,448,329,456
1277106832Image000052.jpg,8,7,PRIORITY_ROAD,322,456,330,463
1277106832Image000057.jpg,12,26,STOP,534,411,546,437
1277106832Image000057.jpg,8,10,50_SIGN,313,442,321,452
1277106832Image000057.jpg,7,7,PRIORITY_ROAD,315,452,322,459
1277106832Image000057.jpg,12,26,STOP,534,411,546,437
1277106832Image000057.jpg,8,10,50_SIGN,313,442,321,452
1277106832Image000057.jpg,7,7,PRIORITY_ROAD,315,452,322,459
1277106832Image000057.jpg,12,26,STOP,534,411,546,437
1277106832Image000057.jpg,8,10,50_SIGN,313,442,321,452
1277106832Image000057.jpg,7,7,PRIORITY_ROAD,315,452,322,459
1277106832Image000062.jpg,13,28,STOP,542,413,555,441
1277106832Image000062.jpg,8,8,50_SIGN,306,447,314,455
1277106832Image000062.jpg,8,8,PRIORITY_ROAD,308,454,316,462
1277106832Image000062.jpg,13,28,STOP,542,413,555,441
1277106832Image000062.jpg,8,8,50_SIGN,306,447,314,455
1277106832Image000062.jpg,8,8,PRIORITY_ROAD,308,454,316,462
1277106832Image000062.jpg,13,28,STOP,542,413,555,441
1277106832Image000062.jpg,8,8,50_SIGN,306,447,314,455
1277106832Image000062.jpg,8,8,PRIORITY_ROAD,308,454,316,462
1277106832Image000067.jpg,12,33,STOP,561,408,573,441
1277106832Image000067.jpg,9,8,50_SIGN,299,448,308,456
1277106832Image000067.jpg,9,8,PRIORITY_ROAD,300,456,309,464
1277106832Image000067.jpg,12,33,STOP,561,408,573,441
1277106832Image000067.jpg,9,8,50_SIGN,299,448,308,456
1277106832Image000067.jpg,9,8,PRIORITY_ROAD,300,456,309,464
1277106832Image000067.jpg,12,33,STOP,561,408,573,441
1277106832Image000067.jpg,9,8,50_SIGN,299,448,308,456
1277106832Image000067.jpg,9,8,PRIORITY_ROAD,300,456,309,464
1277106832Image000072.jpg,18,35,STOP,578,453,596,488
1277106832Image000072.jpg,10,10,50_SIGN,293,491,303,501
1277106832Image000072.jpg,9,7,PRIORITY_ROAD,295,501,304,508
1277106832Image000072.jpg,18,35,STOP,578,453,596,488
1277106832Image000072.jpg,10,10,50_SIGN,293,491,303,501
1277106832Image000072.jpg,9,7,PRIORITY_ROAD,295,501,304,508
1277106832Image000072.jpg,18,35,STOP,578,453,596,488
1277106832Image000072.jpg,10,10,50_SIGN,293,491,303,501
1277106832Image000072.jpg,9,7,PRIORITY_ROAD,295,501,304,508
1277106832Image000077.jpg,21,36,STOP,599,379,620,415
1277106832Image000077.jpg,9,9,50_SIGN,289,419,298,428
1277106832Image000077.jpg,8,8,PRIORITY_ROAD,291,428,299,436
1277106832Image000077.jpg,21,36,STOP,599,379,620,415
1277106832Image000077.jpg,9,9,50_SIGN,289,419,298,428
1277106832Image000077.jpg,8,8,PRIORITY_ROAD,291,428,299,436
1277106832Image000077.jpg,21,36,STOP,599,379,620,415
1277106832Image000077.jpg,9,9,50_SIGN,289,419,298,428
1277106832Image000077.jpg,8,8,PRIORITY_ROAD,291,428,299,436
1277106832Image000082.jpg,17,40,STOP,626,394,643,434
1277106832Image000082.jpg,10,10,50_SIGN,285,440,295,450
1277106832Image000082.jpg,10,7,PRIORITY_ROAD,286,449,296,456
1277106832Image000082.jpg,8,35,PASS_RIGHT_SIDE,486,397,494,432
1277106832Image000082.jpg,17,40,STOP,626,394,643,434
1277106832Image000082.jpg,10,10,50_SIGN,285,440,295,450
1277106832Image000082.jpg,10,7,PRIORITY_ROAD,286,449,296,456
1277106832Image000082.jpg,8,35,PASS_RIGHT_SIDE,486,397,494,432
1277106832Image000082.jpg,17,40,STOP,626,394,643,434
1277106832Image000082.jpg,10,10,50_SIGN,285,440,295,450
1277106832Image000082.jpg,10,7,PRIORITY_ROAD,286,449,296,456
1277106832Image000082.jpg,8,35,PASS_RIGHT_SIDE,486,397,494,432
1277106832Image000082.jpg,17,40,STOP,626,394,643,434
1277106832Image000082.jpg,10,10,50_SIGN,285,440,295,450
1277106832Image000082.jpg,10,7,PRIORITY_ROAD,286,449,296,456
1277106832Image000082.jpg,8,35,PASS_RIGHT_SIDE,486,397,494,432
1277106832Image000087.jpg,22,48,STOP,670,378,692,426
1277106832Image000087.jpg,11,10,50_SIGN,280,439,291,449
1277106832Image000087.jpg,10,8,PRIORITY_ROAD,282,449,292,457
1277106832Image000087.jpg,13,44,PASS_RIGHT_SIDE,524,380,537,424
1277106832Image000087.jpg,22,48,STOP,670,378,692,426
1277106832Image000087.jpg,11,10,50_SIGN,280,439,291,449
1277106832Image000087.jpg,10,8,PRIORITY_ROAD,282,449,292,457
1277106832Image000087.jpg,13,44,PASS_RIGHT_SIDE,524,380,537,424
1277106832Image000087.jpg,22,48,STOP,670,378,692,426
1277106832Image000087.jpg,11,10,50_SIGN,280,439,291,449
1277106832Image000087.jpg,10,8,PRIORITY_ROAD,282,449,292,457
1277106832Image000087.jpg,13,44,PASS_RIGHT_SIDE,524,380,537,424
1277106832Image000087.jpg,22,48,STOP,670,378,692,426
1277106832Image000087.jpg,11,10,50_SIGN,280,439,291,449
1277106832Image000087.jpg,10,8,PRIORITY_ROAD,282,449,292,457
1277106832Image000087.jpg,13,44,PASS_RIGHT_SIDE,524,380,537,424
1277106832Image000092.jpg,19,55,STOP,718,367,737,422
1277106832Image000092.jpg,9,10,50_SIGN,276,440,285,450
1277106832Image000092.jpg,10,9,PRIORITY_ROAD,278,449,288,458
1277106832Image000092.jpg,25,58,PASS_RIGHT_SIDE,565,365,590,423
1277106832Image000092.jpg,19,55,STOP,718,367,737,422
1277106832Image000092.jpg,9,10,50_SIGN,276,440,285,450
1277106832Image000092.jpg,10,9,PRIORITY_ROAD,278,449,288,458
1277106832Image000092.jpg,25,58,PASS_RIGHT_SIDE,565,365,590,423
1277106832Image000092.jpg,19,55,STOP,718,367,737,422
1277106832Image000092.jpg,9,10,50_SIGN,276,440,285,450
1277106832Image000092.jpg,10,9,PRIORITY_ROAD,278,449,288,458
1277106832Image000092.jpg,25,58,PASS_RIGHT_SIDE,565,365,590,423
1277106832Image000092.jpg,19,55,STOP,718,367,737,422
1277106832Image000092.jpg,9,10,50_SIGN,276,440,285,450
1277106832Image000092.jpg,10,9,PRIORITY_ROAD,278,449,288,458
1277106832Image000092.jpg,25,58,PASS_RIGHT_SIDE,565,365,590,423
1277106832Image000097.jpg,25,59,STOP,792,360,817,419
1277106832Image000097.jpg,11,12,50_SIGN,273,440,284,452
1277106832Image000097.jpg,9,9,PRIORITY_ROAD,276,451,285,460
1277106832Image000097.jpg,24,62,PASS_RIGHT_SIDE,651,346,675,408
1277106832Image000097.jpg,25,59,STOP,792,360,817,419
1277106832Image000097.jpg,11,12,50_SIGN,273,440,284,452
1277106832Image000097.jpg,9,9,PRIORITY_ROAD,276,451,285,460
1277106832Image000097.jpg,24,62,PASS_RIGHT_SIDE,651,346,675,408
1277106832Image000097.jpg,25,59,STOP,792,360,817,419
1277106832Image000097.jpg,11,12,50_SIGN,273,440,284,452
1277106832Image000097.jpg,9,9,PRIORITY_ROAD,276,451,285,460
1277106832Image000097.jpg,24,62,PASS_RIGHT_SIDE,651,346,675,408
1277106832Image000097.jpg,25,59,STOP,792,360,817,419
1277106832Image000097.jpg,11,12,50_SIGN,273,440,284,452
1277106832Image000097.jpg,9,9,PRIORITY_ROAD,276,451,285,460
1277106832Image000097.jpg,24,62,PASS_RIGHT_SIDE,651,346,675,408
1277106832Image000102.jpg,17,71,STOP,950,334,967,405
1277106832Image000102.jpg,11,11,50_SIGN,284,443,295,454
1277106832Image000102.jpg,14,12,PRIORITY_ROAD,282,453,296,465
1277106832Image000102.jpg,45,97,PASS_RIGHT_SIDE,856,282,901,379
1277106832Image000102.jpg,17,71,STOP,950,334,967,405
1277106832Image000102.jpg,11,11,50_SIGN,284,443,295,454
1277106832Image000102.jpg,14,12,PRIORITY_ROAD,282,453,296,465
1277106832Image000102.jpg,45,97,PASS_RIGHT_SIDE,856,282,901,379
1277106832Image000102.jpg,17,71,STOP,950,334,967,405
1277106832Image000102.jpg,11,11,50_SIGN,284,443,295,454
1277106832Image000102.jpg,14,12,PRIORITY_ROAD,282,453,296,465
1277106832Image000102.jpg,45,97,PASS_RIGHT_SIDE,856,282,901,379
1277106832Image000102.jpg,17,71,STOP,950,334,967,405
1277106832Image000102.jpg,11,11,50_SIGN,284,443,295,454
1277106832Image000102.jpg,14,12,PRIORITY_ROAD,282,453,296,465
1277106832Image000102.jpg,45,97,PASS_RIGHT_SIDE,856,282,901,379
1277106832Image000107.jpg,12,13,50_SIGN,301,444,313,457
1277106832Image000107.jpg,11,9,PRIORITY_ROAD,303,456,314,465
1277106832Image000107.jpg,80,141,PASS_RIGHT_SIDE,1196,183,1276,324
1277106832Image000107.jpg,12,13,50_SIGN,301,444,313,457
1277106832Image000107.jpg,11,9,PRIORITY_ROAD,303,456,314,465
1277106832Image000107.jpg,80,141,PASS_RIGHT_SIDE,1196,183,1276,324
1277106832Image000107.jpg,12,13,50_SIGN,301,444,313,457
1277106832Image000107.jpg,11,9,PRIORITY_ROAD,303,456,314,465
1277106832Image000107.jpg,80,141,PASS_RIGHT_SIDE,1196,183,1276,324
1277106832Image000112.jpg,13,12,50_SIGN,319,438,332,450
1277106832Image000112.jpg,11,10,PRIORITY_ROAD,321,451,332,461
1277106832Image000112.jpg,13,12,50_SIGN,319,438,332,450
1277106832Image000112.jpg,11,10,PRIORITY_ROAD,321,451,332,461
1277106832Image000117.jpg,13,13,50_SIGN,331,434,344,447
1277106832Image000117.jpg,12,10,PRIORITY_ROAD,333,447,345,457
1277106832Image000117.jpg,13,13,50_SIGN,331,434,344,447
1277106832Image000117.jpg,12,10,PRIORITY_ROAD,333,447,345,457
1277106832Image000122.jpg,14,13,50_SIGN,341,439,355,452
1277106832Image000122.jpg,12,8,PRIORITY_ROAD,343,453,355,461
1277106832Image000122.jpg,14,13,50_SIGN,341,439,355,452
1277106832Image000122.jpg,12,8,PRIORITY_ROAD,343,453,355,461
1277106832Image000122.jpg,14,13,50_SIGN,341,439,355,452
1277106832Image000122.jpg,12,8,PRIORITY_ROAD,343,453,355,461
1277106832Image000127.jpg,15,16,50_SIGN,344,432,359,448
1277106832Image000127.jpg,14,17,PRIORITY_ROAD,346,445,360,462
1277106832Image000127.jpg,15,16,50_SIGN,344,432,359,448
1277106832Image000127.jpg,14,17,PRIORITY_ROAD,346,445,360,462
1277106832Image000127.jpg,15,16,50_SIGN,344,432,359,448
1277106832Image000127.jpg,14,17,PRIORITY_ROAD,346,445,360,462
1277106832Image000132.jpg,15,15,50_SIGN,348,431,363,446
1277106832Image000132.jpg,15,12,PRIORITY_ROAD,348,446,363,458
1277106832Image000132.jpg,15,15,50_SIGN,348,431,363,446
1277106832Image000132.jpg,15,12,PRIORITY_ROAD,348,446,363,458
1277106832Image000137.jpg,16,15,50_SIGN,351,429,367,444
1277106832Image000137.jpg,15,14,PRIORITY_ROAD,353,443,368,457
1277106832Image000137.jpg,16,15,50_SIGN,351,429,367,444
1277106832Image000137.jpg,15,14,PRIORITY_ROAD,353,443,368,457
1277106851Image000003.jpg,68,74,50_SIGN,764,264,832,338
1277106851Image000003.jpg,65,59,PRIORITY_ROAD,767,342,832,401
1277106851Image000003.jpg,68,74,50_SIGN,764,264,832,338
1277106851Image000003.jpg,65,59,PRIORITY_ROAD,767,342,832,401
1277106858Image000004.jpg,20,20,70_SIGN,300,440,320,460
1277106858Image000004.jpg,18,18,PRIORITY_ROAD,301,460,319,478
1277106858Image000004.jpg,20,20,70_SIGN,300,440,320,460
1277106858Image000004.jpg,18,18,PRIORITY_ROAD,301,460,319,478
1277106858Image000004.jpg,20,20,70_SIGN,300,440,320,460
1277106858Image000004.jpg,18,18,PRIORITY_ROAD,301,460,319,478
1277106858Image000009.jpg,25,23,70_SIGN,330,430,355,453
1277106858Image000009.jpg,26,22,PRIORITY_ROAD,328,453,354,475
1277106858Image000009.jpg,25,23,70_SIGN,330,430,355,453
1277106858Image000009.jpg,26,22,PRIORITY_ROAD,328,453,354,475
1277106858Image000009.jpg,25,23,70_SIGN,330,430,355,453
1277106858Image000009.jpg,26,22,PRIORITY_ROAD,328,453,354,475
1277106858Image000014.jpg,44,42,70_SIGN,550,390,594,432
1277106858Image000014.jpg,35,37,PRIORITY_ROAD,551,434,586,471
1277106858Image000014.jpg,44,42,70_SIGN,550,390,594,432
1277106858Image000014.jpg,35,37,PRIORITY_ROAD,551,434,586,471
1277106858Image000019.jpg,53,56,70_SIGN,682,360,735,416
1277106858Image000019.jpg,48,48,PRIORITY_ROAD,683,419,731,467
1277106858Image000019.jpg,53,56,70_SIGN,682,360,735,416
1277106858Image000019.jpg,48,48,PRIORITY_ROAD,683,419,731,467
1277106858Image000024.jpg,82,85,70_SIGN,938,308,1020,393
1277106858Image000024.jpg,67,73,PRIORITY_ROAD,941,400,1008,473
1277106858Image000024.jpg,82,85,70_SIGN,938,308,1020,393
1277106858Image000024.jpg,67,73,PRIORITY_ROAD,941,400,1008,473
1277106894Image000001.jpg,13,12,50_SIGN,306,448,319,460
1277106894Image000001.jpg,14,14,50_SIGN,78,457,92,471
1277106894Image000001.jpg,13,12,50_SIGN,306,448,319,460
1277106894Image000001.jpg,14,14,50_SIGN,78,457,92,471
1277106894Image000001.jpg,13,12,50_SIGN,306,448,319,460
1277106894Image000001.jpg,14,14,50_SIGN,78,457,92,471
1277106894Image000006.jpg,14,13,50_SIGN,309,445,323,458
1277106894Image000006.jpg,15,13,50_SIGN,59,456,74,469
1277106894Image000006.jpg,14,13,50_SIGN,309,445,323,458
1277106894Image000006.jpg,15,13,50_SIGN,59,456,74,469
1277106894Image000006.jpg,14,13,50_SIGN,309,445,323,458
1277106894Image000006.jpg,15,13,50_SIGN,59,456,74,469
1277106894Image000011.jpg,15,15,50_SIGN,318,439,333,454
1277106894Image000011.jpg,17,16,50_SIGN,37,450,54,466
1277106894Image000011.jpg,15,15,50_SIGN,318,439,333,454
1277106894Image000011.jpg,17,16,50_SIGN,37,450,54,466
1277106894Image000011.jpg,15,15,50_SIGN,318,439,333,454
1277106894Image000011.jpg,17,16,50_SIGN,37,450,54,466
1277106894Image000016.jpg,16,16,50_SIGN,332,435,348,451
1277106894Image000016.jpg,18,17,50_SIGN,10,447,28,464
1277106894Image000016.jpg,16,16,50_SIGN,332,435,348,451
1277106894Image000016.jpg,18,17,50_SIGN,10,447,28,464
1277106894Image000016.jpg,16,16,50_SIGN,332,435,348,451
1277106894Image000016.jpg,18,17,50_SIGN,10,447,28,464
1277106894Image000021.jpg,21,21,50_SIGN,352,429,373,450
1277106894Image000021.jpg,21,21,50_SIGN,352,429,373,450
1277106894Image000026.jpg,27,28,50_SIGN,402,412,429,440
1277106894Image000026.jpg,27,28,50_SIGN,402,412,429,440
1277106894Image000031.jpg,35,34,50_SIGN,437,403,472,437
1277106894Image000036.jpg,53,56,50_SIGN,564,363,617,419
1277106894Image000036.jpg,53,56,50_SIGN,564,363,617,419
1277106894Image000041.jpg,78,81,50_SIGN,731,312,809,393
1277106894Image000041.jpg,78,81,50_SIGN,731,312,809,393
1277106894Image000046.jpg,69,153,50_SIGN,1208,174,1277,327
1277106894Image000046.jpg,69,153,50_SIGN,1208,174,1277,327
1277106894Image000051.jpg,7,7,PRIORITY_ROAD,354,449,361,456
1277106894Image000051.jpg,7,7,PRIORITY_ROAD,354,449,361,456
1277106894Image000066.jpg,9,9,PRIORITY_ROAD,396,437,405,446
1277106894Image000066.jpg,9,9,PRIORITY_ROAD,396,437,405,446
1277106894Image000071.jpg,12,10,PRIORITY_ROAD,406,440,418,450
1277106894Image000071.jpg,12,10,PRIORITY_ROAD,406,440,418,450
1277106894Image000076.jpg,13,12,PRIORITY_ROAD,419,422,432,434
1277106894Image000076.jpg,13,12,PRIORITY_ROAD,419,422,432,434
1277106894Image000081.jpg,19,17,PRIORITY_ROAD,433,416,452,433
1277106894Image000081.jpg,19,17,PRIORITY_ROAD,433,416,452,433
1277106894Image000086.jpg,21,22,PRIORITY_ROAD,449,406,470,428
1277106894Image000086.jpg,21,22,PRIORITY_ROAD,449,406,470,428
1277106894Image000091.jpg,21,21,PRIORITY_ROAD,472,392,493,413
1277106894Image000091.jpg,21,21,PRIORITY_ROAD,472,392,493,413
1277106894Image000096.jpg,29,28,PRIORITY_ROAD,521,384,550,412
1277106894Image000096.jpg,29,28,PRIORITY_ROAD,521,384,550,412
1277106894Image000101.jpg,67,72,PRIORITY_ROAD,781,273,848,345
1277106894Image000101.jpg,67,72,PRIORITY_ROAD,781,273,848,345
1277106918Image000002.jpg,17,17,PRIORITY_ROAD,495,401,512,418
1277106918Image000002.jpg,20,17,OTHER,492,418,512,435
1277106918Image000002.jpg,17,17,PRIORITY_ROAD,495,401,512,418
1277106918Image000002.jpg,20,17,OTHER,492,418,512,435
1277106918Image000002.jpg,17,17,PRIORITY_ROAD,495,401,512,418
1277106918Image000002.jpg,20,17,OTHER,492,418,512,435
1277106918Image000012.jpg,23,20,PRIORITY_ROAD,496,386,519,406
1277106918Image000012.jpg,23,21,OTHER,497,408,520,429
1277106918Image000012.jpg,23,20,PRIORITY_ROAD,496,386,519,406
1277106918Image000012.jpg,23,21,OTHER,497,408,520,429
1277106918Image000012.jpg,23,20,PRIORITY_ROAD,496,386,519,406
1277106918Image000012.jpg,23,21,OTHER,497,408,520,429
1277106918Image000017.jpg,24,22,PRIORITY_ROAD,504,373,528,395
1277106918Image000017.jpg,26,22,OTHER,504,397,530,419
1277106918Image000017.jpg,24,22,PRIORITY_ROAD,504,373,528,395
1277106918Image000017.jpg,26,22,OTHER,504,397,530,419
1277106918Image000017.jpg,24,22,PRIORITY_ROAD,504,373,528,395
1277106918Image000017.jpg,26,22,OTHER,504,397,530,419
1277106918Image000022.jpg,26,25,PRIORITY_ROAD,518,376,544,401
1277106918Image000022.jpg,27,26,OTHER,519,403,546,429
1277106918Image000022.jpg,26,25,PRIORITY_ROAD,518,376,544,401
1277106918Image000022.jpg,27,26,OTHER,519,403,546,429
1277106918Image000022.jpg,26,25,PRIORITY_ROAD,518,376,544,401
1277106918Image000022.jpg,27,26,OTHER,519,403,546,429
1277106918Image000027.jpg,30,30,PRIORITY_ROAD,532,364,562,394
1277106918Image000027.jpg,31,29,OTHER,532,396,563,425
1277106918Image000027.jpg,30,30,PRIORITY_ROAD,532,364,562,394
1277106918Image000027.jpg,31,29,OTHER,532,396,563,425
1277106918Image000027.jpg,30,30,PRIORITY_ROAD,532,364,562,394
1277106918Image000027.jpg,31,29,OTHER,532,396,563,425
1277106918Image000032.jpg,40,42,PRIORITY_ROAD,586,326,626,368
1277106918Image000032.jpg,43,42,OTHER,585,369,628,411
1277106918Image000032.jpg,40,42,PRIORITY_ROAD,586,326,626,368
1277106918Image000032.jpg,43,42,OTHER,585,369,628,411
1277106918Image000032.jpg,40,42,PRIORITY_ROAD,586,326,626,368
1277106918Image000032.jpg,43,42,OTHER,585,369,628,411
1277106918Image000037.jpg,54,54,PRIORITY_ROAD,672,276,726,330
1277106918Image000037.jpg,54,51,OTHER,675,336,729,387
1277106918Image000037.jpg,54,54,PRIORITY_ROAD,672,276,726,330
1277106918Image000037.jpg,54,51,OTHER,675,336,729,387
1277106918Image000037.jpg,54,54,PRIORITY_ROAD,672,276,726,330
1277106918Image000037.jpg,54,51,OTHER,675,336,729,387
1277106918Image000042.jpg,65,61,PRIORITY_ROAD,769,235,834,296
1277106918Image000042.jpg,67,65,OTHER,771,305,838,370
1277106918Image000042.jpg,65,61,PRIORITY_ROAD,769,235,834,296
1277106918Image000042.jpg,67,65,OTHER,771,305,838,370
1277106918Image000042.jpg,65,61,PRIORITY_ROAD,769,235,834,296
1277106918Image000042.jpg,67,65,OTHER,771,305,838,370
1277106918Image000047.jpg,99,108,PRIORITY_ROAD,1113,79,1212,187
1277106918Image000047.jpg,101,103,OTHER,1119,197,1220,300
1277106918Image000047.jpg,99,108,PRIORITY_ROAD,1113,79,1212,187
1277106918Image000047.jpg,101,103,OTHER,1119,197,1220,300
1277106918Image000047.jpg,99,108,PRIORITY_ROAD,1113,79,1212,187
1277106918Image000047.jpg,101,103,OTHER,1119,197,1220,300
1277106927Image000001.jpg,14,13,PEDESTRIAN_CROSSING,370,413,384,426
1277106927Image000001.jpg,13,12,PEDESTRIAN_CROSSING,105,429,118,441
1277106927Image000001.jpg,14,13,PEDESTRIAN_CROSSING,370,413,384,426
1277106927Image000001.jpg,13,12,PEDESTRIAN_CROSSING,105,429,118,441
1277106927Image000001.jpg,14,13,PEDESTRIAN_CROSSING,370,413,384,426
1277106927Image000001.jpg,13,12,PEDESTRIAN_CROSSING,105,429,118,441
1277106927Image000006.jpg,15,15,PEDESTRIAN_CROSSING,381,419,396,434
1277106927Image000006.jpg,15,14,PEDESTRIAN_CROSSING,92,433,107,447
1277106927Image000006.jpg,15,15,PEDESTRIAN_CROSSING,381,419,396,434
1277106927Image000006.jpg,15,14,PEDESTRIAN_CROSSING,92,433,107,447
1277106927Image000006.jpg,15,15,PEDESTRIAN_CROSSING,381,419,396,434
1277106927Image000006.jpg,15,14,PEDESTRIAN_CROSSING,92,433,107,447
1277106927Image000011.jpg,14,14,PEDESTRIAN_CROSSING,389,413,403,427
1277106927Image000011.jpg,14,15,PEDESTRIAN_CROSSING,86,428,100,443
1277106927Image000011.jpg,14,14,PEDESTRIAN_CROSSING,389,413,403,427
1277106927Image000011.jpg,14,15,PEDESTRIAN_CROSSING,86,428,100,443
1277106927Image000011.jpg,14,14,PEDESTRIAN_CROSSING,389,413,403,427
1277106927Image000011.jpg,14,15,PEDESTRIAN_CROSSING,86,428,100,443
1277106927Image000016.jpg,15,15,PEDESTRIAN_CROSSING,403,420,418,435
1277106927Image000016.jpg,16,17,PEDESTRIAN_CROSSING,71,436,87,453
1277106927Image000016.jpg,15,15,PEDESTRIAN_CROSSING,403,420,418,435
1277106927Image000016.jpg,16,17,PEDESTRIAN_CROSSING,71,436,87,453
1277106927Image000016.jpg,15,15,PEDESTRIAN_CROSSING,403,420,418,435
1277106927Image000016.jpg,16,17,PEDESTRIAN_CROSSING,71,436,87,453
1277106927Image000021.jpg,17,17,PEDESTRIAN_CROSSING,417,412,434,429
1277106927Image000021.jpg,20,15,PEDESTRIAN_CROSSING,54,430,74,445
1277106927Image000021.jpg,17,17,PEDESTRIAN_CROSSING,417,412,434,429
1277106927Image000021.jpg,20,15,PEDESTRIAN_CROSSING,54,430,74,445
1277106927Image000021.jpg,17,17,PEDESTRIAN_CROSSING,417,412,434,429
1277106927Image000021.jpg,20,15,PEDESTRIAN_CROSSING,54,430,74,445
1277106927Image000026.jpg,21,20,PEDESTRIAN_CROSSING,430,415,451,435
1277106927Image000026.jpg,18,18,PEDESTRIAN_CROSSING,43,438,61,456
1277106927Image000026.jpg,21,20,PEDESTRIAN_CROSSING,430,415,451,435
1277106927Image000026.jpg,18,18,PEDESTRIAN_CROSSING,43,438,61,456
1277106927Image000026.jpg,21,20,PEDESTRIAN_CROSSING,430,415,451,435
1277106927Image000026.jpg,18,18,PEDESTRIAN_CROSSING,43,438,61,456
1277106927Image000031.jpg,20,20,PEDESTRIAN_CROSSING,443,410,463,430
1277106927Image000031.jpg,21,18,PEDESTRIAN_CROSSING,30,436,51,454
1277106927Image000031.jpg,20,20,PEDESTRIAN_CROSSING,443,410,463,430
1277106927Image000031.jpg,21,18,PEDESTRIAN_CROSSING,30,436,51,454
1277106927Image000031.jpg,20,20,PEDESTRIAN_CROSSING,443,410,463,430
1277106927Image000031.jpg,21,18,PEDESTRIAN_CROSSING,30,436,51,454
1277106927Image000037.jpg,26,23,PEDESTRIAN_CROSSING,478,399,504,422
1277106927Image000037.jpg,10,19,PEDESTRIAN_CROSSING,2,431,12,450
1277106927Image000037.jpg,11,15,PASS_RIGHT_SIDE,104,452,115,467
1277106927Image000037.jpg,26,23,PEDESTRIAN_CROSSING,478,399,504,422
1277106927Image000037.jpg,10,19,PEDESTRIAN_CROSSING,2,431,12,450
1277106927Image000037.jpg,11,15,PASS_RIGHT_SIDE,104,452,115,467
1277106927Image000037.jpg,26,23,PEDESTRIAN_CROSSING,478,399,504,422
1277106927Image000037.jpg,10,19,PEDESTRIAN_CROSSING,2,431,12,450
1277106927Image000037.jpg,11,15,PASS_RIGHT_SIDE,104,452,115,467
1277106927Image000037.jpg,26,23,PEDESTRIAN_CROSSING,478,399,504,422
1277106927Image000037.jpg,10,19,PEDESTRIAN_CROSSING,2,431,12,450
1277106927Image000037.jpg,11,15,PASS_RIGHT_SIDE,104,452,115,467
1277106927Image000042.jpg,27,25,PEDESTRIAN_CROSSING,510,401,537,426
1277106927Image000042.jpg,15,16,PASS_RIGHT_SIDE,92,462,107,478
1277106927Image000042.jpg,27,25,PEDESTRIAN_CROSSING,510,401,537,426
1277106927Image000042.jpg,15,16,PASS_RIGHT_SIDE,92,462,107,478
1277106927Image000042.jpg,27,25,PEDESTRIAN_CROSSING,510,401,537,426
1277106927Image000042.jpg,15,16,PASS_RIGHT_SIDE,92,462,107,478
1277106927Image000047.jpg,32,30,PEDESTRIAN_CROSSING,553,388,585,418
1277106927Image000047.jpg,15,14,PASS_RIGHT_SIDE,80,459,95,473
1277106927Image000047.jpg,32,30,PEDESTRIAN_CROSSING,553,388,585,418
1277106927Image000047.jpg,15,14,PASS_RIGHT_SIDE,80,459,95,473
1277106927Image000047.jpg,32,30,PEDESTRIAN_CROSSING,553,388,585,418
1277106927Image000047.jpg,15,14,PASS_RIGHT_SIDE,80,459,95,473
1277106927Image000052.jpg,34,33,PEDESTRIAN_CROSSING,614,370,648,403
1277106927Image000052.jpg,15,19,PASS_RIGHT_SIDE,71,445,86,464
1277106927Image000052.jpg,34,33,PEDESTRIAN_CROSSING,614,370,648,403
1277106927Image000052.jpg,15,19,PASS_RIGHT_SIDE,71,445,86,464
1277106927Image000059.jpg,43,45,PEDESTRIAN_CROSSING,747,338,790,383
1277106927Image000059.jpg,17,22,PASS_RIGHT_SIDE,53,446,70,468
1277106927Image000059.jpg,43,45,PEDESTRIAN_CROSSING,747,338,790,383
1277106927Image000059.jpg,17,22,PASS_RIGHT_SIDE,53,446,70,468
1277106927Image000059.jpg,43,45,PEDESTRIAN_CROSSING,747,338,790,383
1277106927Image000059.jpg,17,22,PASS_RIGHT_SIDE,53,446,70,468
1277106927Image000064.jpg,51,53,PEDESTRIAN_CROSSING,845,296,896,349
1277106927Image000064.jpg,18,24,PASS_RIGHT_SIDE,40,429,58,453
1277106927Image000064.jpg,51,53,PEDESTRIAN_CROSSING,845,296,896,349
1277106927Image000064.jpg,18,24,PASS_RIGHT_SIDE,40,429,58,453
1277106927Image000064.jpg,51,53,PEDESTRIAN_CROSSING,845,296,896,349
1277106927Image000064.jpg,18,24,PASS_RIGHT_SIDE,40,429,58,453
1277106927Image000069.jpg,71,78,PEDESTRIAN_CROSSING,1113,216,1184,294
1277106927Image000069.jpg,19,26,PASS_RIGHT_SIDE,5,425,24,451
1277106927Image000069.jpg,71,78,PEDESTRIAN_CROSSING,1113,216,1184,294
1277106927Image000069.jpg,19,26,PASS_RIGHT_SIDE,5,425,24,451
1277106927Image000069.jpg,71,78,PEDESTRIAN_CROSSING,1113,216,1184,294
1277106927Image000069.jpg,19,26,PASS_RIGHT_SIDE,5,425,24,451
1277106927Image000096.jpg,21,21,PRIORITY_ROAD,780,377,801,398
1277106927Image000096.jpg,21,21,PRIORITY_ROAD,780,377,801,398
1277106927Image000101.jpg,22,24,PRIORITY_ROAD,737,350,759,374
1277106927Image000101.jpg,22,24,PRIORITY_ROAD,737,350,759,374
1277106927Image000106.jpg,25,24,PRIORITY_ROAD,709,347,734,371
1277106927Image000106.jpg,25,24,PRIORITY_ROAD,709,347,734,371
1277106927Image000111.jpg,28,28,PRIORITY_ROAD,685,335,713,363
1277106927Image000111.jpg,28,28,PRIORITY_ROAD,685,335,713,363
1277106927Image000116.jpg,37,33,PRIORITY_ROAD,669,322,706,355
1277106927Image000116.jpg,37,33,PRIORITY_ROAD,669,322,706,355
1277106927Image000121.jpg,45,44,PRIORITY_ROAD,720,292,765,336
1277106927Image000121.jpg,45,44,PRIORITY_ROAD,720,292,765,336
1277106927Image000126.jpg,52,53,PRIORITY_ROAD,786,253,838,306
1277106927Image000126.jpg,52,53,PRIORITY_ROAD,786,253,838,306
1277106956Image000002.jpg,20,19,70_SIGN,416,419,436,438
1277106956Image000002.jpg,18,17,PRIORITY_ROAD,418,439,436,456
1277106956Image000002.jpg,21,21,70_SIGN,105,441,126,462
1277106956Image000002.jpg,20,19,70_SIGN,416,419,436,438
1277106956Image000002.jpg,18,17,PRIORITY_ROAD,418,439,436,456
1277106956Image000002.jpg,21,21,70_SIGN,105,441,126,462
1277106956Image000002.jpg,20,19,70_SIGN,416,419,436,438
1277106956Image000002.jpg,18,17,PRIORITY_ROAD,418,439,436,456
1277106956Image000002.jpg,21,21,70_SIGN,105,441,126,462
1277106956Image000002.jpg,20,19,70_SIGN,416,419,436,438
1277106956Image000002.jpg,18,17,PRIORITY_ROAD,418,439,436,456
1277106956Image000002.jpg,21,21,70_SIGN,105,441,126,462
1277106956Image000007.jpg,20,21,70_SIGN,408,433,428,454
1277106956Image000007.jpg,17,18,PRIORITY_ROAD,410,456,427,474
1277106956Image000007.jpg,23,23,70_SIGN,46,459,69,482
1277106956Image000007.jpg,20,21,70_SIGN,408,433,428,454
1277106956Image000007.jpg,17,18,PRIORITY_ROAD,410,456,427,474
1277106956Image000007.jpg,23,23,70_SIGN,46,459,69,482
1277106956Image000007.jpg,20,21,70_SIGN,408,433,428,454
1277106956Image000007.jpg,17,18,PRIORITY_ROAD,410,456,427,474
1277106956Image000007.jpg,23,23,70_SIGN,46,459,69,482
1277106956Image000007.jpg,20,21,70_SIGN,408,433,428,454
1277106956Image000007.jpg,17,18,PRIORITY_ROAD,410,456,427,474
1277106956Image000007.jpg,23,23,70_SIGN,46,459,69,482
1277106956Image000012.jpg,25,24,70_SIGN,410,415,435,439
1277106956Image000012.jpg,21,19,PRIORITY_ROAD,412,440,433,459
1277106956Image000012.jpg,25,24,70_SIGN,2,442,27,466
1277106956Image000012.jpg,25,24,70_SIGN,410,415,435,439
1277106956Image000012.jpg,21,19,PRIORITY_ROAD,412,440,433,459
1277106956Image000012.jpg,25,24,70_SIGN,2,442,27,466
1277106956Image000012.jpg,25,24,70_SIGN,410,415,435,439
1277106956Image000012.jpg,21,19,PRIORITY_ROAD,412,440,433,459
1277106956Image000012.jpg,25,24,70_SIGN,2,442,27,466
1277106956Image000012.jpg,25,24,70_SIGN,410,415,435,439
1277106956Image000012.jpg,21,19,PRIORITY_ROAD,412,440,433,459
1277106956Image000012.jpg,25,24,70_SIGN,2,442,27,466
1277106956Image000017.jpg,28,27,70_SIGN,430,412,458,439
1277106956Image000017.jpg,24,24,PRIORITY_ROAD,433,441,457,465
1277106956Image000017.jpg,28,27,70_SIGN,430,412,458,439
1277106956Image000017.jpg,24,24,PRIORITY_ROAD,433,441,457,465
1277106956Image000017.jpg,28,27,70_SIGN,430,412,458,439
1277106956Image000017.jpg,24,24,PRIORITY_ROAD,433,441,457,465
1277106956Image000022.jpg,32,34,70_SIGN,460,409,492,443
1277106956Image000022.jpg,26,26,PRIORITY_ROAD,462,444,488,470
1277106956Image000022.jpg,32,34,70_SIGN,460,409,492,443
1277106956Image000022.jpg,26,26,PRIORITY_ROAD,462,444,488,470
1277106956Image000022.jpg,32,34,70_SIGN,460,409,492,443
1277106956Image000022.jpg,26,26,PRIORITY_ROAD,462,444,488,470
1277106956Image000027.jpg,39,41,70_SIGN,497,393,536,434
1277106956Image000027.jpg,35,34,70_SIGN,499,435,534,469
1277106956Image000027.jpg,39,41,70_SIGN,497,393,536,434
1277106956Image000027.jpg,35,34,70_SIGN,499,435,534,469
1277106956Image000027.jpg,39,41,70_SIGN,497,393,536,434
1277106956Image000027.jpg,35,34,70_SIGN,499,435,534,469
1277106956Image000032.jpg,69,78,70_SIGN,680,332,749,410
1277106956Image000032.jpg,55,59,PRIORITY_ROAD,685,410,740,469
1277106956Image000032.jpg,12,12,OTHER,271,451,283,463
1277106956Image000032.jpg,69,78,70_SIGN,680,332,749,410
1277106956Image000032.jpg,55,59,PRIORITY_ROAD,685,410,740,469
1277106956Image000032.jpg,12,12,OTHER,271,451,283,463
1277106956Image000032.jpg,69,78,70_SIGN,680,332,749,410
1277106956Image000032.jpg,55,59,PRIORITY_ROAD,685,410,740,469
1277106956Image000032.jpg,12,12,OTHER,271,451,283,463
1277106956Image000037.jpg,14,14,OTHER,274,453,288,467
1277106963Image000003.jpg,31,30,OTHER,344,409,375,439
1277106963Image000008.jpg,36,33,OTHER,367,398,403,431
1277106963Image000013.jpg,46,41,OTHER,407,389,453,430
1277106963Image000023.jpg,99,96,OTHER,675,285,774,381
1277106963Image000028.jpg,172,174,OTHER,1042,143,1214,317
1277106991Image000001.jpg,20,20,80_SIGN,336,441,356,461
1277106991Image000001.jpg,11,18,80_SIGN,2,447,13,465
1277106991Image000001.jpg,20,20,80_SIGN,336,441,356,461
1277106991Image000001.jpg,11,18,80_SIGN,2,447,13,465
1277106991Image000006.jpg,22,22,80_SIGN,366,435,388,457
1277106991Image000011.jpg,30,30,80_SIGN,427,410,457,440
1277106991Image000016.jpg,37,37,80_SIGN,467,408,504,445
1277106991Image000021.jpg,70,72,80_SIGN,678,331,748,403
1277107043Image000003.jpg,13,12,OTHER,309,388,322,400
1277107043Image000003.jpg,15,11,70_SIGN,309,399,324,410
1277107043Image000003.jpg,15,13,OTHER,141,398,156,411
1277107043Image000003.jpg,13,11,70_SIGN,141,410,154,421
1277107043Image000003.jpg,13,12,OTHER,309,388,322,400
1277107043Image000003.jpg,15,11,70_SIGN,309,399,324,410
1277107043Image000003.jpg,15,13,OTHER,141,398,156,411
1277107043Image000003.jpg,13,11,70_SIGN,141,410,154,421
1277107043Image000003.jpg,13,12,OTHER,309,388,322,400
1277107043Image000003.jpg,15,11,70_SIGN,309,399,324,410
1277107043Image000003.jpg,15,13,OTHER,141,398,156,411
1277107043Image000003.jpg,13,11,70_SIGN,141,410,154,421
1277107043Image000003.jpg,13,12,OTHER,309,388,322,400
1277107043Image000003.jpg,15,11,70_SIGN,309,399,324,410
1277107043Image000003.jpg,15,13,OTHER,141,398,156,411
1277107043Image000003.jpg,13,11,70_SIGN,141,410,154,421
1277107043Image000008.jpg,15,15,OTHER,305,389,320,404
1277107043Image000008.jpg,13,12,OTHER,307,405,320,417
1277107043Image000008.jpg,15,14,OTHER,118,402,133,416
1277107043Image000008.jpg,16,12,70_SIGN,118,416,134,428
1277107043Image000008.jpg,15,15,OTHER,305,389,320,404
1277107043Image000008.jpg,13,12,OTHER,307,405,320,417
1277107043Image000008.jpg,15,14,OTHER,118,402,133,416
1277107043Image000008.jpg,16,12,70_SIGN,118,416,134,428
1277107043Image000008.jpg,15,15,OTHER,305,389,320,404
1277107043Image000008.jpg,13,12,OTHER,307,405,320,417
1277107043Image000008.jpg,15,14,OTHER,118,402,133,416
1277107043Image000008.jpg,16,12,70_SIGN,118,416,134,428
1277107043Image000008.jpg,15,15,OTHER,305,389,320,404
1277107043Image000008.jpg,13,12,OTHER,307,405,320,417
1277107043Image000008.jpg,15,14,OTHER,118,402,133,416
1277107043Image000008.jpg,16,12,70_SIGN,118,416,134,428
1277107043Image000013.jpg,19,16,OTHER,306,385,325,401
1277107043Image000013.jpg,15,14,70_SIGN,308,400,323,414
1277107043Image000013.jpg,19,16,OTHER,97,396,116,412
1277107043Image000013.jpg,16,13,70_SIGN,100,411,116,424
1277107043Image000013.jpg,19,16,OTHER,306,385,325,401
1277107043Image000013.jpg,15,14,70_SIGN,308,400,323,414
1277107043Image000013.jpg,19,16,OTHER,97,396,116,412
1277107043Image000013.jpg,16,13,70_SIGN,100,411,116,424
1277107043Image000013.jpg,19,16,OTHER,306,385,325,401
1277107043Image000013.jpg,15,14,70_SIGN,308,400,323,414
1277107043Image000013.jpg,19,16,OTHER,97,396,116,412
1277107043Image000013.jpg,16,13,70_SIGN,100,411,116,424
1277107043Image000013.jpg,19,16,OTHER,306,385,325,401
1277107043Image000013.jpg,15,14,70_SIGN,308,400,323,414
1277107043Image000013.jpg,19,16,OTHER,97,396,116,412
1277107043Image000013.jpg,16,13,70_SIGN,100,411,116,424
1277107043Image000018.jpg,18,17,OTHER,312,382,330,399
1277107043Image000018.jpg,16,15,70_SIGN,313,399,329,414
1277107043Image000018.jpg,17,17,OTHER,78,393,95,410
1277107043Image000018.jpg,17,15,70_SIGN,79,410,96,425
1277107043Image000018.jpg,18,17,OTHER,312,382,330,399
1277107043Image000018.jpg,16,15,70_SIGN,313,399,329,414
1277107043Image000018.jpg,17,17,OTHER,78,393,95,410
1277107043Image000018.jpg,17,15,70_SIGN,79,410,96,425
1277107043Image000018.jpg,18,17,OTHER,312,382,330,399
1277107043Image000018.jpg,16,15,70_SIGN,313,399,329,414
1277107043Image000018.jpg,17,17,OTHER,78,393,95,410
1277107043Image000018.jpg,17,15,70_SIGN,79,410,96,425
1277107043Image000018.jpg,18,17,OTHER,312,382,330,399
1277107043Image000018.jpg,16,15,70_SIGN,313,399,329,414
1277107043Image000018.jpg,17,17,OTHER,78,393,95,410
1277107043Image000018.jpg,17,15,70_SIGN,79,410,96,425
1277107043Image000023.jpg,20,20,OTHER,314,382,334,402
1277107043Image000023.jpg,17,18,70_SIGN,316,401,333,419
1277107043Image000023.jpg,20,18,OTHER,38,390,58,408
1277107043Image000023.jpg,20,18,70_SIGN,38,409,58,427
1277107043Image000023.jpg,20,20,OTHER,314,382,334,402
1277107043Image000023.jpg,17,18,70_SIGN,316,401,333,419
1277107043Image000023.jpg,20,18,OTHER,38,390,58,408
1277107043Image000023.jpg,20,18,70_SIGN,38,409,58,427
1277107043Image000023.jpg,20,20,OTHER,314,382,334,402
1277107043Image000023.jpg,17,18,70_SIGN,316,401,333,419
1277107043Image000023.jpg,20,18,OTHER,38,390,58,408
1277107043Image000023.jpg,20,18,70_SIGN,38,409,58,427
1277107043Image000023.jpg,20,20,OTHER,314,382,334,402
1277107043Image000023.jpg,17,18,70_SIGN,316,401,333,419
1277107043Image000023.jpg,20,18,OTHER,38,390,58,408
1277107043Image000023.jpg,20,18,70_SIGN,38,409,58,427
1277107043Image000028.jpg,25,26,OTHER,345,373,370,399
1277107043Image000028.jpg,23,23,70_SIGN,346,401,369,424
1277107043Image000028.jpg,25,26,OTHER,345,373,370,399
1277107043Image000028.jpg,23,23,70_SIGN,346,401,369,424
1277107043Image000033.jpg,32,32,OTHER,384,365,416,397
1277107043Image000033.jpg,28,28,70_SIGN,386,398,414,426
1277107043Image000033.jpg,32,32,OTHER,384,365,416,397
1277107043Image000033.jpg,28,28,70_SIGN,386,398,414,426
1277107043Image000038.jpg,37,39,OTHER,433,353,470,392
1277107043Image000038.jpg,36,38,70_SIGN,433,394,469,432
1277107043Image000038.jpg,37,39,OTHER,433,353,470,392
1277107043Image000038.jpg,36,38,70_SIGN,433,394,469,432
1277107043Image000043.jpg,84,86,OTHER,719,229,803,315
1277107043Image000043.jpg,75,83,70_SIGN,723,325,798,408
1277107043Image000043.jpg,84,86,OTHER,719,229,803,315
1277107043Image000043.jpg,75,83,70_SIGN,723,325,798,408
1277107062Image000001.jpg,19,18,OTHER,241,438,260,456
1277107062Image000001.jpg,15,14,PRIORITY_ROAD,245,455,260,469
1277107062Image000001.jpg,19,18,OTHER,241,438,260,456
1277107062Image000001.jpg,15,14,PRIORITY_ROAD,245,455,260,469
1277107062Image000006.jpg,20,19,OTHER,256,437,276,456
1277107062Image000006.jpg,18,16,PRIORITY_ROAD,257,456,275,472
1277107062Image000006.jpg,20,19,OTHER,256,437,276,456
1277107062Image000006.jpg,18,16,PRIORITY_ROAD,257,456,275,472
1277107062Image000011.jpg,22,22,OTHER,269,430,291,452
1277107062Image000011.jpg,18,17,PRIORITY_ROAD,273,453,291,470
1277107062Image000011.jpg,22,22,OTHER,269,430,291,452
1277107062Image000011.jpg,18,17,PRIORITY_ROAD,273,453,291,470
1277107062Image000016.jpg,24,23,OTHER,283,426,307,449
1277107062Image000016.jpg,20,18,PRIORITY_ROAD,285,450,305,468
1277107062Image000016.jpg,24,23,OTHER,283,426,307,449
1277107062Image000016.jpg,20,18,PRIORITY_ROAD,285,450,305,468
1277107062Image000021.jpg,25,24,OTHER,302,416,327,440
1277107062Image000021.jpg,20,18,PRIORITY_ROAD,307,442,327,460
1277107062Image000021.jpg,25,24,OTHER,302,416,327,440
1277107062Image000021.jpg,20,18,PRIORITY_ROAD,307,442,327,460
1277107062Image000026.jpg,29,31,OTHER,351,406,380,437
1277107062Image000026.jpg,27,24,PRIORITY_ROAD,354,439,381,463
1277107062Image000026.jpg,29,31,OTHER,351,406,380,437
1277107062Image000026.jpg,27,24,PRIORITY_ROAD,354,439,381,463
1277107062Image000031.jpg,36,33,OTHER,393,396,429,429
1277107062Image000031.jpg,31,28,PRIORITY_ROAD,397,432,428,460
1277107062Image000031.jpg,36,33,OTHER,393,396,429,429
1277107062Image000031.jpg,31,28,PRIORITY_ROAD,397,432,428,460
1277107062Image000036.jpg,42,43,OTHER,416,374,458,417
1277107062Image000036.jpg,34,37,PRIORITY_ROAD,420,419,454,456
1277107062Image000036.jpg,42,43,OTHER,416,374,458,417
1277107062Image000036.jpg,34,37,PRIORITY_ROAD,420,419,454,456
1277107062Image000041.jpg,45,45,PRIORITY_ROAD,468,399,513,444
1277107062Image000046.jpg,70,72,OTHER,543,304,613,376
1277107062Image000046.jpg,59,56,PRIORITY_ROAD,552,380,611,436
1277107062Image000046.jpg,70,72,OTHER,543,304,613,376
1277107062Image000046.jpg,59,56,PRIORITY_ROAD,552,380,611,436
1277107062Image000051.jpg,133,143,OTHER,904,123,1037,266
1277107062Image000051.jpg,116,121,PRIORITY_ROAD,920,273,1036,394
1277107062Image000051.jpg,133,143,OTHER,904,123,1037,266
1277107062Image000051.jpg,116,121,PRIORITY_ROAD,920,273,1036,394
1277107089Image000001.jpg,23,22,OTHER,415,422,438,444
1277107089Image000001.jpg,18,16,PRIORITY_ROAD,419,445,437,461
1277107089Image000001.jpg,23,22,OTHER,415,422,438,444
1277107089Image000001.jpg,18,16,PRIORITY_ROAD,419,445,437,461
1277107089Image000001.jpg,23,22,OTHER,415,422,438,444
1277107089Image000001.jpg,18,16,PRIORITY_ROAD,419,445,437,461
1277107089Image000006.jpg,24,24,OTHER,417,417,441,441
1277107089Image000006.jpg,21,19,PRIORITY_ROAD,421,444,442,463
1277107089Image000006.jpg,24,24,OTHER,417,417,441,441
1277107089Image000006.jpg,21,19,PRIORITY_ROAD,421,444,442,463
1277107089Image000011.jpg,30,27,OTHER,443,401,473,428
1277107089Image000011.jpg,25,21,PRIORITY_ROAD,449,437,474,458
1277107089Image000011.jpg,30,27,OTHER,443,401,473,428
1277107089Image000011.jpg,25,21,PRIORITY_ROAD,449,437,474,458
1277107089Image000011.jpg,30,27,OTHER,443,401,473,428
1277107089Image000011.jpg,25,21,PRIORITY_ROAD,449,437,474,458
1277107089Image000016.jpg,39,38,OTHER,472,378,511,416
1277107089Image000016.jpg,30,29,PRIORITY_ROAD,480,421,510,450
1277107089Image000016.jpg,39,38,OTHER,472,378,511,416
1277107089Image000016.jpg,30,29,PRIORITY_ROAD,480,421,510,450
1277107089Image000021.jpg,57,54,OTHER,558,317,615,371
1277107089Image000021.jpg,49,45,PRIORITY_ROAD,565,380,614,425
1277107089Image000021.jpg,57,54,OTHER,558,317,615,371
1277107089Image000021.jpg,49,45,PRIORITY_ROAD,565,380,614,425
1277107089Image000026.jpg,90,89,OTHER,735,214,825,303
1277107089Image000026.jpg,77,77,PRIORITY_ROAD,749,313,826,390
1277107089Image000026.jpg,90,89,OTHER,735,214,825,303
1277107089Image000026.jpg,77,77,PRIORITY_ROAD,749,313,826,390
1277107089Image000026.jpg,90,89,OTHER,735,214,825,303
1277107089Image000026.jpg,77,77,PRIORITY_ROAD,749,313,826,390
1277107089Image000036.jpg,14,12,OTHER,409,412,423,424
1277107089Image000036.jpg,11,13,80_SIGN,411,423,422,436
1277107089Image000036.jpg,11,13,OTHER,208,421,219,434
1277107089Image000036.jpg,11,10,80_SIGN,208,434,219,444
1277107089Image000036.jpg,14,12,OTHER,409,412,423,424
1277107089Image000036.jpg,11,13,80_SIGN,411,423,422,436
1277107089Image000036.jpg,11,13,OTHER,208,421,219,434
1277107089Image000036.jpg,11,10,80_SIGN,208,434,219,444
1277107089Image000036.jpg,14,12,OTHER,409,412,423,424
1277107089Image000036.jpg,11,13,80_SIGN,411,423,422,436
1277107089Image000036.jpg,11,13,OTHER,208,421,219,434
1277107089Image000036.jpg,11,10,80_SIGN,208,434,219,444
1277107089Image000036.jpg,14,12,OTHER,409,412,423,424
1277107089Image000036.jpg,11,13,80_SIGN,411,423,422,436
1277107089Image000036.jpg,11,13,OTHER,208,421,219,434
1277107089Image000036.jpg,11,10,80_SIGN,208,434,219,444
1277107089Image000041.jpg,15,14,OTHER,389,390,404,404
1277107089Image000041.jpg,14,11,80_SIGN,389,404,403,415
1277107089Image000041.jpg,15,15,OTHER,166,407,181,422
1277107089Image000041.jpg,12,11,80_SIGN,167,421,179,432
1277107089Image000041.jpg,15,14,OTHER,389,390,404,404
1277107089Image000041.jpg,14,11,80_SIGN,389,404,403,415
1277107089Image000041.jpg,15,15,OTHER,166,407,181,422
1277107089Image000041.jpg,12,11,80_SIGN,167,421,179,432
1277107089Image000041.jpg,15,14,OTHER,389,390,404,404
1277107089Image000041.jpg,14,11,80_SIGN,389,404,403,415
1277107089Image000041.jpg,15,15,OTHER,166,407,181,422
1277107089Image000041.jpg,12,11,80_SIGN,167,421,179,432
1277107089Image000041.jpg,15,14,OTHER,389,390,404,404
1277107089Image000041.jpg,14,11,80_SIGN,389,404,403,415
1277107089Image000041.jpg,15,15,OTHER,166,407,181,422
1277107089Image000041.jpg,12,11,80_SIGN,167,421,179,432
1277107089Image000046.jpg,17,16,OTHER,380,385,397,401
1277107089Image000046.jpg,13,12,80_SIGN,382,400,395,412
1277107089Image000046.jpg,16,17,OTHER,130,406,146,423
1277107089Image000046.jpg,14,12,80_SIGN,132,423,146,435
1277107089Image000046.jpg,17,16,OTHER,380,385,397,401
1277107089Image000046.jpg,13,12,80_SIGN,382,400,395,412
1277107089Image000046.jpg,16,17,OTHER,130,406,146,423
1277107089Image000046.jpg,14,12,80_SIGN,132,423,146,435
1277107089Image000046.jpg,17,16,OTHER,380,385,397,401
1277107089Image000046.jpg,13,12,80_SIGN,382,400,395,412
1277107089Image000046.jpg,16,17,OTHER,130,406,146,423
1277107089Image000046.jpg,14,12,80_SIGN,132,423,146,435
1277107089Image000046.jpg,17,16,OTHER,380,385,397,401
1277107089Image000046.jpg,13,12,80_SIGN,382,400,395,412
1277107089Image000046.jpg,16,17,OTHER,130,406,146,423
1277107089Image000046.jpg,14,12,80_SIGN,132,423,146,435
1277107089Image000051.jpg,19,19,OTHER,365,401,384,420
1277107089Image000051.jpg,16,15,80_SIGN,368,420,384,435
1277107089Image000051.jpg,18,18,OTHER,56,418,74,436
1277107089Image000051.jpg,18,16,80_SIGN,58,438,76,454
1277107089Image000051.jpg,19,19,OTHER,365,401,384,420
1277107089Image000051.jpg,16,15,80_SIGN,368,420,384,435
1277107089Image000051.jpg,18,18,OTHER,56,418,74,436
1277107089Image000051.jpg,18,16,80_SIGN,58,438,76,454
1277107089Image000051.jpg,19,19,OTHER,365,401,384,420
1277107089Image000051.jpg,16,15,80_SIGN,368,420,384,435
1277107089Image000051.jpg,18,18,OTHER,56,418,74,436
1277107089Image000051.jpg,18,16,80_SIGN,58,438,76,454
1277107089Image000051.jpg,19,19,OTHER,365,401,384,420
1277107089Image000051.jpg,16,15,80_SIGN,368,420,384,435
1277107089Image000051.jpg,18,18,OTHER,56,418,74,436
1277107089Image000051.jpg,18,16,80_SIGN,58,438,76,454
1277107089Image000061.jpg,27,25,OTHER,367,388,394,413
1277107089Image000061.jpg,24,24,80_SIGN,371,413,395,437
1277107089Image000061.jpg,27,25,OTHER,367,388,394,413
1277107089Image000061.jpg,24,24,80_SIGN,371,413,395,437
1277107089Image000071.jpg,44,45,OTHER,490,333,534,378
1277107089Image000071.jpg,39,40,80_SIGN,494,379,533,419
1277107089Image000071.jpg,44,45,OTHER,490,333,534,378
1277107089Image000071.jpg,39,40,80_SIGN,494,379,533,419
1277107089Image000076.jpg,73,77,OTHER,765,249,838,326
1277107089Image000076.jpg,66,72,80_SIGN,774,326,840,398
1277107089Image000076.jpg,73,77,OTHER,765,249,838,326
1277107089Image000076.jpg,66,72,80_SIGN,774,326,840,398
1277107205Image000002.jpg,21,19,80_SIGN,319,444,340,463
1277107205Image000007.jpg,20,20,80_SIGN,334,450,354,470
1277107205Image000017.jpg,31,33,80_SIGN,397,419,428,452
1277107205Image000027.jpg,85,85,80_SIGN,745,288,830,373
1277107274Image000003.jpg,30,28,50_SIGN,398,414,428,442
1277107274Image000003.jpg,30,28,50_SIGN,398,414,428,442
1277107274Image000008.jpg,40,37,50_SIGN,444,380,484,417
1277107274Image000008.jpg,40,37,50_SIGN,444,380,484,417
1277107274Image000013.jpg,66,66,50_SIGN,579,314,645,380
1277107274Image000013.jpg,66,66,50_SIGN,579,314,645,380
1277107280Image000001.jpg,10,12,50_SIGN,494,430,504,442
1277107280Image000001.jpg,12,12,50_SIGN,312,441,324,453
1277107280Image000001.jpg,10,12,50_SIGN,494,430,504,442
1277107280Image000001.jpg,12,12,50_SIGN,312,441,324,453
1277107280Image000001.jpg,10,12,50_SIGN,494,430,504,442
1277107280Image000001.jpg,12,12,50_SIGN,312,441,324,453
1277107280Image000006.jpg,12,12,50_SIGN,475,432,487,444
1277107280Image000006.jpg,12,13,50_SIGN,279,441,291,454
1277107280Image000006.jpg,12,12,50_SIGN,475,432,487,444
1277107280Image000006.jpg,12,13,50_SIGN,279,441,291,454
1277107280Image000006.jpg,12,12,50_SIGN,475,432,487,444
1277107280Image000006.jpg,12,13,50_SIGN,279,441,291,454
1277107280Image000011.jpg,14,13,50_SIGN,453,429,467,442
1277107280Image000011.jpg,10,13,50_SIGN,234,439,244,452
1277107280Image000011.jpg,14,13,50_SIGN,453,429,467,442
1277107280Image000011.jpg,10,13,50_SIGN,234,439,244,452
1277107280Image000011.jpg,14,13,50_SIGN,453,429,467,442
1277107280Image000011.jpg,10,13,50_SIGN,234,439,244,452
1277107280Image000016.jpg,17,14,50_SIGN,440,429,457,443
1277107280Image000016.jpg,16,17,50_SIGN,197,440,213,457
1277107280Image000016.jpg,17,14,50_SIGN,440,429,457,443
1277107280Image000016.jpg,16,17,50_SIGN,197,440,213,457
1277107280Image000016.jpg,17,14,50_SIGN,440,429,457,443
1277107280Image000016.jpg,16,17,50_SIGN,197,440,213,457
1277107280Image000021.jpg,14,16,50_SIGN,425,432,439,448
1277107280Image000021.jpg,15,17,50_SIGN,150,440,165,457
1277107280Image000021.jpg,14,16,50_SIGN,425,432,439,448
1277107280Image000021.jpg,15,17,50_SIGN,150,440,165,457
1277107280Image000021.jpg,14,16,50_SIGN,425,432,439,448
1277107280Image000021.jpg,15,17,50_SIGN,150,440,165,457
1277107280Image000026.jpg,19,19,50_SIGN,414,419,433,438
1277107280Image000026.jpg,20,18,50_SIGN,97,428,117,446
1277107280Image000026.jpg,19,19,50_SIGN,414,419,433,438
1277107280Image000026.jpg,20,18,50_SIGN,97,428,117,446
1277107280Image000026.jpg,19,19,50_SIGN,414,419,433,438
1277107280Image000026.jpg,20,18,50_SIGN,97,428,117,446
1277107280Image000041.jpg,27,26,50_SIGN,427,407,454,433
1277107280Image000041.jpg,27,26,50_SIGN,427,407,454,433
1277107280Image000046.jpg,63,60,50_SIGN,619,331,682,391
1277107280Image000046.jpg,12,11,50_SIGN,278,443,290,454
1277107280Image000046.jpg,10,9,PRIORITY_ROAD,279,453,289,462
1277107280Image000046.jpg,63,60,50_SIGN,619,331,682,391
1277107280Image000046.jpg,12,11,50_SIGN,278,443,290,454
1277107280Image000046.jpg,10,9,PRIORITY_ROAD,279,453,289,462
1277107280Image000046.jpg,63,60,50_SIGN,619,331,682,391
1277107280Image000046.jpg,12,11,50_SIGN,278,443,290,454
1277107280Image000046.jpg,10,9,PRIORITY_ROAD,279,453,289,462
1277107280Image000046.jpg,63,60,50_SIGN,619,331,682,391
1277107280Image000046.jpg,12,11,50_SIGN,278,443,290,454
1277107280Image000046.jpg,10,9,PRIORITY_ROAD,279,453,289,462
1277107280Image000051.jpg,84,92,50_SIGN,874,250,958,342
1277107280Image000051.jpg,12,10,50_SIGN,282,446,294,456
1277107280Image000051.jpg,11,9,PRIORITY_ROAD,282,457,293,466
1277107280Image000051.jpg,84,92,50_SIGN,874,250,958,342
1277107280Image000051.jpg,12,10,50_SIGN,282,446,294,456
1277107280Image000051.jpg,11,9,PRIORITY_ROAD,282,457,293,466
1277107280Image000051.jpg,84,92,50_SIGN,874,250,958,342
1277107280Image000051.jpg,12,10,50_SIGN,282,446,294,456
1277107280Image000051.jpg,11,9,PRIORITY_ROAD,282,457,293,466
1277107280Image000051.jpg,84,92,50_SIGN,874,250,958,342
1277107280Image000051.jpg,12,10,50_SIGN,282,446,294,456
1277107280Image000051.jpg,11,9,PRIORITY_ROAD,282,457,293,466
1277107280Image000056.jpg,11,12,50_SIGN,288,439,299,451
1277107280Image000056.jpg,11,11,PRIORITY_ROAD,290,451,301,462
1277107280Image000056.jpg,11,12,50_SIGN,288,439,299,451
1277107280Image000056.jpg,11,11,PRIORITY_ROAD,290,451,301,462
1277107280Image000056.jpg,11,12,50_SIGN,288,439,299,451
1277107280Image000056.jpg,11,11,PRIORITY_ROAD,290,451,301,462
1277107280Image000061.jpg,13,14,50_SIGN,312,431,325,445
1277107280Image000061.jpg,14,13,PRIORITY_ROAD,314,445,328,458
1277107280Image000061.jpg,13,14,50_SIGN,312,431,325,445
1277107280Image000061.jpg,14,13,PRIORITY_ROAD,314,445,328,458
1277107280Image000061.jpg,13,14,50_SIGN,312,431,325,445
1277107280Image000061.jpg,14,13,PRIORITY_ROAD,314,445,328,458
1277107280Image000066.jpg,18,14,50_SIGN,322,423,340,437
1277107280Image000066.jpg,14,13,PRIORITY_ROAD,327,438,341,451
1277107280Image000066.jpg,18,14,50_SIGN,322,423,340,437
1277107280Image000066.jpg,14,13,PRIORITY_ROAD,327,438,341,451
1277107280Image000066.jpg,18,14,50_SIGN,322,423,340,437
1277107280Image000066.jpg,14,13,PRIORITY_ROAD,327,438,341,451
1277107280Image000071.jpg,18,18,50_SIGN,340,421,358,439
1277107280Image000071.jpg,15,15,PRIORITY_ROAD,343,440,358,455
1277107280Image000071.jpg,18,18,50_SIGN,340,421,358,439
1277107280Image000071.jpg,15,15,PRIORITY_ROAD,343,440,358,455
1277107280Image000071.jpg,18,18,50_SIGN,340,421,358,439
1277107280Image000071.jpg,15,15,PRIORITY_ROAD,343,440,358,455
1277107280Image000076.jpg,26,25,50_SIGN,380,399,406,424
1277107280Image000076.jpg,20,22,PRIORITY_ROAD,384,425,404,447
1277107280Image000076.jpg,26,25,50_SIGN,380,399,406,424
1277107280Image000076.jpg,20,22,PRIORITY_ROAD,384,425,404,447
1277107280Image000076.jpg,26,25,50_SIGN,380,399,406,424
1277107280Image000076.jpg,20,22,PRIORITY_ROAD,384,425,404,447
1277107280Image000081.jpg,29,28,50_SIGN,398,397,427,425
1277107280Image000081.jpg,27,27,PRIORITY_ROAD,399,427,426,454
1277107280Image000081.jpg,29,28,50_SIGN,398,397,427,425
1277107280Image000081.jpg,27,27,PRIORITY_ROAD,399,427,426,454
1277107280Image000081.jpg,29,28,50_SIGN,398,397,427,425
1277107280Image000081.jpg,27,27,PRIORITY_ROAD,399,427,426,454
1277107280Image000086.jpg,38,37,50_SIGN,431,391,469,428
1277107280Image000086.jpg,33,30,PRIORITY_ROAD,434,431,467,461
1277107280Image000086.jpg,38,37,50_SIGN,431,391,469,428
1277107280Image000086.jpg,33,30,PRIORITY_ROAD,434,431,467,461
1277107280Image000091.jpg,82,82,50_SIGN,724,251,806,333
1277107280Image000091.jpg,75,73,PRIORITY_ROAD,719,344,794,417
1277107280Image000091.jpg,82,82,50_SIGN,724,251,806,333
1277107280Image000091.jpg,75,73,PRIORITY_ROAD,719,344,794,417
1277107309Image000006.jpg,21,22,70_SIGN,32,420,53,442
1277107309Image000006.jpg,21,22,70_SIGN,32,420,53,442
1277107309Image000011.jpg,24,24,70_SIGN,101,421,125,445
1277107309Image000011.jpg,24,24,70_SIGN,101,421,125,445
1277107309Image000016.jpg,26,28,70_SIGN,182,414,208,442
1277107309Image000016.jpg,26,28,70_SIGN,182,414,208,442
1277107309Image000021.jpg,37,38,70_SIGN,393,388,430,426
1277107309Image000026.jpg,46,49,70_SIGN,611,366,657,415
1277107309Image000031.jpg,65,69,70_SIGN,868,335,933,404
1277107367Image000004.jpg,16,17,PRIORITY_ROAD,270,427,286,444
1277107367Image000004.jpg,16,17,PRIORITY_ROAD,270,427,286,444
1277107367Image000009.jpg,17,20,PRIORITY_ROAD,272,426,289,446
1277107367Image000009.jpg,17,20,PRIORITY_ROAD,272,426,289,446
1277107367Image000014.jpg,20,20,PRIORITY_ROAD,284,421,304,441
1277107367Image000014.jpg,20,20,PRIORITY_ROAD,284,421,304,441
1277107367Image000019.jpg,22,22,PRIORITY_ROAD,308,417,330,439
1277107367Image000019.jpg,22,22,PRIORITY_ROAD,308,417,330,439
1277107367Image000024.jpg,27,28,PRIORITY_ROAD,379,409,406,437
1277107367Image000024.jpg,27,28,PRIORITY_ROAD,379,409,406,437
1277107367Image000029.jpg,32,34,PRIORITY_ROAD,459,400,491,434
1277107367Image000029.jpg,32,34,PRIORITY_ROAD,459,400,491,434
1277107367Image000034.jpg,51,50,PRIORITY_ROAD,576,377,627,427
1277107367Image000034.jpg,51,50,PRIORITY_ROAD,576,377,627,427
1277107367Image000039.jpg,42,96,PRIORITY_ROAD,1234,287,1276,383
1277107524Image000003.jpg,15,16,PRIORITY_ROAD,638,444,653,460
1277107524Image000003.jpg,15,16,PRIORITY_ROAD,638,444,653,460
1277107524Image000008.jpg,21,19,PRIORITY_ROAD,620,427,641,446
1277107524Image000008.jpg,21,19,PRIORITY_ROAD,620,427,641,446
1277107524Image000013.jpg,22,20,PRIORITY_ROAD,622,419,644,439
1277107524Image000013.jpg,22,20,PRIORITY_ROAD,622,419,644,439
1277107524Image000018.jpg,24,23,PRIORITY_ROAD,617,412,641,435
1277107524Image000018.jpg,24,23,PRIORITY_ROAD,617,412,641,435
1277107524Image000023.jpg,36,35,PRIORITY_ROAD,612,383,648,418
1277107524Image000023.jpg,36,35,PRIORITY_ROAD,612,383,648,418
1277107524Image000033.jpg,107,108,PRIORITY_ROAD,936,235,1043,343
1277107524Image000033.jpg,107,108,PRIORITY_ROAD,936,235,1043,343
1277107542Image000001.jpg,30,27,OTHER,367,414,397,441
1277107542Image000006.jpg,35,32,OTHER,379,416,414,448
1277107542Image000011.jpg,43,43,OTHER,420,396,463,439
1277107542Image000016.jpg,72,66,OTHER,548,342,620,408
1277107542Image000021.jpg,132,112,OTHER,788,257,920,369
1277107641Image000002.jpg,18,16,GIVE_WAY,311,446,329,462
1277107641Image000002.jpg,18,16,GIVE_WAY,311,446,329,462
1277107641Image000007.jpg,18,25,GIVE_WAY,321,441,339,466
1277107641Image000007.jpg,18,25,GIVE_WAY,321,441,339,466
1277107641Image000012.jpg,20,20,GIVE_WAY,329,438,349,458
1277107641Image000012.jpg,20,20,GIVE_WAY,329,438,349,458
1277107641Image000017.jpg,26,25,GIVE_WAY,348,431,374,456
1277107641Image000017.jpg,26,25,GIVE_WAY,348,431,374,456
1277107641Image000022.jpg,40,35,GIVE_WAY,399,397,439,432
1277107641Image000022.jpg,40,35,GIVE_WAY,399,397,439,432
1277107641Image000027.jpg,71,68,GIVE_WAY,528,324,599,392
1277107641Image000027.jpg,8,9,PASS_RIGHT_SIDE,206,438,214,447
1277107641Image000027.jpg,9,11,STOP,322,437,331,448
1277107641Image000027.jpg,71,68,GIVE_WAY,528,324,599,392
1277107641Image000027.jpg,8,9,PASS_RIGHT_SIDE,206,438,214,447
1277107641Image000027.jpg,9,11,STOP,322,437,331,448
1277107641Image000027.jpg,71,68,GIVE_WAY,528,324,599,392
1277107641Image000027.jpg,8,9,PASS_RIGHT_SIDE,206,438,214,447
1277107641Image000027.jpg,9,11,STOP,322,437,331,448
1277107641Image000027.jpg,71,68,GIVE_WAY,528,324,599,392
1277107641Image000027.jpg,8,9,PASS_RIGHT_SIDE,206,438,214,447
1277107641Image000027.jpg,9,11,STOP,322,437,331,448
1277107646Image000001.jpg,11,11,PASS_RIGHT_SIDE,200,411,211,422
1277107646Image000001.jpg,17,15,STOP,362,410,379,425
1277107646Image000001.jpg,11,11,PASS_RIGHT_SIDE,200,411,211,422
1277107646Image000001.jpg,17,15,STOP,362,410,379,425
1277107646Image000001.jpg,11,11,PASS_RIGHT_SIDE,200,411,211,422
1277107646Image000001.jpg,17,15,STOP,362,410,379,425
1277107646Image000006.jpg,14,14,PASS_RIGHT_SIDE,193,423,207,437
1277107646Image000006.jpg,19,18,STOP,383,421,402,439
1277107646Image000006.jpg,14,14,PASS_RIGHT_SIDE,193,423,207,437
1277107646Image000006.jpg,19,18,STOP,383,421,402,439
1277107646Image000006.jpg,14,14,PASS_RIGHT_SIDE,193,423,207,437
1277107646Image000006.jpg,19,18,STOP,383,421,402,439
1277107646Image000011.jpg,17,18,PASS_RIGHT_SIDE,184,422,201,440
1277107646Image000011.jpg,22,21,STOP,417,422,439,443
1277107646Image000011.jpg,17,18,PASS_RIGHT_SIDE,184,422,201,440
1277107646Image000011.jpg,22,21,STOP,417,422,439,443
1277107646Image000016.jpg,21,21,PASS_RIGHT_SIDE,161,405,182,426
1277107646Image000016.jpg,27,28,STOP,452,404,479,432
1277107646Image000016.jpg,11,12,OTHER,126,407,137,419
1277107646Image000016.jpg,21,21,PASS_RIGHT_SIDE,161,405,182,426
1277107646Image000016.jpg,27,28,STOP,452,404,479,432
1277107646Image000016.jpg,11,12,OTHER,126,407,137,419
1277107646Image000016.jpg,21,21,PASS_RIGHT_SIDE,161,405,182,426
1277107646Image000016.jpg,27,28,STOP,452,404,479,432
1277107646Image000016.jpg,11,12,OTHER,126,407,137,419
1277107646Image000026.jpg,39,34,PASS_RIGHT_SIDE,91,385,130,419
1277107646Image000026.jpg,45,41,STOP,568,392,613,433
1277107646Image000026.jpg,12,15,OTHER,84,407,96,422
1277107646Image000026.jpg,39,34,PASS_RIGHT_SIDE,91,385,130,419
1277107646Image000026.jpg,45,41,STOP,568,392,613,433
1277107646Image000026.jpg,12,15,OTHER,84,407,96,422
1277107646Image000026.jpg,39,34,PASS_RIGHT_SIDE,91,385,130,419
1277107646Image000026.jpg,45,41,STOP,568,392,613,433
1277107646Image000026.jpg,12,15,OTHER,84,407,96,422
1277107646Image000031.jpg,71,73,STOP,731,349,802,422
1277107646Image000031.jpg,19,19,OTHER,8,403,27,422
1277107646Image000031.jpg,71,73,STOP,731,349,802,422
1277107646Image000031.jpg,19,19,OTHER,8,403,27,422
1277107646Image000036.jpg,92,97,STOP,887,309,979,406
1277107666Image000003.jpg,27,30,80_SIGN,360,409,387,439
1277107666Image000003.jpg,23,23,PRIORITY_ROAD,362,440,385,463
1277107666Image000003.jpg,27,30,80_SIGN,360,409,387,439
1277107666Image000003.jpg,23,23,PRIORITY_ROAD,362,440,385,463
1277107666Image000013.jpg,34,36,80_SIGN,449,397,483,433
1277107666Image000013.jpg,30,33,PRIORITY_ROAD,452,434,482,467
1277107666Image000013.jpg,34,36,80_SIGN,449,397,483,433
1277107666Image000013.jpg,30,33,PRIORITY_ROAD,452,434,482,467
1277107666Image000018.jpg,39,39,80_SIGN,502,386,541,425
1277107666Image000018.jpg,34,32,PRIORITY_ROAD,502,429,536,461
1277107666Image000018.jpg,39,39,80_SIGN,502,386,541,425
1277107666Image000018.jpg,34,32,PRIORITY_ROAD,502,429,536,461
1277107666Image000023.jpg,57,61,80_SIGN,725,330,782,391
1277107666Image000023.jpg,54,52,PRIORITY_ROAD,724,395,778,447
1277107666Image000023.jpg,57,61,80_SIGN,725,330,782,391
1277107666Image000023.jpg,54,52,PRIORITY_ROAD,724,395,778,447
1277107666Image000028.jpg,75,81,80_SIGN,936,271,1011,352
1277107666Image000028.jpg,69,69,PRIORITY_ROAD,934,358,1003,427
1277107666Image000028.jpg,75,81,80_SIGN,936,271,1011,352
1277107666Image000028.jpg,69,69,PRIORITY_ROAD,934,358,1003,427
1277107783Image000002.jpg,16,16,80_SIGN,319,420,335,436
1277107783Image000002.jpg,15,15,PRIORITY_ROAD,322,437,337,452
1277107783Image000002.jpg,16,16,80_SIGN,319,420,335,436
1277107783Image000002.jpg,15,15,PRIORITY_ROAD,322,437,337,452
1277107783Image000002.jpg,16,16,80_SIGN,319,420,335,436
1277107783Image000002.jpg,15,15,PRIORITY_ROAD,322,437,337,452
1277107783Image000007.jpg,18,19,80_SIGN,348,411,366,430
1277107783Image000007.jpg,17,17,PRIORITY_ROAD,349,431,366,448
1277107783Image000007.jpg,18,19,80_SIGN,348,411,366,430
1277107783Image000007.jpg,17,17,PRIORITY_ROAD,349,431,366,448
1277107783Image000007.jpg,18,19,80_SIGN,348,411,366,430
1277107783Image000007.jpg,17,17,PRIORITY_ROAD,349,431,366,448
1277107783Image000012.jpg,23,24,80_SIGN,394,409,417,433
1277107783Image000012.jpg,20,20,PRIORITY_ROAD,394,433,414,453
1277107783Image000012.jpg,23,24,80_SIGN,394,409,417,433
1277107783Image000012.jpg,20,20,PRIORITY_ROAD,394,433,414,453
1277107783Image000012.jpg,23,24,80_SIGN,394,409,417,433
1277107783Image000012.jpg,20,20,PRIORITY_ROAD,394,433,414,453
1277107783Image000017.jpg,28,28,80_SIGN,440,393,468,421
1277107783Image000017.jpg,24,25,PRIORITY_ROAD,443,422,467,447
1277107783Image000017.jpg,28,28,80_SIGN,440,393,468,421
1277107783Image000017.jpg,24,25,PRIORITY_ROAD,443,422,467,447
1277107783Image000017.jpg,28,28,80_SIGN,440,393,468,421
1277107783Image000017.jpg,24,25,PRIORITY_ROAD,443,422,467,447
1277107783Image000022.jpg,37,36,80_SIGN,512,372,549,408
1277107783Image000022.jpg,32,31,PRIORITY_ROAD,515,410,547,441
1277107783Image000022.jpg,37,36,80_SIGN,512,372,549,408
1277107783Image000022.jpg,32,31,PRIORITY_ROAD,515,410,547,441
1277107783Image000022.jpg,37,36,80_SIGN,512,372,549,408
1277107783Image000022.jpg,32,31,PRIORITY_ROAD,515,410,547,441
1277107783Image000027.jpg,57,59,80_SIGN,727,319,784,378
1277107783Image000027.jpg,51,51,PRIORITY_ROAD,729,383,780,434
1277107783Image000027.jpg,57,59,80_SIGN,727,319,784,378
1277107783Image000027.jpg,51,51,PRIORITY_ROAD,729,383,780,434
1277107783Image000027.jpg,57,59,80_SIGN,727,319,784,378
1277107783Image000027.jpg,51,51,PRIORITY_ROAD,729,383,780,434
1277107783Image000032.jpg,79,116,80_SIGN,1199,181,1278,297
1277107783Image000032.jpg,53,103,PRIORITY_ROAD,1224,301,1277,404
1277107783Image000032.jpg,79,116,80_SIGN,1199,181,1278,297
1277107783Image000032.jpg,53,103,PRIORITY_ROAD,1224,301,1277,404
1277107783Image000032.jpg,79,116,80_SIGN,1199,181,1278,297
1277107783Image000032.jpg,53,103,PRIORITY_ROAD,1224,301,1277,404
1277107828Image000024.jpg,73,69,50_SIGN,1190,276,1263,345
1277107828Image000024.jpg,54,56,PRIORITY_ROAD,1204,345,1258,401
1277107828Image000024.jpg,73,69,50_SIGN,1190,276,1263,345
1277107828Image000024.jpg,54,56,PRIORITY_ROAD,1204,345,1258,401
1277107828Image000029.jpg,80,80,50_SIGN,1173,252,1253,332
1277107828Image000029.jpg,70,70,PRIORITY_ROAD,1180,332,1250,402
1277107828Image000029.jpg,80,80,50_SIGN,1173,252,1253,332
1277107828Image000029.jpg,70,70,PRIORITY_ROAD,1180,332,1250,402
1277107839Image000003.jpg,22,23,PRIORITY_ROAD,433,436,455,459
1277107839Image000003.jpg,22,23,PRIORITY_ROAD,433,436,455,459
1277107839Image000008.jpg,25,25,PRIORITY_ROAD,477,436,502,461
1277107839Image000008.jpg,25,25,PRIORITY_ROAD,477,436,502,461
1277107839Image000013.jpg,27,27,PRIORITY_ROAD,533,428,560,455
1277107839Image000018.jpg,34,35,PRIORITY_ROAD,591,414,625,449
1277107839Image000023.jpg,46,47,PRIORITY_ROAD,690,389,736,436
1277107839Image000028.jpg,44,100,PRIORITY_ROAD,1235,267,1279,367
1277107860Image000009.jpg,31,31,PRIORITY_ROAD,644,392,675,423
1277107860Image000014.jpg,36,36,PRIORITY_ROAD,663,377,699,413
1277107860Image000019.jpg,49,47,PRIORITY_ROAD,724,355,773,402
1277107860Image000024.jpg,63,69,PRIORITY_ROAD,850,312,913,381
1277107893Image000003.jpg,29,29,GIVE_WAY,671,466,700,495
1277107893Image000003.jpg,24,24,PASS_RIGHT_SIDE,434,467,458,491
1277107893Image000003.jpg,21,22,PEDESTRIAN_CROSSING,435,445,456,467
1277107893Image000003.jpg,19,21,PEDESTRIAN_CROSSING,458,445,477,466
1277107893Image000003.jpg,9,15,PEDESTRIAN_CROSSING,134,448,143,463
1277107893Image000003.jpg,8,15,PASS_RIGHT_SIDE,135,466,143,481
1277107893Image000003.jpg,29,29,GIVE_WAY,671,466,700,495
1277107893Image000003.jpg,24,24,PASS_RIGHT_SIDE,434,467,458,491
1277107893Image000003.jpg,21,22,PEDESTRIAN_CROSSING,435,445,456,467
1277107893Image000003.jpg,19,21,PEDESTRIAN_CROSSING,458,445,477,466
1277107893Image000003.jpg,9,15,PEDESTRIAN_CROSSING,134,448,143,463
1277107893Image000003.jpg,8,15,PASS_RIGHT_SIDE,135,466,143,481
1277107893Image000003.jpg,29,29,GIVE_WAY,671,466,700,495
1277107893Image000003.jpg,24,24,PASS_RIGHT_SIDE,434,467,458,491
1277107893Image000003.jpg,21,22,PEDESTRIAN_CROSSING,435,445,456,467
1277107893Image000003.jpg,19,21,PEDESTRIAN_CROSSING,458,445,477,466
1277107893Image000003.jpg,9,15,PEDESTRIAN_CROSSING,134,448,143,463
1277107893Image000003.jpg,8,15,PASS_RIGHT_SIDE,135,466,143,481
1277107893Image000003.jpg,29,29,GIVE_WAY,671,466,700,495
1277107893Image000003.jpg,24,24,PASS_RIGHT_SIDE,434,467,458,491
1277107893Image000003.jpg,21,22,PEDESTRIAN_CROSSING,435,445,456,467
1277107893Image000003.jpg,19,21,PEDESTRIAN_CROSSING,458,445,477,466
1277107893Image000003.jpg,9,15,PEDESTRIAN_CROSSING,134,448,143,463
1277107893Image000003.jpg,8,15,PASS_RIGHT_SIDE,135,466,143,481
1277107893Image000003.jpg,29,29,GIVE_WAY,671,466,700,495
1277107893Image000003.jpg,24,24,PASS_RIGHT_SIDE,434,467,458,491
1277107893Image000003.jpg,21,22,PEDESTRIAN_CROSSING,435,445,456,467
1277107893Image000003.jpg,19,21,PEDESTRIAN_CROSSING,458,445,477,466
1277107893Image000003.jpg,9,15,PEDESTRIAN_CROSSING,134,448,143,463
1277107893Image000003.jpg,8,15,PASS_RIGHT_SIDE,135,466,143,481
1277107893Image000003.jpg,29,29,GIVE_WAY,671,466,700,495
1277107893Image000003.jpg,24,24,PASS_RIGHT_SIDE,434,467,458,491
1277107893Image000003.jpg,21,22,PEDESTRIAN_CROSSING,435,445,456,467
1277107893Image000003.jpg,19,21,PEDESTRIAN_CROSSING,458,445,477,466
1277107893Image000003.jpg,9,15,PEDESTRIAN_CROSSING,134,448,143,463
1277107893Image000003.jpg,8,15,PASS_RIGHT_SIDE,135,466,143,481
1277107893Image000003.jpg,29,29,GIVE_WAY,671,466,700,495
1277107893Image000003.jpg,24,24,PASS_RIGHT_SIDE,434,467,458,491
1277107893Image000003.jpg,21,22,PEDESTRIAN_CROSSING,435,445,456,467
1277107893Image000003.jpg,19,21,PEDESTRIAN_CROSSING,458,445,477,466
1277107893Image000003.jpg,9,15,PEDESTRIAN_CROSSING,134,448,143,463
1277107893Image000003.jpg,8,15,PASS_RIGHT_SIDE,135,466,143,481
1277107893Image000008.jpg,30,31,GIVE_WAY,676,457,706,488
1277107893Image000008.jpg,21,22,PEDESTRIAN_CROSSING,441,435,462,457
1277107893Image000008.jpg,23,24,PEDESTRIAN_CROSSING,415,433,438,457
1277107893Image000008.jpg,22,26,PASS_RIGHT_SIDE,417,457,439,483
1277107893Image000008.jpg,8,16,PEDESTRIAN_CROSSING,97,442,105,458
1277107893Image000008.jpg,8,18,PASS_RIGHT_SIDE,97,460,105,478
1277107893Image000008.jpg,30,31,GIVE_WAY,676,457,706,488
1277107893Image000008.jpg,21,22,PEDESTRIAN_CROSSING,441,435,462,457
1277107893Image000008.jpg,23,24,PEDESTRIAN_CROSSING,415,433,438,457
1277107893Image000008.jpg,22,26,PASS_RIGHT_SIDE,417,457,439,483
1277107893Image000008.jpg,8,16,PEDESTRIAN_CROSSING,97,442,105,458
1277107893Image000008.jpg,8,18,PASS_RIGHT_SIDE,97,460,105,478
1277107893Image000008.jpg,30,31,GIVE_WAY,676,457,706,488
1277107893Image000008.jpg,21,22,PEDESTRIAN_CROSSING,441,435,462,457
1277107893Image000008.jpg,23,24,PEDESTRIAN_CROSSING,415,433,438,457
1277107893Image000008.jpg,22,26,PASS_RIGHT_SIDE,417,457,439,483
1277107893Image000008.jpg,8,16,PEDESTRIAN_CROSSING,97,442,105,458
1277107893Image000008.jpg,8,18,PASS_RIGHT_SIDE,97,460,105,478
1277107893Image000008.jpg,30,31,GIVE_WAY,676,457,706,488
1277107893Image000008.jpg,21,22,PEDESTRIAN_CROSSING,441,435,462,457
1277107893Image000008.jpg,23,24,PEDESTRIAN_CROSSING,415,433,438,457
1277107893Image000008.jpg,22,26,PASS_RIGHT_SIDE,417,457,439,483
1277107893Image000008.jpg,8,16,PEDESTRIAN_CROSSING,97,442,105,458
1277107893Image000008.jpg,8,18,PASS_RIGHT_SIDE,97,460,105,478
1277107893Image000008.jpg,30,31,GIVE_WAY,676,457,706,488
1277107893Image000008.jpg,21,22,PEDESTRIAN_CROSSING,441,435,462,457
1277107893Image000008.jpg,23,24,PEDESTRIAN_CROSSING,415,433,438,457
1277107893Image000008.jpg,22,26,PASS_RIGHT_SIDE,417,457,439,483
1277107893Image000008.jpg,8,16,PEDESTRIAN_CROSSING,97,442,105,458
1277107893Image000008.jpg,8,18,PASS_RIGHT_SIDE,97,460,105,478
1277107893Image000008.jpg,30,31,GIVE_WAY,676,457,706,488
1277107893Image000008.jpg,21,22,PEDESTRIAN_CROSSING,441,435,462,457
1277107893Image000008.jpg,23,24,PEDESTRIAN_CROSSING,415,433,438,457
1277107893Image000008.jpg,22,26,PASS_RIGHT_SIDE,417,457,439,483
1277107893Image000008.jpg,8,16,PEDESTRIAN_CROSSING,97,442,105,458
1277107893Image000008.jpg,8,18,PASS_RIGHT_SIDE,97,460,105,478
1277107893Image000008.jpg,30,31,GIVE_WAY,676,457,706,488
1277107893Image000008.jpg,21,22,PEDESTRIAN_CROSSING,441,435,462,457
1277107893Image000008.jpg,23,24,PEDESTRIAN_CROSSING,415,433,438,457
1277107893Image000008.jpg,22,26,PASS_RIGHT_SIDE,417,457,439,483
1277107893Image000008.jpg,8,16,PEDESTRIAN_CROSSING,97,442,105,458
1277107893Image000008.jpg,8,18,PASS_RIGHT_SIDE,97,460,105,478
1277107893Image000013.jpg,36,36,GIVE_WAY,694,439,730,475
1277107893Image000013.jpg,26,28,PEDESTRIAN_CROSSING,384,414,410,442
1277107893Image000013.jpg,28,28,PASS_RIGHT_SIDE,384,443,412,471
1277107893Image000013.jpg,26,24,PEDESTRIAN_CROSSING,414,419,440,443
1277107893Image000013.jpg,12,18,PEDESTRIAN_CROSSING,31,429,43,447
1277107893Image000013.jpg,12,22,PASS_RIGHT_SIDE,31,451,43,473
1277107893Image000013.jpg,36,36,GIVE_WAY,694,439,730,475
1277107893Image000013.jpg,26,28,PEDESTRIAN_CROSSING,384,414,410,442
1277107893Image000013.jpg,28,28,PASS_RIGHT_SIDE,384,443,412,471
1277107893Image000013.jpg,26,24,PEDESTRIAN_CROSSING,414,419,440,443
1277107893Image000013.jpg,12,18,PEDESTRIAN_CROSSING,31,429,43,447
1277107893Image000013.jpg,12,22,PASS_RIGHT_SIDE,31,451,43,473
1277107893Image000013.jpg,36,36,GIVE_WAY,694,439,730,475
1277107893Image000013.jpg,26,28,PEDESTRIAN_CROSSING,384,414,410,442
1277107893Image000013.jpg,28,28,PASS_RIGHT_SIDE,384,443,412,471
1277107893Image000013.jpg,26,24,PEDESTRIAN_CROSSING,414,419,440,443
1277107893Image000013.jpg,12,18,PEDESTRIAN_CROSSING,31,429,43,447
1277107893Image000013.jpg,12,22,PASS_RIGHT_SIDE,31,451,43,473
1277107893Image000013.jpg,36,36,GIVE_WAY,694,439,730,475
1277107893Image000013.jpg,26,28,PEDESTRIAN_CROSSING,384,414,410,442
1277107893Image000013.jpg,28,28,PASS_RIGHT_SIDE,384,443,412,471
1277107893Image000013.jpg,26,24,PEDESTRIAN_CROSSING,414,419,440,443
1277107893Image000013.jpg,12,18,PEDESTRIAN_CROSSING,31,429,43,447
1277107893Image000013.jpg,12,22,PASS_RIGHT_SIDE,31,451,43,473
1277107893Image000013.jpg,36,36,GIVE_WAY,694,439,730,475
1277107893Image000013.jpg,26,28,PEDESTRIAN_CROSSING,384,414,410,442
1277107893Image000013.jpg,28,28,PASS_RIGHT_SIDE,384,443,412,471
1277107893Image000013.jpg,26,24,PEDESTRIAN_CROSSING,414,419,440,443
1277107893Image000013.jpg,12,18,PEDESTRIAN_CROSSING,31,429,43,447
1277107893Image000013.jpg,12,22,PASS_RIGHT_SIDE,31,451,43,473
1277107893Image000013.jpg,36,36,GIVE_WAY,694,439,730,475
1277107893Image000013.jpg,26,28,PEDESTRIAN_CROSSING,384,414,410,442
1277107893Image000013.jpg,28,28,PASS_RIGHT_SIDE,384,443,412,471
1277107893Image000013.jpg,26,24,PEDESTRIAN_CROSSING,414,419,440,443
1277107893Image000013.jpg,12,18,PEDESTRIAN_CROSSING,31,429,43,447
1277107893Image000013.jpg,12,22,PASS_RIGHT_SIDE,31,451,43,473
1277107893Image000013.jpg,36,36,GIVE_WAY,694,439,730,475
1277107893Image000013.jpg,26,28,PEDESTRIAN_CROSSING,384,414,410,442
1277107893Image000013.jpg,28,28,PASS_RIGHT_SIDE,384,443,412,471
1277107893Image000013.jpg,26,24,PEDESTRIAN_CROSSING,414,419,440,443
1277107893Image000013.jpg,12,18,PEDESTRIAN_CROSSING,31,429,43,447
1277107893Image000013.jpg,12,22,PASS_RIGHT_SIDE,31,451,43,473
1277107893Image000018.jpg,40,37,GIVE_WAY,711,429,751,466
1277107893Image000018.jpg,29,30,PEDESTRIAN_CROSSING,363,397,392,427
1277107893Image000018.jpg,31,32,PASS_RIGHT_SIDE,363,429,394,461
1277107893Image000018.jpg,27,28,PEDESTRIAN_CROSSING,399,404,426,432
1277107893Image000018.jpg,40,37,GIVE_WAY,711,429,751,466
1277107893Image000018.jpg,29,30,PEDESTRIAN_CROSSING,363,397,392,427
1277107893Image000018.jpg,31,32,PASS_RIGHT_SIDE,363,429,394,461
1277107893Image000018.jpg,27,28,PEDESTRIAN_CROSSING,399,404,426,432
1277107893Image000018.jpg,40,37,GIVE_WAY,711,429,751,466
1277107893Image000018.jpg,29,30,PEDESTRIAN_CROSSING,363,397,392,427
1277107893Image000018.jpg,31,32,PASS_RIGHT_SIDE,363,429,394,461
1277107893Image000018.jpg,27,28,PEDESTRIAN_CROSSING,399,404,426,432
1277107893Image000018.jpg,40,37,GIVE_WAY,711,429,751,466
1277107893Image000018.jpg,29,30,PEDESTRIAN_CROSSING,363,397,392,427
1277107893Image000018.jpg,31,32,PASS_RIGHT_SIDE,363,429,394,461
1277107893Image000018.jpg,27,28,PEDESTRIAN_CROSSING,399,404,426,432
1277107893Image000018.jpg,40,37,GIVE_WAY,711,429,751,466
1277107893Image000018.jpg,29,30,PEDESTRIAN_CROSSING,363,397,392,427
1277107893Image000018.jpg,31,32,PASS_RIGHT_SIDE,363,429,394,461
1277107893Image000018.jpg,27,28,PEDESTRIAN_CROSSING,399,404,426,432
1277107893Image000023.jpg,48,48,GIVE_WAY,745,421,793,469
1277107893Image000023.jpg,35,35,PEDESTRIAN_CROSSING,326,389,361,424
1277107893Image000023.jpg,38,39,PASS_RIGHT_SIDE,325,425,363,464
1277107893Image000023.jpg,32,33,PEDESTRIAN_CROSSING,371,401,403,434
1277107893Image000023.jpg,48,48,GIVE_WAY,745,421,793,469
1277107893Image000023.jpg,35,35,PEDESTRIAN_CROSSING,326,389,361,424
1277107893Image000023.jpg,38,39,PASS_RIGHT_SIDE,325,425,363,464
1277107893Image000023.jpg,32,33,PEDESTRIAN_CROSSING,371,401,403,434
1277107893Image000023.jpg,48,48,GIVE_WAY,745,421,793,469
1277107893Image000023.jpg,35,35,PEDESTRIAN_CROSSING,326,389,361,424
1277107893Image000023.jpg,38,39,PASS_RIGHT_SIDE,325,425,363,464
1277107893Image000023.jpg,32,33,PEDESTRIAN_CROSSING,371,401,403,434
1277107893Image000023.jpg,48,48,GIVE_WAY,745,421,793,469
1277107893Image000023.jpg,35,35,PEDESTRIAN_CROSSING,326,389,361,424
1277107893Image000023.jpg,38,39,PASS_RIGHT_SIDE,325,425,363,464
1277107893Image000023.jpg,32,33,PEDESTRIAN_CROSSING,371,401,403,434
1277107893Image000028.jpg,66,58,GIVE_WAY,787,422,853,480
1277107893Image000028.jpg,42,43,PEDESTRIAN_CROSSING,273,390,315,433
1277107893Image000028.jpg,49,46,PASS_RIGHT_SIDE,272,434,321,480
1277107893Image000028.jpg,37,38,PEDESTRIAN_CROSSING,333,410,370,448
1277107893Image000028.jpg,66,58,GIVE_WAY,787,422,853,480
1277107893Image000028.jpg,42,43,PEDESTRIAN_CROSSING,273,390,315,433
1277107893Image000028.jpg,49,46,PASS_RIGHT_SIDE,272,434,321,480
1277107893Image000028.jpg,37,38,PEDESTRIAN_CROSSING,333,410,370,448
1277107893Image000028.jpg,66,58,GIVE_WAY,787,422,853,480
1277107893Image000028.jpg,42,43,PEDESTRIAN_CROSSING,273,390,315,433
1277107893Image000028.jpg,49,46,PASS_RIGHT_SIDE,272,434,321,480
1277107893Image000028.jpg,37,38,PEDESTRIAN_CROSSING,333,410,370,448
1277107893Image000028.jpg,66,58,GIVE_WAY,787,422,853,480
1277107893Image000028.jpg,42,43,PEDESTRIAN_CROSSING,273,390,315,433
1277107893Image000028.jpg,49,46,PASS_RIGHT_SIDE,272,434,321,480
1277107893Image000028.jpg,37,38,PEDESTRIAN_CROSSING,333,410,370,448
1277107893Image000033.jpg,77,69,GIVE_WAY,829,416,906,485
1277107893Image000033.jpg,51,50,PEDESTRIAN_CROSSING,219,384,270,434
1277107893Image000033.jpg,54,55,PASS_RIGHT_SIDE,218,436,272,491
1277107893Image000033.jpg,41,44,PEDESTRIAN_CROSSING,295,411,336,455
1277107893Image000033.jpg,77,69,GIVE_WAY,829,416,906,485
1277107893Image000033.jpg,51,50,PEDESTRIAN_CROSSING,219,384,270,434
1277107893Image000033.jpg,54,55,PASS_RIGHT_SIDE,218,436,272,491
1277107893Image000033.jpg,41,44,PEDESTRIAN_CROSSING,295,411,336,455
1277107893Image000033.jpg,77,69,GIVE_WAY,829,416,906,485
1277107893Image000033.jpg,51,50,PEDESTRIAN_CROSSING,219,384,270,434
1277107893Image000033.jpg,54,55,PASS_RIGHT_SIDE,218,436,272,491
1277107893Image000033.jpg,41,44,PEDESTRIAN_CROSSING,295,411,336,455
1277107893Image000033.jpg,77,69,GIVE_WAY,829,416,906,485
1277107893Image000033.jpg,51,50,PEDESTRIAN_CROSSING,219,384,270,434
1277107893Image000033.jpg,54,55,PASS_RIGHT_SIDE,218,436,272,491
1277107893Image000033.jpg,41,44,PEDESTRIAN_CROSSING,295,411,336,455
1277107893Image000038.jpg,96,93,GIVE_WAY,905,376,1001,469
1277107893Image000038.jpg,60,61,PEDESTRIAN_CROSSING,137,348,197,409
1277107893Image000038.jpg,70,67,PASS_RIGHT_SIDE,133,413,203,480
1277107893Image000038.jpg,48,49,PEDESTRIAN_CROSSING,240,392,288,441
1277107893Image000038.jpg,96,93,GIVE_WAY,905,376,1001,469
1277107893Image000038.jpg,60,61,PEDESTRIAN_CROSSING,137,348,197,409
1277107893Image000038.jpg,70,67,PASS_RIGHT_SIDE,133,413,203,480
1277107893Image000038.jpg,48,49,PEDESTRIAN_CROSSING,240,392,288,441
1277107893Image000038.jpg,96,93,GIVE_WAY,905,376,1001,469
1277107893Image000038.jpg,60,61,PEDESTRIAN_CROSSING,137,348,197,409
1277107893Image000038.jpg,70,67,PASS_RIGHT_SIDE,133,413,203,480
1277107893Image000038.jpg,48,49,PEDESTRIAN_CROSSING,240,392,288,441
1277107893Image000038.jpg,96,93,GIVE_WAY,905,376,1001,469
1277107893Image000038.jpg,60,61,PEDESTRIAN_CROSSING,137,348,197,409
1277107893Image000038.jpg,70,67,PASS_RIGHT_SIDE,133,413,203,480
1277107893Image000038.jpg,48,49,PEDESTRIAN_CROSSING,240,392,288,441
1277107893Image000043.jpg,132,120,GIVE_WAY,1019,346,1151,466
1277107893Image000043.jpg,74,75,PEDESTRIAN_CROSSING,21,323,95,398
1277107893Image000043.jpg,81,84,PASS_RIGHT_SIDE,22,403,103,487
1277107893Image000043.jpg,56,61,PEDESTRIAN_CROSSING,176,390,232,451
1277107893Image000043.jpg,8,34,PASS_RIGHT_SIDE,920,458,928,492
1277107893Image000043.jpg,132,120,GIVE_WAY,1019,346,1151,466
1277107893Image000043.jpg,74,75,PEDESTRIAN_CROSSING,21,323,95,398
1277107893Image000043.jpg,81,84,PASS_RIGHT_SIDE,22,403,103,487
1277107893Image000043.jpg,56,61,PEDESTRIAN_CROSSING,176,390,232,451
1277107893Image000043.jpg,8,34,PASS_RIGHT_SIDE,920,458,928,492
1277107893Image000043.jpg,132,120,GIVE_WAY,1019,346,1151,466
1277107893Image000043.jpg,74,75,PEDESTRIAN_CROSSING,21,323,95,398
1277107893Image000043.jpg,81,84,PASS_RIGHT_SIDE,22,403,103,487
1277107893Image000043.jpg,56,61,PEDESTRIAN_CROSSING,176,390,232,451
1277107893Image000043.jpg,8,34,PASS_RIGHT_SIDE,920,458,928,492
1277107893Image000043.jpg,132,120,GIVE_WAY,1019,346,1151,466
1277107893Image000043.jpg,74,75,PEDESTRIAN_CROSSING,21,323,95,398
1277107893Image000043.jpg,81,84,PASS_RIGHT_SIDE,22,403,103,487
1277107893Image000043.jpg,56,61,PEDESTRIAN_CROSSING,176,390,232,451
1277107893Image000043.jpg,8,34,PASS_RIGHT_SIDE,920,458,928,492
1277107893Image000043.jpg,132,120,GIVE_WAY,1019,346,1151,466
1277107893Image000043.jpg,74,75,PEDESTRIAN_CROSSING,21,323,95,398
1277107893Image000043.jpg,81,84,PASS_RIGHT_SIDE,22,403,103,487
1277107893Image000043.jpg,56,61,PEDESTRIAN_CROSSING,176,390,232,451
1277107893Image000043.jpg,8,34,PASS_RIGHT_SIDE,920,458,928,492
1277107893Image000048.jpg,55,120,GIVE_WAY,1222,269,1277,389
1277107893Image000048.jpg,74,73,PEDESTRIAN_CROSSING,81,363,155,436
1277107893Image000048.jpg,11,36,PASS_RIGHT_SIDE,948,457,959,493
1277107893Image000048.jpg,55,120,GIVE_WAY,1222,269,1277,389
1277107893Image000048.jpg,74,73,PEDESTRIAN_CROSSING,81,363,155,436
1277107893Image000048.jpg,11,36,PASS_RIGHT_SIDE,948,457,959,493
1277107893Image000048.jpg,55,120,GIVE_WAY,1222,269,1277,389
1277107893Image000048.jpg,74,73,PEDESTRIAN_CROSSING,81,363,155,436
1277107893Image000048.jpg,11,36,PASS_RIGHT_SIDE,948,457,959,493
1277107893Image000053.jpg,17,50,PASS_RIGHT_SIDE,951,427,968,477
1277107902Image000004.jpg,43,44,PEDESTRIAN_CROSSING,390,448,433,492
1277107902Image000004.jpg,46,46,PASS_RIGHT_SIDE,391,493,437,539
1277107902Image000004.jpg,21,19,PEDESTRIAN_CROSSING,388,528,409,547
1277107902Image000004.jpg,21,23,PASS_RIGHT_SIDE,566,537,587,560
1277107902Image000004.jpg,19,15,PEDESTRIAN_CROSSING,736,524,755,539
1277107902Image000004.jpg,12,14,PRIORITY_ROAD,733,546,745,560
1277107902Image000004.jpg,43,44,PEDESTRIAN_CROSSING,390,448,433,492
1277107902Image000004.jpg,46,46,PASS_RIGHT_SIDE,391,493,437,539
1277107902Image000004.jpg,21,19,PEDESTRIAN_CROSSING,388,528,409,547
1277107902Image000004.jpg,21,23,PASS_RIGHT_SIDE,566,537,587,560
1277107902Image000004.jpg,19,15,PEDESTRIAN_CROSSING,736,524,755,539
1277107902Image000004.jpg,12,14,PRIORITY_ROAD,733,546,745,560
1277107902Image000004.jpg,43,44,PEDESTRIAN_CROSSING,390,448,433,492
1277107902Image000004.jpg,46,46,PASS_RIGHT_SIDE,391,493,437,539
1277107902Image000004.jpg,21,19,PEDESTRIAN_CROSSING,388,528,409,547
1277107902Image000004.jpg,21,23,PASS_RIGHT_SIDE,566,537,587,560
1277107902Image000004.jpg,19,15,PEDESTRIAN_CROSSING,736,524,755,539
1277107902Image000004.jpg,12,14,PRIORITY_ROAD,733,546,745,560
1277107902Image000004.jpg,43,44,PEDESTRIAN_CROSSING,390,448,433,492
1277107902Image000004.jpg,46,46,PASS_RIGHT_SIDE,391,493,437,539
1277107902Image000004.jpg,21,19,PEDESTRIAN_CROSSING,388,528,409,547
1277107902Image000004.jpg,21,23,PASS_RIGHT_SIDE,566,537,587,560
1277107902Image000004.jpg,19,15,PEDESTRIAN_CROSSING,736,524,755,539
1277107902Image000004.jpg,12,14,PRIORITY_ROAD,733,546,745,560
1277107902Image000004.jpg,43,44,PEDESTRIAN_CROSSING,390,448,433,492
1277107902Image000004.jpg,46,46,PASS_RIGHT_SIDE,391,493,437,539
1277107902Image000004.jpg,21,19,PEDESTRIAN_CROSSING,388,528,409,547
1277107902Image000004.jpg,21,23,PASS_RIGHT_SIDE,566,537,587,560
1277107902Image000004.jpg,19,15,PEDESTRIAN_CROSSING,736,524,755,539
1277107902Image000004.jpg,12,14,PRIORITY_ROAD,733,546,745,560
1277107902Image000004.jpg,43,44,PEDESTRIAN_CROSSING,390,448,433,492
1277107902Image000004.jpg,46,46,PASS_RIGHT_SIDE,391,493,437,539
1277107902Image000004.jpg,21,19,PEDESTRIAN_CROSSING,388,528,409,547
1277107902Image000004.jpg,21,23,PASS_RIGHT_SIDE,566,537,587,560
1277107902Image000004.jpg,19,15,PEDESTRIAN_CROSSING,736,524,755,539
1277107902Image000004.jpg,12,14,PRIORITY_ROAD,733,546,745,560
1277107902Image000009.jpg,46,46,PEDESTRIAN_CROSSING,328,434,374,480
1277107902Image000009.jpg,50,50,PASS_RIGHT_SIDE,328,482,378,532
1277107902Image000009.jpg,18,19,PEDESTRIAN_CROSSING,335,526,353,545
1277107902Image000009.jpg,23,23,PASS_RIGHT_SIDE,518,535,541,558
1277107902Image000009.jpg,19,18,PEDESTRIAN_CROSSING,695,522,714,540
1277107902Image000009.jpg,14,14,PRIORITY_ROAD,690,545,704,559
1277107902Image000009.jpg,46,46,PEDESTRIAN_CROSSING,328,434,374,480
1277107902Image000009.jpg,50,50,PASS_RIGHT_SIDE,328,482,378,532
1277107902Image000009.jpg,18,19,PEDESTRIAN_CROSSING,335,526,353,545
1277107902Image000009.jpg,23,23,PASS_RIGHT_SIDE,518,535,541,558
1277107902Image000009.jpg,19,18,PEDESTRIAN_CROSSING,695,522,714,540
1277107902Image000009.jpg,14,14,PRIORITY_ROAD,690,545,704,559
1277107902Image000009.jpg,46,46,PEDESTRIAN_CROSSING,328,434,374,480
1277107902Image000009.jpg,50,50,PASS_RIGHT_SIDE,328,482,378,532
1277107902Image000009.jpg,18,19,PEDESTRIAN_CROSSING,335,526,353,545
1277107902Image000009.jpg,23,23,PASS_RIGHT_SIDE,518,535,541,558
1277107902Image000009.jpg,19,18,PEDESTRIAN_CROSSING,695,522,714,540
1277107902Image000009.jpg,14,14,PRIORITY_ROAD,690,545,704,559
1277107902Image000009.jpg,46,46,PEDESTRIAN_CROSSING,328,434,374,480
1277107902Image000009.jpg,50,50,PASS_RIGHT_SIDE,328,482,378,532
1277107902Image000009.jpg,18,19,PEDESTRIAN_CROSSING,335,526,353,545
1277107902Image000009.jpg,23,23,PASS_RIGHT_SIDE,518,535,541,558
1277107902Image000009.jpg,19,18,PEDESTRIAN_CROSSING,695,522,714,540
1277107902Image000009.jpg,14,14,PRIORITY_ROAD,690,545,704,559
1277107902Image000009.jpg,46,46,PEDESTRIAN_CROSSING,328,434,374,480
1277107902Image000009.jpg,50,50,PASS_RIGHT_SIDE,328,482,378,532
1277107902Image000009.jpg,18,19,PEDESTRIAN_CROSSING,335,526,353,545
1277107902Image000009.jpg,23,23,PASS_RIGHT_SIDE,518,535,541,558
1277107902Image000009.jpg,19,18,PEDESTRIAN_CROSSING,695,522,714,540
1277107902Image000009.jpg,14,14,PRIORITY_ROAD,690,545,704,559
1277107902Image000009.jpg,46,46,PEDESTRIAN_CROSSING,328,434,374,480
1277107902Image000009.jpg,50,50,PASS_RIGHT_SIDE,328,482,378,532
1277107902Image000009.jpg,18,19,PEDESTRIAN_CROSSING,335,526,353,545
1277107902Image000009.jpg,23,23,PASS_RIGHT_SIDE,518,535,541,558
1277107902Image000009.jpg,19,18,PEDESTRIAN_CROSSING,695,522,714,540
1277107902Image000009.jpg,14,14,PRIORITY_ROAD,690,545,704,559
1277107902Image000014.jpg,56,54,PEDESTRIAN_CROSSING,235,418,291,472
1277107902Image000014.jpg,57,56,PASS_RIGHT_SIDE,236,473,293,529
1277107902Image000014.jpg,18,21,PEDESTRIAN_CROSSING,266,526,284,547
1277107902Image000014.jpg,23,24,PASS_RIGHT_SIDE,457,537,480,561
1277107902Image000014.jpg,19,20,PEDESTRIAN_CROSSING,643,524,662,544
1277107902Image000014.jpg,15,14,PRIORITY_ROAD,637,549,652,563
1277107902Image000014.jpg,56,54,PEDESTRIAN_CROSSING,235,418,291,472
1277107902Image000014.jpg,57,56,PASS_RIGHT_SIDE,236,473,293,529
1277107902Image000014.jpg,18,21,PEDESTRIAN_CROSSING,266,526,284,547
1277107902Image000014.jpg,23,24,PASS_RIGHT_SIDE,457,537,480,561
1277107902Image000014.jpg,19,20,PEDESTRIAN_CROSSING,643,524,662,544
1277107902Image000014.jpg,15,14,PRIORITY_ROAD,637,549,652,563
1277107902Image000014.jpg,56,54,PEDESTRIAN_CROSSING,235,418,291,472
1277107902Image000014.jpg,57,56,PASS_RIGHT_SIDE,236,473,293,529
1277107902Image000014.jpg,18,21,PEDESTRIAN_CROSSING,266,526,284,547
1277107902Image000014.jpg,23,24,PASS_RIGHT_SIDE,457,537,480,561
1277107902Image000014.jpg,19,20,PEDESTRIAN_CROSSING,643,524,662,544
1277107902Image000014.jpg,15,14,PRIORITY_ROAD,637,549,652,563
1277107902Image000014.jpg,56,54,PEDESTRIAN_CROSSING,235,418,291,472
1277107902Image000014.jpg,57,56,PASS_RIGHT_SIDE,236,473,293,529
1277107902Image000014.jpg,18,21,PEDESTRIAN_CROSSING,266,526,284,547
1277107902Image000014.jpg,23,24,PASS_RIGHT_SIDE,457,537,480,561
1277107902Image000014.jpg,19,20,PEDESTRIAN_CROSSING,643,524,662,544
1277107902Image000014.jpg,15,14,PRIORITY_ROAD,637,549,652,563
1277107902Image000014.jpg,56,54,PEDESTRIAN_CROSSING,235,418,291,472
1277107902Image000014.jpg,57,56,PASS_RIGHT_SIDE,236,473,293,529
1277107902Image000014.jpg,18,21,PEDESTRIAN_CROSSING,266,526,284,547
1277107902Image000014.jpg,23,24,PASS_RIGHT_SIDE,457,537,480,561
1277107902Image000014.jpg,19,20,PEDESTRIAN_CROSSING,643,524,662,544
1277107902Image000014.jpg,15,14,PRIORITY_ROAD,637,549,652,563
1277107902Image000014.jpg,56,54,PEDESTRIAN_CROSSING,235,418,291,472
1277107902Image000014.jpg,57,56,PASS_RIGHT_SIDE,236,473,293,529
1277107902Image000014.jpg,18,21,PEDESTRIAN_CROSSING,266,526,284,547
1277107902Image000014.jpg,23,24,PASS_RIGHT_SIDE,457,537,480,561
1277107902Image000014.jpg,19,20,PEDESTRIAN_CROSSING,643,524,662,544
1277107902Image000014.jpg,15,14,PRIORITY_ROAD,637,549,652,563
1277107902Image000014.jpg,56,54,PEDESTRIAN_CROSSING,235,418,291,472
1277107902Image000014.jpg,57,56,PASS_RIGHT_SIDE,236,473,293,529
1277107902Image000014.jpg,18,21,PEDESTRIAN_CROSSING,266,526,284,547
1277107902Image000014.jpg,23,24,PASS_RIGHT_SIDE,457,537,480,561
1277107902Image000014.jpg,19,20,PEDESTRIAN_CROSSING,643,524,662,544
1277107902Image000014.jpg,15,14,PRIORITY_ROAD,637,549,652,563
1277107902Image000019.jpg,65,65,PEDESTRIAN_CROSSING,147,391,212,456
1277107902Image000019.jpg,70,66,PASS_RIGHT_SIDE,146,456,216,522
1277107902Image000019.jpg,23,21,PEDESTRIAN_CROSSING,211,526,234,547
1277107902Image000019.jpg,24,25,PASS_RIGHT_SIDE,417,535,441,560
1277107902Image000019.jpg,23,20,PEDESTRIAN_CROSSING,612,521,635,541
1277107902Image000019.jpg,14,15,PRIORITY_ROAD,606,548,620,563
1277107902Image000019.jpg,65,65,PEDESTRIAN_CROSSING,147,391,212,456
1277107902Image000019.jpg,70,66,PASS_RIGHT_SIDE,146,456,216,522
1277107902Image000019.jpg,23,21,PEDESTRIAN_CROSSING,211,526,234,547
1277107902Image000019.jpg,24,25,PASS_RIGHT_SIDE,417,535,441,560
1277107902Image000019.jpg,23,20,PEDESTRIAN_CROSSING,612,521,635,541
1277107902Image000019.jpg,14,15,PRIORITY_ROAD,606,548,620,563
1277107902Image000019.jpg,65,65,PEDESTRIAN_CROSSING,147,391,212,456
1277107902Image000019.jpg,70,66,PASS_RIGHT_SIDE,146,456,216,522
1277107902Image000019.jpg,23,21,PEDESTRIAN_CROSSING,211,526,234,547
1277107902Image000019.jpg,24,25,PASS_RIGHT_SIDE,417,535,441,560
1277107902Image000019.jpg,23,20,PEDESTRIAN_CROSSING,612,521,635,541
1277107902Image000019.jpg,14,15,PRIORITY_ROAD,606,548,620,563
1277107902Image000019.jpg,65,65,PEDESTRIAN_CROSSING,147,391,212,456
1277107902Image000019.jpg,70,66,PASS_RIGHT_SIDE,146,456,216,522
1277107902Image000019.jpg,23,21,PEDESTRIAN_CROSSING,211,526,234,547
1277107902Image000019.jpg,24,25,PASS_RIGHT_SIDE,417,535,441,560
1277107902Image000019.jpg,23,20,PEDESTRIAN_CROSSING,612,521,635,541
1277107902Image000019.jpg,14,15,PRIORITY_ROAD,606,548,620,563
1277107902Image000019.jpg,65,65,PEDESTRIAN_CROSSING,147,391,212,456
1277107902Image000019.jpg,70,66,PASS_RIGHT_SIDE,146,456,216,522
1277107902Image000019.jpg,23,21,PEDESTRIAN_CROSSING,211,526,234,547
1277107902Image000019.jpg,24,25,PASS_RIGHT_SIDE,417,535,441,560
1277107902Image000019.jpg,23,20,PEDESTRIAN_CROSSING,612,521,635,541
1277107902Image000019.jpg,14,15,PRIORITY_ROAD,606,548,620,563
1277107902Image000019.jpg,65,65,PEDESTRIAN_CROSSING,147,391,212,456
1277107902Image000019.jpg,70,66,PASS_RIGHT_SIDE,146,456,216,522
1277107902Image000019.jpg,23,21,PEDESTRIAN_CROSSING,211,526,234,547
1277107902Image000019.jpg,24,25,PASS_RIGHT_SIDE,417,535,441,560
1277107902Image000019.jpg,23,20,PEDESTRIAN_CROSSING,612,521,635,541
1277107902Image000019.jpg,14,15,PRIORITY_ROAD,606,548,620,563
1277107902Image000019.jpg,65,65,PEDESTRIAN_CROSSING,147,391,212,456
1277107902Image000019.jpg,70,66,PASS_RIGHT_SIDE,146,456,216,522
1277107902Image000019.jpg,23,21,PEDESTRIAN_CROSSING,211,526,234,547
1277107902Image000019.jpg,24,25,PASS_RIGHT_SIDE,417,535,441,560
1277107902Image000019.jpg,23,20,PEDESTRIAN_CROSSING,612,521,635,541
1277107902Image000019.jpg,14,15,PRIORITY_ROAD,606,548,620,563
1277107902Image000024.jpg,77,75,PEDESTRIAN_CROSSING,72,356,149,431
1277107902Image000024.jpg,78,80,PASS_RIGHT_SIDE,73,432,151,512
1277107902Image000024.jpg,24,23,PEDESTRIAN_CROSSING,184,521,208,544
1277107902Image000024.jpg,29,28,PASS_RIGHT_SIDE,398,531,427,559
1277107902Image000024.jpg,22,21,PEDESTRIAN_CROSSING,607,517,629,538
1277107902Image000024.jpg,17,16,PRIORITY_ROAD,597,545,614,561
1277107902Image000024.jpg,77,75,PEDESTRIAN_CROSSING,72,356,149,431
1277107902Image000024.jpg,78,80,PASS_RIGHT_SIDE,73,432,151,512
1277107902Image000024.jpg,24,23,PEDESTRIAN_CROSSING,184,521,208,544
1277107902Image000024.jpg,29,28,PASS_RIGHT_SIDE,398,531,427,559
1277107902Image000024.jpg,22,21,PEDESTRIAN_CROSSING,607,517,629,538
1277107902Image000024.jpg,17,16,PRIORITY_ROAD,597,545,614,561
1277107902Image000024.jpg,77,75,PEDESTRIAN_CROSSING,72,356,149,431
1277107902Image000024.jpg,78,80,PASS_RIGHT_SIDE,73,432,151,512
1277107902Image000024.jpg,24,23,PEDESTRIAN_CROSSING,184,521,208,544
1277107902Image000024.jpg,29,28,PASS_RIGHT_SIDE,398,531,427,559
1277107902Image000024.jpg,22,21,PEDESTRIAN_CROSSING,607,517,629,538
1277107902Image000024.jpg,17,16,PRIORITY_ROAD,597,545,614,561
1277107902Image000024.jpg,77,75,PEDESTRIAN_CROSSING,72,356,149,431
1277107902Image000024.jpg,78,80,PASS_RIGHT_SIDE,73,432,151,512
1277107902Image000024.jpg,24,23,PEDESTRIAN_CROSSING,184,521,208,544
1277107902Image000024.jpg,29,28,PASS_RIGHT_SIDE,398,531,427,559
1277107902Image000024.jpg,22,21,PEDESTRIAN_CROSSING,607,517,629,538
1277107902Image000024.jpg,17,16,PRIORITY_ROAD,597,545,614,561
1277107902Image000024.jpg,77,75,PEDESTRIAN_CROSSING,72,356,149,431
1277107902Image000024.jpg,78,80,PASS_RIGHT_SIDE,73,432,151,512
1277107902Image000024.jpg,24,23,PEDESTRIAN_CROSSING,184,521,208,544
1277107902Image000024.jpg,29,28,PASS_RIGHT_SIDE,398,531,427,559
1277107902Image000024.jpg,22,21,PEDESTRIAN_CROSSING,607,517,629,538
1277107902Image000024.jpg,17,16,PRIORITY_ROAD,597,545,614,561
1277107902Image000024.jpg,77,75,PEDESTRIAN_CROSSING,72,356,149,431
1277107902Image000024.jpg,78,80,PASS_RIGHT_SIDE,73,432,151,512
1277107902Image000024.jpg,24,23,PEDESTRIAN_CROSSING,184,521,208,544
1277107902Image000024.jpg,29,28,PASS_RIGHT_SIDE,398,531,427,559
1277107902Image000024.jpg,22,21,PEDESTRIAN_CROSSING,607,517,629,538
1277107902Image000024.jpg,17,16,PRIORITY_ROAD,597,545,614,561
1277107902Image000024.jpg,77,75,PEDESTRIAN_CROSSING,72,356,149,431
1277107902Image000024.jpg,78,80,PASS_RIGHT_SIDE,73,432,151,512
1277107902Image000024.jpg,24,23,PEDESTRIAN_CROSSING,184,521,208,544
1277107902Image000024.jpg,29,28,PASS_RIGHT_SIDE,398,531,427,559
1277107902Image000024.jpg,22,21,PEDESTRIAN_CROSSING,607,517,629,538
1277107902Image000024.jpg,17,16,PRIORITY_ROAD,597,545,614,561
1277107902Image000029.jpg,61,91,PEDESTRIAN_CROSSING,1,303,62,394
1277107902Image000029.jpg,63,96,PASS_RIGHT_SIDE,3,397,66,493
1277107902Image000029.jpg,27,25,PEDESTRIAN_CROSSING,157,514,184,539
1277107902Image000029.jpg,28,29,PASS_RIGHT_SIDE,385,525,413,554
1277107902Image000029.jpg,24,24,PEDESTRIAN_CROSSING,605,509,629,533
1277107902Image000029.jpg,16,16,PRIORITY_ROAD,595,541,611,557
1277107902Image000029.jpg,61,91,PEDESTRIAN_CROSSING,1,303,62,394
1277107902Image000029.jpg,63,96,PASS_RIGHT_SIDE,3,397,66,493
1277107902Image000029.jpg,27,25,PEDESTRIAN_CROSSING,157,514,184,539
1277107902Image000029.jpg,28,29,PASS_RIGHT_SIDE,385,525,413,554
1277107902Image000029.jpg,24,24,PEDESTRIAN_CROSSING,605,509,629,533
1277107902Image000029.jpg,16,16,PRIORITY_ROAD,595,541,611,557
1277107902Image000029.jpg,61,91,PEDESTRIAN_CROSSING,1,303,62,394
1277107902Image000029.jpg,63,96,PASS_RIGHT_SIDE,3,397,66,493
1277107902Image000029.jpg,27,25,PEDESTRIAN_CROSSING,157,514,184,539
1277107902Image000029.jpg,28,29,PASS_RIGHT_SIDE,385,525,413,554
1277107902Image000029.jpg,24,24,PEDESTRIAN_CROSSING,605,509,629,533
1277107902Image000029.jpg,16,16,PRIORITY_ROAD,595,541,611,557
1277107902Image000029.jpg,61,91,PEDESTRIAN_CROSSING,1,303,62,394
1277107902Image000029.jpg,63,96,PASS_RIGHT_SIDE,3,397,66,493
1277107902Image000029.jpg,27,25,PEDESTRIAN_CROSSING,157,514,184,539
1277107902Image000029.jpg,28,29,PASS_RIGHT_SIDE,385,525,413,554
1277107902Image000029.jpg,24,24,PEDESTRIAN_CROSSING,605,509,629,533
1277107902Image000029.jpg,16,16,PRIORITY_ROAD,595,541,611,557
1277107902Image000029.jpg,61,91,PEDESTRIAN_CROSSING,1,303,62,394
1277107902Image000029.jpg,63,96,PASS_RIGHT_SIDE,3,397,66,493
1277107902Image000029.jpg,27,25,PEDESTRIAN_CROSSING,157,514,184,539
1277107902Image000029.jpg,28,29,PASS_RIGHT_SIDE,385,525,413,554
1277107902Image000029.jpg,24,24,PEDESTRIAN_CROSSING,605,509,629,533
1277107902Image000029.jpg,16,16,PRIORITY_ROAD,595,541,611,557
1277107902Image000029.jpg,61,91,PEDESTRIAN_CROSSING,1,303,62,394
1277107902Image000029.jpg,63,96,PASS_RIGHT_SIDE,3,397,66,493
1277107902Image000029.jpg,27,25,PEDESTRIAN_CROSSING,157,514,184,539
1277107902Image000029.jpg,28,29,PASS_RIGHT_SIDE,385,525,413,554
1277107902Image000029.jpg,24,24,PEDESTRIAN_CROSSING,605,509,629,533
1277107902Image000029.jpg,16,16,PRIORITY_ROAD,595,541,611,557
1277107902Image000029.jpg,61,91,PEDESTRIAN_CROSSING,1,303,62,394
1277107902Image000029.jpg,63,96,PASS_RIGHT_SIDE,3,397,66,493
1277107902Image000029.jpg,27,25,PEDESTRIAN_CROSSING,157,514,184,539
1277107902Image000029.jpg,28,29,PASS_RIGHT_SIDE,385,525,413,554
1277107902Image000029.jpg,24,24,PEDESTRIAN_CROSSING,605,509,629,533
1277107902Image000029.jpg,16,16,PRIORITY_ROAD,595,541,611,557
1277107902Image000034.jpg,25,26,PEDESTRIAN_CROSSING,125,511,150,537
1277107902Image000034.jpg,29,29,PASS_RIGHT_SIDE,367,524,396,553
1277107902Image000034.jpg,24,26,PEDESTRIAN_CROSSING,604,506,628,532
1277107902Image000034.jpg,18,19,PRIORITY_ROAD,589,539,607,558
1277107902Image000034.jpg,25,26,PEDESTRIAN_CROSSING,125,511,150,537
1277107902Image000034.jpg,29,29,PASS_RIGHT_SIDE,367,524,396,553
1277107902Image000034.jpg,24,26,PEDESTRIAN_CROSSING,604,506,628,532
1277107902Image000034.jpg,18,19,PRIORITY_ROAD,589,539,607,558
1277107902Image000034.jpg,25,26,PEDESTRIAN_CROSSING,125,511,150,537
1277107902Image000034.jpg,29,29,PASS_RIGHT_SIDE,367,524,396,553
1277107902Image000034.jpg,24,26,PEDESTRIAN_CROSSING,604,506,628,532
1277107902Image000034.jpg,18,19,PRIORITY_ROAD,589,539,607,558
1277107902Image000034.jpg,25,26,PEDESTRIAN_CROSSING,125,511,150,537
1277107902Image000034.jpg,29,29,PASS_RIGHT_SIDE,367,524,396,553
1277107902Image000034.jpg,24,26,PEDESTRIAN_CROSSING,604,506,628,532
1277107902Image000034.jpg,18,19,PRIORITY_ROAD,589,539,607,558
1277107902Image000034.jpg,25,26,PEDESTRIAN_CROSSING,125,511,150,537
1277107902Image000034.jpg,29,29,PASS_RIGHT_SIDE,367,524,396,553
1277107902Image000034.jpg,24,26,PEDESTRIAN_CROSSING,604,506,628,532
1277107902Image000034.jpg,18,19,PRIORITY_ROAD,589,539,607,558
1277107902Image000039.jpg,26,26,PEDESTRIAN_CROSSING,94,510,120,536
1277107902Image000039.jpg,32,35,PASS_RIGHT_SIDE,352,520,384,555
1277107902Image000039.jpg,27,24,PEDESTRIAN_CROSSING,607,503,634,527
1277107902Image000039.jpg,18,19,PRIORITY_ROAD,590,539,608,558
1277107902Image000039.jpg,26,26,PEDESTRIAN_CROSSING,94,510,120,536
1277107902Image000039.jpg,32,35,PASS_RIGHT_SIDE,352,520,384,555
1277107902Image000039.jpg,27,24,PEDESTRIAN_CROSSING,607,503,634,527
1277107902Image000039.jpg,18,19,PRIORITY_ROAD,590,539,608,558
1277107902Image000039.jpg,26,26,PEDESTRIAN_CROSSING,94,510,120,536
1277107902Image000039.jpg,32,35,PASS_RIGHT_SIDE,352,520,384,555
1277107902Image000039.jpg,27,24,PEDESTRIAN_CROSSING,607,503,634,527
1277107902Image000039.jpg,18,19,PRIORITY_ROAD,590,539,608,558
1277107902Image000039.jpg,26,26,PEDESTRIAN_CROSSING,94,510,120,536
1277107902Image000039.jpg,32,35,PASS_RIGHT_SIDE,352,520,384,555
1277107902Image000039.jpg,27,24,PEDESTRIAN_CROSSING,607,503,634,527
1277107902Image000039.jpg,18,19,PRIORITY_ROAD,590,539,608,558
1277107902Image000044.jpg,29,30,PEDESTRIAN_CROSSING,58,489,87,519
1277107902Image000044.jpg,34,36,PASS_RIGHT_SIDE,338,501,372,537
1277107902Image000044.jpg,30,28,PEDESTRIAN_CROSSING,618,483,648,511
1277107902Image000044.jpg,19,18,PRIORITY_ROAD,597,525,616,543
1277107902Image000044.jpg,29,30,PEDESTRIAN_CROSSING,58,489,87,519
1277107902Image000044.jpg,34,36,PASS_RIGHT_SIDE,338,501,372,537
1277107902Image000044.jpg,30,28,PEDESTRIAN_CROSSING,618,483,648,511
1277107902Image000044.jpg,19,18,PRIORITY_ROAD,597,525,616,543
1277107902Image000044.jpg,29,30,PEDESTRIAN_CROSSING,58,489,87,519
1277107902Image000044.jpg,34,36,PASS_RIGHT_SIDE,338,501,372,537
1277107902Image000044.jpg,30,28,PEDESTRIAN_CROSSING,618,483,648,511
1277107902Image000044.jpg,19,18,PRIORITY_ROAD,597,525,616,543
1277107902Image000044.jpg,29,30,PEDESTRIAN_CROSSING,58,489,87,519
1277107902Image000044.jpg,34,36,PASS_RIGHT_SIDE,338,501,372,537
1277107902Image000044.jpg,30,28,PEDESTRIAN_CROSSING,618,483,648,511
1277107902Image000044.jpg,19,18,PRIORITY_ROAD,597,525,616,543
1277107902Image000044.jpg,29,30,PEDESTRIAN_CROSSING,58,489,87,519
1277107902Image000044.jpg,34,36,PASS_RIGHT_SIDE,338,501,372,537
1277107902Image000044.jpg,30,28,PEDESTRIAN_CROSSING,618,483,648,511
1277107902Image000044.jpg,19,18,PRIORITY_ROAD,597,525,616,543
1277107902Image000049.jpg,48,47,PASS_RIGHT_SIDE,292,475,340,522
1277107902Image000049.jpg,37,37,PEDESTRIAN_CROSSING,657,457,694,494
1277107902Image000049.jpg,23,21,PRIORITY_ROAD,619,515,642,536
1277107902Image000049.jpg,48,47,PASS_RIGHT_SIDE,292,475,340,522
1277107902Image000049.jpg,37,37,PEDESTRIAN_CROSSING,657,457,694,494
1277107902Image000049.jpg,23,21,PRIORITY_ROAD,619,515,642,536
1277107902Image000049.jpg,48,47,PASS_RIGHT_SIDE,292,475,340,522
1277107902Image000049.jpg,37,37,PEDESTRIAN_CROSSING,657,457,694,494
1277107902Image000049.jpg,23,21,PRIORITY_ROAD,619,515,642,536
1277107902Image000049.jpg,48,47,PASS_RIGHT_SIDE,292,475,340,522
1277107902Image000049.jpg,37,37,PEDESTRIAN_CROSSING,657,457,694,494
1277107902Image000049.jpg,23,21,PRIORITY_ROAD,619,515,642,536
1277107902Image000054.jpg,53,55,PASS_RIGHT_SIDE,266,458,319,513
1277107902Image000054.jpg,42,41,PEDESTRIAN_CROSSING,674,438,716,479
1277107902Image000054.jpg,23,24,PRIORITY_ROAD,629,505,652,529
1277107902Image000054.jpg,53,55,PASS_RIGHT_SIDE,266,458,319,513
1277107902Image000054.jpg,42,41,PEDESTRIAN_CROSSING,674,438,716,479
1277107902Image000054.jpg,23,24,PRIORITY_ROAD,629,505,652,529
1277107902Image000054.jpg,53,55,PASS_RIGHT_SIDE,266,458,319,513
1277107902Image000054.jpg,42,41,PEDESTRIAN_CROSSING,674,438,716,479
1277107902Image000054.jpg,23,24,PRIORITY_ROAD,629,505,652,529
1277107902Image000054.jpg,53,55,PASS_RIGHT_SIDE,266,458,319,513
1277107902Image000054.jpg,42,41,PEDESTRIAN_CROSSING,674,438,716,479
1277107902Image000054.jpg,23,24,PRIORITY_ROAD,629,505,652,529
1277107902Image000059.jpg,61,62,PASS_RIGHT_SIDE,223,458,284,520
1277107902Image000059.jpg,48,48,PEDESTRIAN_CROSSING,687,434,735,482
1277107902Image000059.jpg,28,27,PRIORITY_ROAD,630,513,658,540
1277107902Image000059.jpg,61,62,PASS_RIGHT_SIDE,223,458,284,520
1277107902Image000059.jpg,48,48,PEDESTRIAN_CROSSING,687,434,735,482
1277107902Image000059.jpg,28,27,PRIORITY_ROAD,630,513,658,540
1277107902Image000059.jpg,61,62,PASS_RIGHT_SIDE,223,458,284,520
1277107902Image000059.jpg,48,48,PEDESTRIAN_CROSSING,687,434,735,482
1277107902Image000059.jpg,28,27,PRIORITY_ROAD,630,513,658,540
1277107902Image000059.jpg,61,62,PASS_RIGHT_SIDE,223,458,284,520
1277107902Image000059.jpg,48,48,PEDESTRIAN_CROSSING,687,434,735,482
1277107902Image000059.jpg,28,27,PRIORITY_ROAD,630,513,658,540
1277107902Image000064.jpg,82,87,PASS_RIGHT_SIDE,74,407,156,494
1277107902Image000064.jpg,58,59,PEDESTRIAN_CROSSING,703,403,761,462
1277107902Image000064.jpg,27,27,PRIORITY_ROAD,612,510,639,537
1277107902Image000064.jpg,82,87,PASS_RIGHT_SIDE,74,407,156,494
1277107902Image000064.jpg,58,59,PEDESTRIAN_CROSSING,703,403,761,462
1277107902Image000064.jpg,27,27,PRIORITY_ROAD,612,510,639,537
1277107902Image000064.jpg,82,87,PASS_RIGHT_SIDE,74,407,156,494
1277107902Image000064.jpg,58,59,PEDESTRIAN_CROSSING,703,403,761,462
1277107902Image000064.jpg,27,27,PRIORITY_ROAD,612,510,639,537
1277107902Image000064.jpg,82,87,PASS_RIGHT_SIDE,74,407,156,494
1277107902Image000064.jpg,58,59,PEDESTRIAN_CROSSING,703,403,761,462
1277107902Image000064.jpg,27,27,PRIORITY_ROAD,612,510,639,537
1277107902Image000069.jpg,33,99,PASS_RIGHT_SIDE,-6,357,27,456
1277107902Image000069.jpg,72,75,PEDESTRIAN_CROSSING,748,365,820,440
1277107902Image000069.jpg,31,31,PRIORITY_ROAD,622,505,653,536
1277107902Image000069.jpg,33,99,PASS_RIGHT_SIDE,-6,357,27,456
1277107902Image000069.jpg,72,75,PEDESTRIAN_CROSSING,748,365,820,440
1277107902Image000069.jpg,31,31,PRIORITY_ROAD,622,505,653,536
1277107902Image000069.jpg,33,99,PASS_RIGHT_SIDE,-6,357,27,456
1277107902Image000069.jpg,72,75,PEDESTRIAN_CROSSING,748,365,820,440
1277107902Image000069.jpg,31,31,PRIORITY_ROAD,622,505,653,536
1277107902Image000069.jpg,33,99,PASS_RIGHT_SIDE,-6,357,27,456
1277107902Image000069.jpg,72,75,PEDESTRIAN_CROSSING,748,365,820,440
1277107902Image000069.jpg,31,31,PRIORITY_ROAD,622,505,653,536
1277107902Image000074.jpg,131,124,PEDESTRIAN_CROSSING,970,195,1101,319
1277107902Image000074.jpg,43,42,PRIORITY_ROAD,665,482,708,524
1277107902Image000074.jpg,131,124,PEDESTRIAN_CROSSING,970,195,1101,319
1277107902Image000074.jpg,43,42,PRIORITY_ROAD,665,482,708,524
1277107902Image000079.jpg,47,49,PRIORITY_ROAD,709,451,756,500
1277107902Image000084.jpg,74,76,PRIORITY_ROAD,826,415,900,491
1277107902Image000089.jpg,99,97,PRIORITY_ROAD,977,344,1076,441
1277107918Image000001.jpg,16,16,PEDESTRIAN_CROSSING,431,523,447,539
1277107918Image000001.jpg,28,28,PEDESTRIAN_CROSSING,449,494,477,522
1277107918Image000001.jpg,29,32,PASS_RIGHT_SIDE,219,516,248,548
1277107918Image000001.jpg,19,20,PASS_RIGHT_SIDE,176,539,195,559
1277107918Image000001.jpg,16,16,PEDESTRIAN_CROSSING,431,523,447,539
1277107918Image000001.jpg,28,28,PEDESTRIAN_CROSSING,449,494,477,522
1277107918Image000001.jpg,29,32,PASS_RIGHT_SIDE,219,516,248,548
1277107918Image000001.jpg,19,20,PASS_RIGHT_SIDE,176,539,195,559
1277107918Image000001.jpg,16,16,PEDESTRIAN_CROSSING,431,523,447,539
1277107918Image000001.jpg,28,28,PEDESTRIAN_CROSSING,449,494,477,522
1277107918Image000001.jpg,29,32,PASS_RIGHT_SIDE,219,516,248,548
1277107918Image000001.jpg,19,20,PASS_RIGHT_SIDE,176,539,195,559
1277107918Image000001.jpg,16,16,PEDESTRIAN_CROSSING,431,523,447,539
1277107918Image000001.jpg,28,28,PEDESTRIAN_CROSSING,449,494,477,522
1277107918Image000001.jpg,29,32,PASS_RIGHT_SIDE,219,516,248,548
1277107918Image000001.jpg,19,20,PASS_RIGHT_SIDE,176,539,195,559
1277107918Image000001.jpg,16,16,PEDESTRIAN_CROSSING,431,523,447,539
1277107918Image000001.jpg,28,28,PEDESTRIAN_CROSSING,449,494,477,522
1277107918Image000001.jpg,29,32,PASS_RIGHT_SIDE,219,516,248,548
1277107918Image000001.jpg,19,20,PASS_RIGHT_SIDE,176,539,195,559
1277107918Image000006.jpg,20,21,PEDESTRIAN_CROSSING,541,503,561,524
1277107918Image000006.jpg,50,46,PEDESTRIAN_CROSSING,579,430,629,476
1277107918Image000006.jpg,52,52,PASS_RIGHT_SIDE,169,470,221,522
1277107918Image000006.jpg,23,21,PASS_RIGHT_SIDE,208,527,231,548
1277107918Image000006.jpg,18,15,PRIORITY_ROAD,367,544,385,559
1277107918Image000006.jpg,13,15,50_SIGN,289,540,302,555
1277107918Image000006.jpg,11,12,PEDESTRIAN_CROSSING,271,556,282,568
1277107918Image000006.jpg,20,21,PEDESTRIAN_CROSSING,541,503,561,524
1277107918Image000006.jpg,50,46,PEDESTRIAN_CROSSING,579,430,629,476
1277107918Image000006.jpg,52,52,PASS_RIGHT_SIDE,169,470,221,522
1277107918Image000006.jpg,23,21,PASS_RIGHT_SIDE,208,527,231,548
1277107918Image000006.jpg,18,15,PRIORITY_ROAD,367,544,385,559
1277107918Image000006.jpg,13,15,50_SIGN,289,540,302,555
1277107918Image000006.jpg,11,12,PEDESTRIAN_CROSSING,271,556,282,568
1277107918Image000006.jpg,20,21,PEDESTRIAN_CROSSING,541,503,561,524
1277107918Image000006.jpg,50,46,PEDESTRIAN_CROSSING,579,430,629,476
1277107918Image000006.jpg,52,52,PASS_RIGHT_SIDE,169,470,221,522
1277107918Image000006.jpg,23,21,PASS_RIGHT_SIDE,208,527,231,548
1277107918Image000006.jpg,18,15,PRIORITY_ROAD,367,544,385,559
1277107918Image000006.jpg,13,15,50_SIGN,289,540,302,555
1277107918Image000006.jpg,11,12,PEDESTRIAN_CROSSING,271,556,282,568
1277107918Image000006.jpg,20,21,PEDESTRIAN_CROSSING,541,503,561,524
1277107918Image000006.jpg,50,46,PEDESTRIAN_CROSSING,579,430,629,476
1277107918Image000006.jpg,52,52,PASS_RIGHT_SIDE,169,470,221,522
1277107918Image000006.jpg,23,21,PASS_RIGHT_SIDE,208,527,231,548
1277107918Image000006.jpg,18,15,PRIORITY_ROAD,367,544,385,559
1277107918Image000006.jpg,13,15,50_SIGN,289,540,302,555
1277107918Image000006.jpg,11,12,PEDESTRIAN_CROSSING,271,556,282,568
1277107918Image000006.jpg,20,21,PEDESTRIAN_CROSSING,541,503,561,524
1277107918Image000006.jpg,50,46,PEDESTRIAN_CROSSING,579,430,629,476
1277107918Image000006.jpg,52,52,PASS_RIGHT_SIDE,169,470,221,522
1277107918Image000006.jpg,23,21,PASS_RIGHT_SIDE,208,527,231,548
1277107918Image000006.jpg,18,15,PRIORITY_ROAD,367,544,385,559
1277107918Image000006.jpg,13,15,50_SIGN,289,540,302,555
1277107918Image000006.jpg,11,12,PEDESTRIAN_CROSSING,271,556,282,568
1277107918Image000006.jpg,20,21,PEDESTRIAN_CROSSING,541,503,561,524
1277107918Image000006.jpg,50,46,PEDESTRIAN_CROSSING,579,430,629,476
1277107918Image000006.jpg,52,52,PASS_RIGHT_SIDE,169,470,221,522
1277107918Image000006.jpg,23,21,PASS_RIGHT_SIDE,208,527,231,548
1277107918Image000006.jpg,18,15,PRIORITY_ROAD,367,544,385,559
1277107918Image000006.jpg,13,15,50_SIGN,289,540,302,555
1277107918Image000006.jpg,11,12,PEDESTRIAN_CROSSING,271,556,282,568
1277107918Image000006.jpg,20,21,PEDESTRIAN_CROSSING,541,503,561,524
1277107918Image000006.jpg,50,46,PEDESTRIAN_CROSSING,579,430,629,476
1277107918Image000006.jpg,52,52,PASS_RIGHT_SIDE,169,470,221,522
1277107918Image000006.jpg,23,21,PASS_RIGHT_SIDE,208,527,231,548
1277107918Image000006.jpg,18,15,PRIORITY_ROAD,367,544,385,559
1277107918Image000006.jpg,13,15,50_SIGN,289,540,302,555
1277107918Image000006.jpg,11,12,PEDESTRIAN_CROSSING,271,556,282,568
1277107918Image000011.jpg,27,27,PEDESTRIAN_CROSSING,637,484,664,511
1277107918Image000011.jpg,119,116,PEDESTRIAN_CROSSING,861,217,980,333
1277107918Image000011.jpg,28,31,PASS_RIGHT_SIDE,196,510,224,541
1277107918Image000011.jpg,19,20,PRIORITY_ROAD,414,537,433,557
1277107918Image000011.jpg,16,17,50_SIGN,323,534,339,551
1277107918Image000011.jpg,14,14,PEDESTRIAN_CROSSING,310,552,324,566
1277107918Image000011.jpg,27,27,PEDESTRIAN_CROSSING,637,484,664,511
1277107918Image000011.jpg,119,116,PEDESTRIAN_CROSSING,861,217,980,333
1277107918Image000011.jpg,28,31,PASS_RIGHT_SIDE,196,510,224,541
1277107918Image000011.jpg,19,20,PRIORITY_ROAD,414,537,433,557
1277107918Image000011.jpg,16,17,50_SIGN,323,534,339,551
1277107918Image000011.jpg,14,14,PEDESTRIAN_CROSSING,310,552,324,566
1277107918Image000011.jpg,27,27,PEDESTRIAN_CROSSING,637,484,664,511
1277107918Image000011.jpg,119,116,PEDESTRIAN_CROSSING,861,217,980,333
1277107918Image000011.jpg,28,31,PASS_RIGHT_SIDE,196,510,224,541
1277107918Image000011.jpg,19,20,PRIORITY_ROAD,414,537,433,557
1277107918Image000011.jpg,16,17,50_SIGN,323,534,339,551
1277107918Image000011.jpg,14,14,PEDESTRIAN_CROSSING,310,552,324,566
1277107918Image000011.jpg,27,27,PEDESTRIAN_CROSSING,637,484,664,511
1277107918Image000011.jpg,119,116,PEDESTRIAN_CROSSING,861,217,980,333
1277107918Image000011.jpg,28,31,PASS_RIGHT_SIDE,196,510,224,541
1277107918Image000011.jpg,19,20,PRIORITY_ROAD,414,537,433,557
1277107918Image000011.jpg,16,17,50_SIGN,323,534,339,551
1277107918Image000011.jpg,14,14,PEDESTRIAN_CROSSING,310,552,324,566
1277107918Image000011.jpg,27,27,PEDESTRIAN_CROSSING,637,484,664,511
1277107918Image000011.jpg,119,116,PEDESTRIAN_CROSSING,861,217,980,333
1277107918Image000011.jpg,28,31,PASS_RIGHT_SIDE,196,510,224,541
1277107918Image000011.jpg,19,20,PRIORITY_ROAD,414,537,433,557
1277107918Image000011.jpg,16,17,50_SIGN,323,534,339,551
1277107918Image000011.jpg,14,14,PEDESTRIAN_CROSSING,310,552,324,566
1277107918Image000011.jpg,27,27,PEDESTRIAN_CROSSING,637,484,664,511
1277107918Image000011.jpg,119,116,PEDESTRIAN_CROSSING,861,217,980,333
1277107918Image000011.jpg,28,31,PASS_RIGHT_SIDE,196,510,224,541
1277107918Image000011.jpg,19,20,PRIORITY_ROAD,414,537,433,557
1277107918Image000011.jpg,16,17,50_SIGN,323,534,339,551
1277107918Image000011.jpg,14,14,PEDESTRIAN_CROSSING,310,552,324,566
1277107918Image000016.jpg,31,33,PEDESTRIAN_CROSSING,718,461,749,494
1277107918Image000016.jpg,35,33,PASS_RIGHT_SIDE,181,496,216,529
1277107918Image000016.jpg,22,19,PRIORITY_ROAD,449,529,471,548
1277107918Image000016.jpg,20,18,50_SIGN,350,527,370,545
1277107918Image000016.jpg,13,14,PEDESTRIAN_CROSSING,342,548,355,562
1277107918Image000016.jpg,31,33,PEDESTRIAN_CROSSING,718,461,749,494
1277107918Image000016.jpg,35,33,PASS_RIGHT_SIDE,181,496,216,529
1277107918Image000016.jpg,22,19,PRIORITY_ROAD,449,529,471,548
1277107918Image000016.jpg,20,18,50_SIGN,350,527,370,545
1277107918Image000016.jpg,13,14,PEDESTRIAN_CROSSING,342,548,355,562
1277107918Image000016.jpg,31,33,PEDESTRIAN_CROSSING,718,461,749,494
1277107918Image000016.jpg,35,33,PASS_RIGHT_SIDE,181,496,216,529
1277107918Image000016.jpg,22,19,PRIORITY_ROAD,449,529,471,548
1277107918Image000016.jpg,20,18,50_SIGN,350,527,370,545
1277107918Image000016.jpg,13,14,PEDESTRIAN_CROSSING,342,548,355,562
1277107918Image000016.jpg,31,33,PEDESTRIAN_CROSSING,718,461,749,494
1277107918Image000016.jpg,35,33,PASS_RIGHT_SIDE,181,496,216,529
1277107918Image000016.jpg,22,19,PRIORITY_ROAD,449,529,471,548
1277107918Image000016.jpg,20,18,50_SIGN,350,527,370,545
1277107918Image000016.jpg,13,14,PEDESTRIAN_CROSSING,342,548,355,562
1277107918Image000016.jpg,31,33,PEDESTRIAN_CROSSING,718,461,749,494
1277107918Image000016.jpg,35,33,PASS_RIGHT_SIDE,181,496,216,529
1277107918Image000016.jpg,22,19,PRIORITY_ROAD,449,529,471,548
1277107918Image000016.jpg,20,18,50_SIGN,350,527,370,545
1277107918Image000016.jpg,13,14,PEDESTRIAN_CROSSING,342,548,355,562
1277107918Image000021.jpg,38,42,PEDESTRIAN_CROSSING,895,422,933,464
1277107918Image000021.jpg,47,52,PASS_RIGHT_SIDE,158,471,205,523
1277107918Image000021.jpg,28,26,PRIORITY_ROAD,527,523,555,549
1277107918Image000021.jpg,22,22,50_SIGN,410,526,432,548
1277107918Image000021.jpg,16,17,PEDESTRIAN_CROSSING,406,549,422,566
1277107918Image000021.jpg,38,42,PEDESTRIAN_CROSSING,895,422,933,464
1277107918Image000021.jpg,47,52,PASS_RIGHT_SIDE,158,471,205,523
1277107918Image000021.jpg,28,26,PRIORITY_ROAD,527,523,555,549
1277107918Image000021.jpg,22,22,50_SIGN,410,526,432,548
1277107918Image000021.jpg,16,17,PEDESTRIAN_CROSSING,406,549,422,566
1277107918Image000021.jpg,38,42,PEDESTRIAN_CROSSING,895,422,933,464
1277107918Image000021.jpg,47,52,PASS_RIGHT_SIDE,158,471,205,523
1277107918Image000021.jpg,28,26,PRIORITY_ROAD,527,523,555,549
1277107918Image000021.jpg,22,22,50_SIGN,410,526,432,548
1277107918Image000021.jpg,16,17,PEDESTRIAN_CROSSING,406,549,422,566
1277107918Image000021.jpg,38,42,PEDESTRIAN_CROSSING,895,422,933,464
1277107918Image000021.jpg,47,52,PASS_RIGHT_SIDE,158,471,205,523
1277107918Image000021.jpg,28,26,PRIORITY_ROAD,527,523,555,549
1277107918Image000021.jpg,22,22,50_SIGN,410,526,432,548
1277107918Image000021.jpg,16,17,PEDESTRIAN_CROSSING,406,549,422,566
1277107918Image000021.jpg,38,42,PEDESTRIAN_CROSSING,895,422,933,464
1277107918Image000021.jpg,47,52,PASS_RIGHT_SIDE,158,471,205,523
1277107918Image000021.jpg,28,26,PRIORITY_ROAD,527,523,555,549
1277107918Image000021.jpg,22,22,50_SIGN,410,526,432,548
1277107918Image000021.jpg,16,17,PEDESTRIAN_CROSSING,406,549,422,566
1277107918Image000026.jpg,61,62,PEDESTRIAN_CROSSING,1161,371,1222,433
1277107918Image000026.jpg,68,72,PASS_RIGHT_SIDE,61,432,129,504
1277107918Image000026.jpg,39,36,PRIORITY_ROAD,603,521,642,557
1277107918Image000026.jpg,27,27,50_SIGN,454,531,481,558
1277107918Image000026.jpg,15,17,PEDESTRIAN_CROSSING,453,561,468,578
1277107918Image000026.jpg,61,62,PEDESTRIAN_CROSSING,1161,371,1222,433
1277107918Image000026.jpg,68,72,PASS_RIGHT_SIDE,61,432,129,504
1277107918Image000026.jpg,39,36,PRIORITY_ROAD,603,521,642,557
1277107918Image000026.jpg,27,27,50_SIGN,454,531,481,558
1277107918Image000026.jpg,15,17,PEDESTRIAN_CROSSING,453,561,468,578
1277107918Image000026.jpg,61,62,PEDESTRIAN_CROSSING,1161,371,1222,433
1277107918Image000026.jpg,68,72,PASS_RIGHT_SIDE,61,432,129,504
1277107918Image000026.jpg,39,36,PRIORITY_ROAD,603,521,642,557
1277107918Image000026.jpg,27,27,50_SIGN,454,531,481,558
1277107918Image000026.jpg,15,17,PEDESTRIAN_CROSSING,453,561,468,578
1277107918Image000026.jpg,61,62,PEDESTRIAN_CROSSING,1161,371,1222,433
1277107918Image000026.jpg,68,72,PASS_RIGHT_SIDE,61,432,129,504
1277107918Image000026.jpg,39,36,PRIORITY_ROAD,603,521,642,557
1277107918Image000026.jpg,27,27,50_SIGN,454,531,481,558
1277107918Image000026.jpg,15,17,PEDESTRIAN_CROSSING,453,561,468,578
1277107918Image000026.jpg,61,62,PEDESTRIAN_CROSSING,1161,371,1222,433
1277107918Image000026.jpg,68,72,PASS_RIGHT_SIDE,61,432,129,504
1277107918Image000026.jpg,39,36,PRIORITY_ROAD,603,521,642,557
1277107918Image000026.jpg,27,27,50_SIGN,454,531,481,558
1277107918Image000026.jpg,15,17,PEDESTRIAN_CROSSING,453,561,468,578
1277107930Image000001.jpg,130,134,PEDESTRIAN_CROSSING,1000,247,1130,381
1277107930Image000001.jpg,21,54,PEDESTRIAN_CROSSING,766,427,787,481
1277107930Image000001.jpg,26,24,PEDESTRIAN_CROSSING,394,506,420,530
1277107930Image000001.jpg,27,28,PASS_RIGHT_SIDE,394,536,421,564
1277107930Image000001.jpg,14,16,PRIORITY_ROAD,551,530,565,546
1277107930Image000001.jpg,130,134,PEDESTRIAN_CROSSING,1000,247,1130,381
1277107930Image000001.jpg,21,54,PEDESTRIAN_CROSSING,766,427,787,481
1277107930Image000001.jpg,26,24,PEDESTRIAN_CROSSING,394,506,420,530
1277107930Image000001.jpg,27,28,PASS_RIGHT_SIDE,394,536,421,564
1277107930Image000001.jpg,14,16,PRIORITY_ROAD,551,530,565,546
1277107930Image000001.jpg,130,134,PEDESTRIAN_CROSSING,1000,247,1130,381
1277107930Image000001.jpg,21,54,PEDESTRIAN_CROSSING,766,427,787,481
1277107930Image000001.jpg,26,24,PEDESTRIAN_CROSSING,394,506,420,530
1277107930Image000001.jpg,27,28,PASS_RIGHT_SIDE,394,536,421,564
1277107930Image000001.jpg,14,16,PRIORITY_ROAD,551,530,565,546
1277107930Image000001.jpg,130,134,PEDESTRIAN_CROSSING,1000,247,1130,381
1277107930Image000001.jpg,21,54,PEDESTRIAN_CROSSING,766,427,787,481
1277107930Image000001.jpg,26,24,PEDESTRIAN_CROSSING,394,506,420,530
1277107930Image000001.jpg,27,28,PASS_RIGHT_SIDE,394,536,421,564
1277107930Image000001.jpg,14,16,PRIORITY_ROAD,551,530,565,546
1277107930Image000001.jpg,130,134,PEDESTRIAN_CROSSING,1000,247,1130,381
1277107930Image000001.jpg,21,54,PEDESTRIAN_CROSSING,766,427,787,481
1277107930Image000001.jpg,26,24,PEDESTRIAN_CROSSING,394,506,420,530
1277107930Image000001.jpg,27,28,PASS_RIGHT_SIDE,394,536,421,564
1277107930Image000001.jpg,14,16,PRIORITY_ROAD,551,530,565,546
1277107930Image000001.jpg,130,134,PEDESTRIAN_CROSSING,1000,247,1130,381
1277107930Image000001.jpg,21,54,PEDESTRIAN_CROSSING,766,427,787,481
1277107930Image000001.jpg,26,24,PEDESTRIAN_CROSSING,394,506,420,530
1277107930Image000001.jpg,27,28,PASS_RIGHT_SIDE,394,536,421,564
1277107930Image000001.jpg,14,16,PRIORITY_ROAD,551,530,565,546
1277107930Image000006.jpg,25,65,PEDESTRIAN_CROSSING,832,390,857,455
1277107930Image000006.jpg,17,36,PEDESTRIAN_CROSSING,998,411,1015,447
1277107930Image000006.jpg,28,29,PEDESTRIAN_CROSSING,379,497,407,526
1277107930Image000006.jpg,29,32,PASS_RIGHT_SIDE,378,530,407,562
1277107930Image000006.jpg,16,15,PRIORITY_ROAD,550,527,566,542
1277107930Image000006.jpg,25,65,PEDESTRIAN_CROSSING,832,390,857,455
1277107930Image000006.jpg,17,36,PEDESTRIAN_CROSSING,998,411,1015,447
1277107930Image000006.jpg,28,29,PEDESTRIAN_CROSSING,379,497,407,526
1277107930Image000006.jpg,29,32,PASS_RIGHT_SIDE,378,530,407,562
1277107930Image000006.jpg,16,15,PRIORITY_ROAD,550,527,566,542
1277107930Image000006.jpg,25,65,PEDESTRIAN_CROSSING,832,390,857,455
1277107930Image000006.jpg,17,36,PEDESTRIAN_CROSSING,998,411,1015,447
1277107930Image000006.jpg,28,29,PEDESTRIAN_CROSSING,379,497,407,526
1277107930Image000006.jpg,29,32,PASS_RIGHT_SIDE,378,530,407,562
1277107930Image000006.jpg,16,15,PRIORITY_ROAD,550,527,566,542
1277107930Image000006.jpg,25,65,PEDESTRIAN_CROSSING,832,390,857,455
1277107930Image000006.jpg,17,36,PEDESTRIAN_CROSSING,998,411,1015,447
1277107930Image000006.jpg,28,29,PEDESTRIAN_CROSSING,379,497,407,526
1277107930Image000006.jpg,29,32,PASS_RIGHT_SIDE,378,530,407,562
1277107930Image000006.jpg,16,15,PRIORITY_ROAD,550,527,566,542
1277107930Image000006.jpg,25,65,PEDESTRIAN_CROSSING,832,390,857,455
1277107930Image000006.jpg,17,36,PEDESTRIAN_CROSSING,998,411,1015,447
1277107930Image000006.jpg,28,29,PEDESTRIAN_CROSSING,379,497,407,526
1277107930Image000006.jpg,29,32,PASS_RIGHT_SIDE,378,530,407,562
1277107930Image000006.jpg,16,15,PRIORITY_ROAD,550,527,566,542
1277107930Image000011.jpg,81,153,PEDESTRIAN_CROSSING,1198,165,1279,318
1277107930Image000011.jpg,29,58,PEDESTRIAN_CROSSING,1203,339,1232,397
1277107930Image000011.jpg,35,35,PEDESTRIAN_CROSSING,333,483,368,518
1277107930Image000011.jpg,39,40,PASS_RIGHT_SIDE,331,525,370,565
1277107930Image000011.jpg,19,18,PRIORITY_ROAD,547,524,566,542
1277107930Image000011.jpg,81,153,PEDESTRIAN_CROSSING,1198,165,1279,318
1277107930Image000011.jpg,29,58,PEDESTRIAN_CROSSING,1203,339,1232,397
1277107930Image000011.jpg,35,35,PEDESTRIAN_CROSSING,333,483,368,518
1277107930Image000011.jpg,39,40,PASS_RIGHT_SIDE,331,525,370,565
1277107930Image000011.jpg,19,18,PRIORITY_ROAD,547,524,566,542
1277107930Image000011.jpg,81,153,PEDESTRIAN_CROSSING,1198,165,1279,318
1277107930Image000011.jpg,29,58,PEDESTRIAN_CROSSING,1203,339,1232,397
1277107930Image000011.jpg,35,35,PEDESTRIAN_CROSSING,333,483,368,518
1277107930Image000011.jpg,39,40,PASS_RIGHT_SIDE,331,525,370,565
1277107930Image000011.jpg,19,18,PRIORITY_ROAD,547,524,566,542
1277107930Image000011.jpg,81,153,PEDESTRIAN_CROSSING,1198,165,1279,318
1277107930Image000011.jpg,29,58,PEDESTRIAN_CROSSING,1203,339,1232,397
1277107930Image000011.jpg,35,35,PEDESTRIAN_CROSSING,333,483,368,518
1277107930Image000011.jpg,39,40,PASS_RIGHT_SIDE,331,525,370,565
1277107930Image000011.jpg,19,18,PRIORITY_ROAD,547,524,566,542
1277107930Image000011.jpg,81,153,PEDESTRIAN_CROSSING,1198,165,1279,318
1277107930Image000011.jpg,29,58,PEDESTRIAN_CROSSING,1203,339,1232,397
1277107930Image000011.jpg,35,35,PEDESTRIAN_CROSSING,333,483,368,518
1277107930Image000011.jpg,39,40,PASS_RIGHT_SIDE,331,525,370,565
1277107930Image000011.jpg,19,18,PRIORITY_ROAD,547,524,566,542
1277107930Image000016.jpg,41,41,PEDESTRIAN_CROSSING,298,466,339,507
1277107930Image000016.jpg,43,45,PASS_RIGHT_SIDE,296,515,339,560
1277107930Image000016.jpg,22,19,PRIORITY_ROAD,538,520,560,539
1277107930Image000016.jpg,41,41,PEDESTRIAN_CROSSING,298,466,339,507
1277107930Image000016.jpg,43,45,PASS_RIGHT_SIDE,296,515,339,560
1277107930Image000016.jpg,22,19,PRIORITY_ROAD,538,520,560,539
1277107930Image000016.jpg,41,41,PEDESTRIAN_CROSSING,298,466,339,507
1277107930Image000016.jpg,43,45,PASS_RIGHT_SIDE,296,515,339,560
1277107930Image000016.jpg,22,19,PRIORITY_ROAD,538,520,560,539
1277107930Image000021.jpg,50,51,PEDESTRIAN_CROSSING,238,434,288,485
1277107930Image000021.jpg,55,56,PASS_RIGHT_SIDE,234,496,289,552
1277107930Image000021.jpg,21,20,PRIORITY_ROAD,531,513,552,533
1277107930Image000021.jpg,50,51,PEDESTRIAN_CROSSING,238,434,288,485
1277107930Image000021.jpg,55,56,PASS_RIGHT_SIDE,234,496,289,552
1277107930Image000021.jpg,21,20,PRIORITY_ROAD,531,513,552,533
1277107930Image000021.jpg,50,51,PEDESTRIAN_CROSSING,238,434,288,485
1277107930Image000021.jpg,55,56,PASS_RIGHT_SIDE,234,496,289,552
1277107930Image000021.jpg,21,20,PRIORITY_ROAD,531,513,552,533
1277107930Image000026.jpg,70,73,PEDESTRIAN_CROSSING,100,372,170,445
1277107930Image000026.jpg,80,79,PASS_RIGHT_SIDE,92,460,172,539
1277107930Image000026.jpg,27,26,PRIORITY_ROAD,502,496,529,522
1277107930Image000026.jpg,70,73,PEDESTRIAN_CROSSING,100,372,170,445
1277107930Image000026.jpg,80,79,PASS_RIGHT_SIDE,92,460,172,539
1277107930Image000026.jpg,27,26,PRIORITY_ROAD,502,496,529,522
1277107930Image000026.jpg,70,73,PEDESTRIAN_CROSSING,100,372,170,445
1277107930Image000026.jpg,80,79,PASS_RIGHT_SIDE,92,460,172,539
1277107930Image000026.jpg,27,26,PRIORITY_ROAD,502,496,529,522
1277107930Image000036.jpg,33,32,PRIORITY_ROAD,502,474,535,506
1277107930Image000036.jpg,9,10,PRIORITY_ROAD,436,555,445,565
1277107930Image000036.jpg,12,13,NO_STOPPING_NO_STANDING,435,542,447,555
1277107930Image000036.jpg,33,32,PRIORITY_ROAD,502,474,535,506
1277107930Image000036.jpg,9,10,PRIORITY_ROAD,436,555,445,565
1277107930Image000036.jpg,12,13,NO_STOPPING_NO_STANDING,435,542,447,555
1277107930Image000036.jpg,33,32,PRIORITY_ROAD,502,474,535,506
1277107930Image000036.jpg,9,10,PRIORITY_ROAD,436,555,445,565
1277107930Image000036.jpg,12,13,NO_STOPPING_NO_STANDING,435,542,447,555
1277107930Image000041.jpg,39,38,PRIORITY_ROAD,531,472,570,510
1277107930Image000041.jpg,11,9,PRIORITY_ROAD,457,567,468,576
1277107930Image000041.jpg,13,13,NO_STOPPING_NO_STANDING,456,555,469,568
1277107930Image000041.jpg,39,38,PRIORITY_ROAD,531,472,570,510
1277107930Image000041.jpg,11,9,PRIORITY_ROAD,457,567,468,576
1277107930Image000041.jpg,13,13,NO_STOPPING_NO_STANDING,456,555,469,568
1277107930Image000041.jpg,39,38,PRIORITY_ROAD,531,472,570,510
1277107930Image000041.jpg,11,9,PRIORITY_ROAD,457,567,468,576
1277107930Image000041.jpg,13,13,NO_STOPPING_NO_STANDING,456,555,469,568
1277107930Image000046.jpg,51,44,PRIORITY_ROAD,585,448,636,492
1277107930Image000046.jpg,12,9,PRIORITY_ROAD,492,567,504,576
1277107930Image000046.jpg,12,14,NO_STOPPING_NO_STANDING,493,552,505,566
1277107930Image000046.jpg,51,44,PRIORITY_ROAD,585,448,636,492
1277107930Image000046.jpg,12,9,PRIORITY_ROAD,492,567,504,576
1277107930Image000046.jpg,12,14,NO_STOPPING_NO_STANDING,493,552,505,566
1277107930Image000046.jpg,51,44,PRIORITY_ROAD,585,448,636,492
1277107930Image000046.jpg,12,9,PRIORITY_ROAD,492,567,504,576
1277107930Image000046.jpg,12,14,NO_STOPPING_NO_STANDING,493,552,505,566
1277107930Image000051.jpg,62,59,PRIORITY_ROAD,672,399,734,458
1277107930Image000051.jpg,12,10,PRIORITY_ROAD,536,563,548,573
1277107930Image000051.jpg,16,16,NO_STOPPING_NO_STANDING,535,547,551,563
1277107930Image000051.jpg,9,8,PEDESTRIAN_CROSSING,531,558,540,566
1277107930Image000051.jpg,62,59,PRIORITY_ROAD,672,399,734,458
1277107930Image000051.jpg,12,10,PRIORITY_ROAD,536,563,548,573
1277107930Image000051.jpg,16,16,NO_STOPPING_NO_STANDING,535,547,551,563
1277107930Image000051.jpg,9,8,PEDESTRIAN_CROSSING,531,558,540,566
1277107930Image000051.jpg,62,59,PRIORITY_ROAD,672,399,734,458
1277107930Image000051.jpg,12,10,PRIORITY_ROAD,536,563,548,573
1277107930Image000051.jpg,16,16,NO_STOPPING_NO_STANDING,535,547,551,563
1277107930Image000051.jpg,9,8,PEDESTRIAN_CROSSING,531,558,540,566
1277107930Image000051.jpg,62,59,PRIORITY_ROAD,672,399,734,458
1277107930Image000051.jpg,12,10,PRIORITY_ROAD,536,563,548,573
1277107930Image000051.jpg,16,16,NO_STOPPING_NO_STANDING,535,547,551,563
1277107930Image000051.jpg,9,8,PEDESTRIAN_CROSSING,531,558,540,566
1277107930Image000056.jpg,124,117,PRIORITY_ROAD,893,227,1017,344
1277107930Image000056.jpg,11,11,PRIORITY_ROAD,573,554,584,565
1277107930Image000056.jpg,17,18,NO_STOPPING_NO_STANDING,573,538,590,556
1277107930Image000056.jpg,10,9,PEDESTRIAN_CROSSING,564,550,574,559
1277107930Image000056.jpg,124,117,PRIORITY_ROAD,893,227,1017,344
1277107930Image000056.jpg,11,11,PRIORITY_ROAD,573,554,584,565
1277107930Image000056.jpg,17,18,NO_STOPPING_NO_STANDING,573,538,590,556
1277107930Image000056.jpg,10,9,PEDESTRIAN_CROSSING,564,550,574,559
1277107930Image000056.jpg,124,117,PRIORITY_ROAD,893,227,1017,344
1277107930Image000056.jpg,11,11,PRIORITY_ROAD,573,554,584,565
1277107930Image000056.jpg,17,18,NO_STOPPING_NO_STANDING,573,538,590,556
1277107930Image000056.jpg,10,9,PEDESTRIAN_CROSSING,564,550,574,559
1277107930Image000056.jpg,124,117,PRIORITY_ROAD,893,227,1017,344
1277107930Image000056.jpg,11,11,PRIORITY_ROAD,573,554,584,565
1277107930Image000056.jpg,17,18,NO_STOPPING_NO_STANDING,573,538,590,556
1277107930Image000056.jpg,10,9,PEDESTRIAN_CROSSING,564,550,574,559
1277107930Image000061.jpg,12,15,PRIORITY_ROAD,584,560,596,575
1277107930Image000061.jpg,17,18,NO_STOPPING_NO_STANDING,584,545,601,563
1277107930Image000061.jpg,9,9,PEDESTRIAN_CROSSING,574,558,583,567
1277107930Image000061.jpg,9,9,PEDESTRIAN_CROSSING,417,562,426,571
1277107930Image000061.jpg,12,15,PRIORITY_ROAD,584,560,596,575
1277107930Image000061.jpg,17,18,NO_STOPPING_NO_STANDING,584,545,601,563
1277107930Image000061.jpg,9,9,PEDESTRIAN_CROSSING,574,558,583,567
1277107930Image000061.jpg,9,9,PEDESTRIAN_CROSSING,417,562,426,571
1277107930Image000061.jpg,12,15,PRIORITY_ROAD,584,560,596,575
1277107930Image000061.jpg,17,18,NO_STOPPING_NO_STANDING,584,545,601,563
1277107930Image000061.jpg,9,9,PEDESTRIAN_CROSSING,574,558,583,567
1277107930Image000061.jpg,9,9,PEDESTRIAN_CROSSING,417,562,426,571
1277107930Image000061.jpg,12,15,PRIORITY_ROAD,584,560,596,575
1277107930Image000061.jpg,17,18,NO_STOPPING_NO_STANDING,584,545,601,563
1277107930Image000061.jpg,9,9,PEDESTRIAN_CROSSING,574,558,583,567
1277107930Image000061.jpg,9,9,PEDESTRIAN_CROSSING,417,562,426,571
1277107930Image000066.jpg,12,12,PRIORITY_ROAD,591,565,603,577
1277107930Image000066.jpg,19,18,NO_STOPPING_NO_STANDING,588,546,607,564
1277107930Image000066.jpg,11,11,PEDESTRIAN_CROSSING,577,560,588,571
1277107930Image000066.jpg,10,10,PEDESTRIAN_CROSSING,411,564,421,574
1277107930Image000066.jpg,12,12,PRIORITY_ROAD,591,565,603,577
1277107930Image000066.jpg,19,18,NO_STOPPING_NO_STANDING,588,546,607,564
1277107930Image000066.jpg,11,11,PEDESTRIAN_CROSSING,577,560,588,571
1277107930Image000066.jpg,10,10,PEDESTRIAN_CROSSING,411,564,421,574
1277107930Image000066.jpg,12,12,PRIORITY_ROAD,591,565,603,577
1277107930Image000066.jpg,19,18,NO_STOPPING_NO_STANDING,588,546,607,564
1277107930Image000066.jpg,11,11,PEDESTRIAN_CROSSING,577,560,588,571
1277107930Image000066.jpg,10,10,PEDESTRIAN_CROSSING,411,564,421,574
1277107930Image000066.jpg,12,12,PRIORITY_ROAD,591,565,603,577
1277107930Image000066.jpg,19,18,NO_STOPPING_NO_STANDING,588,546,607,564
1277107930Image000066.jpg,11,11,PEDESTRIAN_CROSSING,577,560,588,571
1277107930Image000066.jpg,10,10,PEDESTRIAN_CROSSING,411,564,421,574
1277107930Image000066.jpg,12,12,PRIORITY_ROAD,591,565,603,577
1277107930Image000066.jpg,19,18,NO_STOPPING_NO_STANDING,588,546,607,564
1277107930Image000066.jpg,11,11,PEDESTRIAN_CROSSING,577,560,588,571
1277107930Image000066.jpg,10,10,PEDESTRIAN_CROSSING,411,564,421,574
1277107930Image000071.jpg,17,16,PRIORITY_ROAD,577,549,594,565
1277107930Image000071.jpg,21,20,NO_STOPPING_NO_STANDING,576,527,597,547
1277107930Image000071.jpg,11,10,PEDESTRIAN_CROSSING,556,546,567,556
1277107930Image000071.jpg,10,11,PEDESTRIAN_CROSSING,370,549,380,560
1277107930Image000071.jpg,17,16,PRIORITY_ROAD,577,549,594,565
1277107930Image000071.jpg,21,20,NO_STOPPING_NO_STANDING,576,527,597,547
1277107930Image000071.jpg,11,10,PEDESTRIAN_CROSSING,556,546,567,556
1277107930Image000071.jpg,10,11,PEDESTRIAN_CROSSING,370,549,380,560
1277107930Image000071.jpg,17,16,PRIORITY_ROAD,577,549,594,565
1277107930Image000071.jpg,21,20,NO_STOPPING_NO_STANDING,576,527,597,547
1277107930Image000071.jpg,11,10,PEDESTRIAN_CROSSING,556,546,567,556
1277107930Image000071.jpg,10,11,PEDESTRIAN_CROSSING,370,549,380,560
1277107930Image000071.jpg,17,16,PRIORITY_ROAD,577,549,594,565
1277107930Image000071.jpg,21,20,NO_STOPPING_NO_STANDING,576,527,597,547
1277107930Image000071.jpg,11,10,PEDESTRIAN_CROSSING,556,546,567,556
1277107930Image000071.jpg,10,11,PEDESTRIAN_CROSSING,370,549,380,560
1277107930Image000071.jpg,17,16,PRIORITY_ROAD,577,549,594,565
1277107930Image000071.jpg,21,20,NO_STOPPING_NO_STANDING,576,527,597,547
1277107930Image000071.jpg,11,10,PEDESTRIAN_CROSSING,556,546,567,556
1277107930Image000071.jpg,10,11,PEDESTRIAN_CROSSING,370,549,380,560
1277107930Image000086.jpg,21,21,PRIORITY_ROAD,584,539,605,560
1277107930Image000086.jpg,26,25,NO_STOPPING_NO_STANDING,582,514,608,539
1277107930Image000086.jpg,13,10,PEDESTRIAN_CROSSING,550,543,563,553
1277107930Image000086.jpg,12,13,PEDESTRIAN_CROSSING,338,547,350,560
1277107930Image000086.jpg,21,21,PRIORITY_ROAD,584,539,605,560
1277107930Image000086.jpg,26,25,NO_STOPPING_NO_STANDING,582,514,608,539
1277107930Image000086.jpg,13,10,PEDESTRIAN_CROSSING,550,543,563,553
1277107930Image000086.jpg,12,13,PEDESTRIAN_CROSSING,338,547,350,560
1277107930Image000086.jpg,21,21,PRIORITY_ROAD,584,539,605,560
1277107930Image000086.jpg,26,25,NO_STOPPING_NO_STANDING,582,514,608,539
1277107930Image000086.jpg,13,10,PEDESTRIAN_CROSSING,550,543,563,553
1277107930Image000086.jpg,12,13,PEDESTRIAN_CROSSING,338,547,350,560
1277107930Image000086.jpg,21,21,PRIORITY_ROAD,584,539,605,560
1277107930Image000086.jpg,26,25,NO_STOPPING_NO_STANDING,582,514,608,539
1277107930Image000086.jpg,13,10,PEDESTRIAN_CROSSING,550,543,563,553
1277107930Image000086.jpg,12,13,PEDESTRIAN_CROSSING,338,547,350,560
1277107930Image000086.jpg,21,21,PRIORITY_ROAD,584,539,605,560
1277107930Image000086.jpg,26,25,NO_STOPPING_NO_STANDING,582,514,608,539
1277107930Image000086.jpg,13,10,PEDESTRIAN_CROSSING,550,543,563,553
1277107930Image000086.jpg,12,13,PEDESTRIAN_CROSSING,338,547,350,560
1277107930Image000091.jpg,22,19,PRIORITY_ROAD,594,543,616,562
1277107930Image000091.jpg,26,28,NO_STOPPING_NO_STANDING,592,515,618,543
1277107930Image000091.jpg,15,14,PEDESTRIAN_CROSSING,551,546,566,560
1277107930Image000091.jpg,13,14,PEDESTRIAN_CROSSING,331,552,344,566
1277107930Image000091.jpg,22,19,PRIORITY_ROAD,594,543,616,562
1277107930Image000091.jpg,26,28,NO_STOPPING_NO_STANDING,592,515,618,543
1277107930Image000091.jpg,15,14,PEDESTRIAN_CROSSING,551,546,566,560
1277107930Image000091.jpg,13,14,PEDESTRIAN_CROSSING,331,552,344,566
1277107930Image000091.jpg,22,19,PRIORITY_ROAD,594,543,616,562
1277107930Image000091.jpg,26,28,NO_STOPPING_NO_STANDING,592,515,618,543
1277107930Image000091.jpg,15,14,PEDESTRIAN_CROSSING,551,546,566,560
1277107930Image000091.jpg,13,14,PEDESTRIAN_CROSSING,331,552,344,566
1277107930Image000091.jpg,22,19,PRIORITY_ROAD,594,543,616,562
1277107930Image000091.jpg,26,28,NO_STOPPING_NO_STANDING,592,515,618,543
1277107930Image000091.jpg,15,14,PEDESTRIAN_CROSSING,551,546,566,560
1277107930Image000091.jpg,13,14,PEDESTRIAN_CROSSING,331,552,344,566
1277107930Image000091.jpg,22,19,PRIORITY_ROAD,594,543,616,562
1277107930Image000091.jpg,26,28,NO_STOPPING_NO_STANDING,592,515,618,543
1277107930Image000091.jpg,15,14,PEDESTRIAN_CROSSING,551,546,566,560
1277107930Image000091.jpg,13,14,PEDESTRIAN_CROSSING,331,552,344,566
1277107930Image000096.jpg,55,151,PEDESTRIAN_CROSSING,1095,193,1150,344
1277107930Image000096.jpg,29,56,PEDESTRIAN_CROSSING,1108,408,1137,464
1277107930Image000096.jpg,40,41,PRIORITY_ROAD,678,508,718,549
1277107930Image000096.jpg,45,49,NO_STOPPING_NO_STANDING,676,462,721,511
1277107930Image000096.jpg,18,17,PEDESTRIAN_CROSSING,572,531,590,548
1277107930Image000096.jpg,16,18,PEDESTRIAN_CROSSING,291,540,307,558
1277107930Image000096.jpg,55,151,PEDESTRIAN_CROSSING,1095,193,1150,344
1277107930Image000096.jpg,29,56,PEDESTRIAN_CROSSING,1108,408,1137,464
1277107930Image000096.jpg,40,41,PRIORITY_ROAD,678,508,718,549
1277107930Image000096.jpg,45,49,NO_STOPPING_NO_STANDING,676,462,721,511
1277107930Image000096.jpg,18,17,PEDESTRIAN_CROSSING,572,531,590,548
1277107930Image000096.jpg,16,18,PEDESTRIAN_CROSSING,291,540,307,558
1277107930Image000096.jpg,55,151,PEDESTRIAN_CROSSING,1095,193,1150,344
1277107930Image000096.jpg,29,56,PEDESTRIAN_CROSSING,1108,408,1137,464
1277107930Image000096.jpg,40,41,PRIORITY_ROAD,678,508,718,549
1277107930Image000096.jpg,45,49,NO_STOPPING_NO_STANDING,676,462,721,511
1277107930Image000096.jpg,18,17,PEDESTRIAN_CROSSING,572,531,590,548
1277107930Image000096.jpg,16,18,PEDESTRIAN_CROSSING,291,540,307,558
1277107930Image000096.jpg,55,151,PEDESTRIAN_CROSSING,1095,193,1150,344
1277107930Image000096.jpg,29,56,PEDESTRIAN_CROSSING,1108,408,1137,464
1277107930Image000096.jpg,40,41,PRIORITY_ROAD,678,508,718,549
1277107930Image000096.jpg,45,49,NO_STOPPING_NO_STANDING,676,462,721,511
1277107930Image000096.jpg,18,17,PEDESTRIAN_CROSSING,572,531,590,548
1277107930Image000096.jpg,16,18,PEDESTRIAN_CROSSING,291,540,307,558
1277107930Image000096.jpg,55,151,PEDESTRIAN_CROSSING,1095,193,1150,344
1277107930Image000096.jpg,29,56,PEDESTRIAN_CROSSING,1108,408,1137,464
1277107930Image000096.jpg,40,41,PRIORITY_ROAD,678,508,718,549
1277107930Image000096.jpg,45,49,NO_STOPPING_NO_STANDING,676,462,721,511
1277107930Image000096.jpg,18,17,PEDESTRIAN_CROSSING,572,531,590,548
1277107930Image000096.jpg,16,18,PEDESTRIAN_CROSSING,291,540,307,558
1277107930Image000096.jpg,55,151,PEDESTRIAN_CROSSING,1095,193,1150,344
1277107930Image000096.jpg,29,56,PEDESTRIAN_CROSSING,1108,408,1137,464
1277107930Image000096.jpg,40,41,PRIORITY_ROAD,678,508,718,549
1277107930Image000096.jpg,45,49,NO_STOPPING_NO_STANDING,676,462,721,511
1277107930Image000096.jpg,18,17,PEDESTRIAN_CROSSING,572,531,590,548
1277107930Image000096.jpg,16,18,PEDESTRIAN_CROSSING,291,540,307,558
1277107930Image000101.jpg,46,179,NO_STOPPING_NO_STANDING,1229,48,1275,227
1277107930Image000101.jpg,39,88,PRIORITY_ROAD,1238,292,1277,380
1277107930Image000101.jpg,25,23,PEDESTRIAN_CROSSING,555,507,580,530
1277107930Image000101.jpg,20,21,PEDESTRIAN_CROSSING,156,523,176,544
1277107930Image000101.jpg,46,179,NO_STOPPING_NO_STANDING,1229,48,1275,227
1277107930Image000101.jpg,39,88,PRIORITY_ROAD,1238,292,1277,380
1277107930Image000101.jpg,25,23,PEDESTRIAN_CROSSING,555,507,580,530
1277107930Image000101.jpg,20,21,PEDESTRIAN_CROSSING,156,523,176,544
1277107930Image000101.jpg,46,179,NO_STOPPING_NO_STANDING,1229,48,1275,227
1277107930Image000101.jpg,39,88,PRIORITY_ROAD,1238,292,1277,380
1277107930Image000101.jpg,25,23,PEDESTRIAN_CROSSING,555,507,580,530
1277107930Image000101.jpg,20,21,PEDESTRIAN_CROSSING,156,523,176,544
1277107930Image000101.jpg,46,179,NO_STOPPING_NO_STANDING,1229,48,1275,227
1277107930Image000101.jpg,39,88,PRIORITY_ROAD,1238,292,1277,380
1277107930Image000101.jpg,25,23,PEDESTRIAN_CROSSING,555,507,580,530
1277107930Image000101.jpg,20,21,PEDESTRIAN_CROSSING,156,523,176,544
1277107930Image000101.jpg,46,179,NO_STOPPING_NO_STANDING,1229,48,1275,227
1277107930Image000101.jpg,39,88,PRIORITY_ROAD,1238,292,1277,380
1277107930Image000101.jpg,25,23,PEDESTRIAN_CROSSING,555,507,580,530
1277107930Image000101.jpg,20,21,PEDESTRIAN_CROSSING,156,523,176,544
1277107950Image000001.jpg,42,45,NO_PARKING,565,426,607,471
1277107950Image000001.jpg,15,30,OTHER,574,476,589,506
1277107950Image000001.jpg,42,45,NO_PARKING,565,426,607,471
1277107950Image000001.jpg,15,30,OTHER,574,476,589,506
1277107950Image000006.jpg,50,53,NO_PARKING,610,403,660,456
1277107950Image000006.jpg,20,38,OTHER,621,458,641,496
1277107950Image000006.jpg,17,17,OTHER,473,515,490,532
1277107950Image000006.jpg,50,53,NO_PARKING,610,403,660,456
1277107950Image000006.jpg,20,38,OTHER,621,458,641,496
1277107950Image000006.jpg,17,17,OTHER,473,515,490,532
1277107950Image000006.jpg,50,53,NO_PARKING,610,403,660,456
1277107950Image000006.jpg,20,38,OTHER,621,458,641,496
1277107950Image000006.jpg,17,17,OTHER,473,515,490,532
1277107950Image000011.jpg,65,69,NO_PARKING,684,361,749,430
1277107950Image000011.jpg,25,51,OTHER,699,431,724,482
1277107950Image000011.jpg,18,17,OTHER,504,520,522,537
1277107950Image000011.jpg,65,69,NO_PARKING,684,361,749,430
1277107950Image000011.jpg,25,51,OTHER,699,431,724,482
1277107950Image000011.jpg,18,17,OTHER,504,520,522,537
1277107950Image000011.jpg,65,69,NO_PARKING,684,361,749,430
1277107950Image000011.jpg,25,51,OTHER,699,431,724,482
1277107950Image000011.jpg,18,17,OTHER,504,520,522,537
1277107950Image000021.jpg,163,174,NO_PARKING,1110,26,1273,200
1277107950Image000021.jpg,108,163,OTHER,1130,208,1238,371
1277107950Image000021.jpg,21,21,OTHER,536,538,557,559
1277107950Image000021.jpg,163,174,NO_PARKING,1110,26,1273,200
1277107950Image000021.jpg,108,163,OTHER,1130,208,1238,371
1277107950Image000021.jpg,21,21,OTHER,536,538,557,559
1277107950Image000021.jpg,163,174,NO_PARKING,1110,26,1273,200
1277107950Image000021.jpg,108,163,OTHER,1130,208,1238,371
1277107950Image000021.jpg,21,21,OTHER,536,538,557,559
1277107950Image000021.jpg,163,174,NO_PARKING,1110,26,1273,200
1277107950Image000021.jpg,108,163,OTHER,1130,208,1238,371
1277107950Image000021.jpg,21,21,OTHER,536,538,557,559
1277107954Image000001.jpg,40,35,OTHER,631,484,671,519
1277107954Image000001.jpg,40,35,OTHER,631,484,671,519
1277107954Image000006.jpg,48,42,OTHER,643,470,691,512
1277107954Image000006.jpg,48,42,OTHER,643,470,691,512
1277107954Image000011.jpg,53,50,OTHER,660,441,713,491
1277107954Image000011.jpg,53,50,OTHER,660,441,713,491
1277107954Image000016.jpg,66,69,OTHER,688,399,754,468
1277107954Image000016.jpg,66,69,OTHER,688,399,754,468
1277107954Image000021.jpg,91,82,OTHER,752,343,843,425
1277107954Image000021.jpg,91,82,OTHER,752,343,843,425
1277107954Image000026.jpg,167,152,OTHER,926,179,1093,331
1277107954Image000026.jpg,167,152,OTHER,926,179,1093,331
1277107954Image000031.jpg,9,12,PEDESTRIAN_CROSSING,467,546,476,558
1277107954Image000031.jpg,11,10,NO_STOPPING_NO_STANDING,427,559,438,569
1277107954Image000031.jpg,11,12,PEDESTRIAN_CROSSING,319,552,330,564
1277107954Image000031.jpg,9,12,PEDESTRIAN_CROSSING,467,546,476,558
1277107954Image000031.jpg,11,10,NO_STOPPING_NO_STANDING,427,559,438,569
1277107954Image000031.jpg,11,12,PEDESTRIAN_CROSSING,319,552,330,564
1277107954Image000031.jpg,9,12,PEDESTRIAN_CROSSING,467,546,476,558
1277107954Image000031.jpg,11,10,NO_STOPPING_NO_STANDING,427,559,438,569
1277107954Image000031.jpg,11,12,PEDESTRIAN_CROSSING,319,552,330,564
1277107954Image000031.jpg,9,12,PEDESTRIAN_CROSSING,467,546,476,558
1277107954Image000031.jpg,11,10,NO_STOPPING_NO_STANDING,427,559,438,569
1277107954Image000031.jpg,11,12,PEDESTRIAN_CROSSING,319,552,330,564
1277107954Image000036.jpg,12,11,PEDESTRIAN_CROSSING,466,529,478,540
1277107954Image000036.jpg,10,11,NO_STOPPING_NO_STANDING,427,541,437,552
1277107954Image000036.jpg,12,13,PEDESTRIAN_CROSSING,311,532,323,545
1277107954Image000036.jpg,12,11,PEDESTRIAN_CROSSING,466,529,478,540
1277107954Image000036.jpg,10,11,NO_STOPPING_NO_STANDING,427,541,437,552
1277107954Image000036.jpg,12,13,PEDESTRIAN_CROSSING,311,532,323,545
1277107954Image000036.jpg,12,11,PEDESTRIAN_CROSSING,466,529,478,540
1277107954Image000036.jpg,10,11,NO_STOPPING_NO_STANDING,427,541,437,552
1277107954Image000036.jpg,12,13,PEDESTRIAN_CROSSING,311,532,323,545
1277107954Image000036.jpg,12,11,PEDESTRIAN_CROSSING,466,529,478,540
1277107954Image000036.jpg,10,11,NO_STOPPING_NO_STANDING,427,541,437,552
1277107954Image000036.jpg,12,13,PEDESTRIAN_CROSSING,311,532,323,545
1277107954Image000041.jpg,11,12,PEDESTRIAN_CROSSING,467,539,478,551
1277107954Image000041.jpg,10,9,NO_STOPPING_NO_STANDING,427,553,437,562
1277107954Image000041.jpg,15,12,PEDESTRIAN_CROSSING,303,544,318,556
1277107954Image000041.jpg,11,12,PEDESTRIAN_CROSSING,467,539,478,551
1277107954Image000041.jpg,10,9,NO_STOPPING_NO_STANDING,427,553,437,562
1277107954Image000041.jpg,15,12,PEDESTRIAN_CROSSING,303,544,318,556
1277107954Image000041.jpg,11,12,PEDESTRIAN_CROSSING,467,539,478,551
1277107954Image000041.jpg,10,9,NO_STOPPING_NO_STANDING,427,553,437,562
1277107954Image000041.jpg,15,12,PEDESTRIAN_CROSSING,303,544,318,556
1277107954Image000041.jpg,11,12,PEDESTRIAN_CROSSING,467,539,478,551
1277107954Image000041.jpg,10,9,NO_STOPPING_NO_STANDING,427,553,437,562
1277107954Image000041.jpg,15,12,PEDESTRIAN_CROSSING,303,544,318,556
1277107954Image000046.jpg,15,16,PEDESTRIAN_CROSSING,456,528,471,544
1277107954Image000046.jpg,10,11,NO_STOPPING_NO_STANDING,415,546,425,557
1277107954Image000046.jpg,17,17,PEDESTRIAN_CROSSING,266,535,283,552
1277107954Image000046.jpg,15,16,PEDESTRIAN_CROSSING,456,528,471,544
1277107954Image000046.jpg,10,11,NO_STOPPING_NO_STANDING,415,546,425,557
1277107954Image000046.jpg,17,17,PEDESTRIAN_CROSSING,266,535,283,552
1277107954Image000046.jpg,15,16,PEDESTRIAN_CROSSING,456,528,471,544
1277107954Image000046.jpg,10,11,NO_STOPPING_NO_STANDING,415,546,425,557
1277107954Image000046.jpg,17,17,PEDESTRIAN_CROSSING,266,535,283,552
1277107954Image000046.jpg,15,16,PEDESTRIAN_CROSSING,456,528,471,544
1277107954Image000046.jpg,10,11,NO_STOPPING_NO_STANDING,415,546,425,557
1277107954Image000046.jpg,17,17,PEDESTRIAN_CROSSING,266,535,283,552
1277107954Image000051.jpg,16,16,PEDESTRIAN_CROSSING,455,537,471,553
1277107954Image000051.jpg,16,17,NO_STOPPING_NO_STANDING,404,555,420,572
1277107954Image000051.jpg,15,15,PEDESTRIAN_CROSSING,241,547,256,562
1277107954Image000051.jpg,16,16,PEDESTRIAN_CROSSING,455,537,471,553
1277107954Image000051.jpg,16,17,NO_STOPPING_NO_STANDING,404,555,420,572
1277107954Image000051.jpg,15,15,PEDESTRIAN_CROSSING,241,547,256,562
1277107954Image000051.jpg,16,16,PEDESTRIAN_CROSSING,455,537,471,553
1277107954Image000051.jpg,16,17,NO_STOPPING_NO_STANDING,404,555,420,572
1277107954Image000051.jpg,15,15,PEDESTRIAN_CROSSING,241,547,256,562
1277107954Image000051.jpg,16,16,PEDESTRIAN_CROSSING,455,537,471,553
1277107954Image000051.jpg,16,17,NO_STOPPING_NO_STANDING,404,555,420,572
1277107954Image000051.jpg,15,15,PEDESTRIAN_CROSSING,241,547,256,562
1277107954Image000056.jpg,17,18,PEDESTRIAN_CROSSING,459,543,476,561
1277107954Image000056.jpg,12,15,NO_STOPPING_NO_STANDING,409,565,421,580
1277107954Image000056.jpg,17,18,PEDESTRIAN_CROSSING,227,553,244,571
1277107954Image000056.jpg,17,18,PEDESTRIAN_CROSSING,459,543,476,561
1277107954Image000056.jpg,12,15,NO_STOPPING_NO_STANDING,409,565,421,580
1277107954Image000056.jpg,17,18,PEDESTRIAN_CROSSING,227,553,244,571
1277107954Image000056.jpg,17,18,PEDESTRIAN_CROSSING,459,543,476,561
1277107954Image000056.jpg,12,15,NO_STOPPING_NO_STANDING,409,565,421,580
1277107954Image000056.jpg,17,18,PEDESTRIAN_CROSSING,227,553,244,571
1277107954Image000056.jpg,17,18,PEDESTRIAN_CROSSING,459,543,476,561
1277107954Image000056.jpg,12,15,NO_STOPPING_NO_STANDING,409,565,421,580
1277107954Image000056.jpg,17,18,PEDESTRIAN_CROSSING,227,553,244,571
1277107964Image000008.jpg,84,80,PEDESTRIAN_CROSSING,866,313,950,393
1277107964Image000008.jpg,37,38,NO_STOPPING_NO_STANDING,616,477,653,515
1277107964Image000008.jpg,84,80,PEDESTRIAN_CROSSING,866,313,950,393
1277107964Image000008.jpg,37,38,NO_STOPPING_NO_STANDING,616,477,653,515
1277107964Image000013.jpg,102,97,PEDESTRIAN_CROSSING,970,259,1072,356
1277107964Image000013.jpg,37,37,NO_STOPPING_NO_STANDING,640,472,677,509
1277107964Image000013.jpg,102,97,PEDESTRIAN_CROSSING,970,259,1072,356
1277107964Image000013.jpg,37,37,NO_STOPPING_NO_STANDING,640,472,677,509
1277107964Image000018.jpg,53,142,PEDESTRIAN_CROSSING,1225,112,1278,254
1277107964Image000018.jpg,40,42,NO_STOPPING_NO_STANDING,665,463,705,505
1277107964Image000018.jpg,53,142,PEDESTRIAN_CROSSING,1225,112,1278,254
1277107964Image000018.jpg,40,42,NO_STOPPING_NO_STANDING,665,463,705,505
1277107964Image000028.jpg,51,46,NO_STOPPING_NO_STANDING,678,444,729,490
1277107964Image000028.jpg,12,12,PEDESTRIAN_CROSSING,374,540,386,552
1277107964Image000028.jpg,10,11,NO_PARKING,414,544,424,555
1277107964Image000028.jpg,11,12,NO_PARKING,315,545,326,557
1277107964Image000028.jpg,51,46,NO_STOPPING_NO_STANDING,678,444,729,490
1277107964Image000028.jpg,12,12,PEDESTRIAN_CROSSING,374,540,386,552
1277107964Image000028.jpg,10,11,NO_PARKING,414,544,424,555
1277107964Image000028.jpg,11,12,NO_PARKING,315,545,326,557
1277107964Image000028.jpg,51,46,NO_STOPPING_NO_STANDING,678,444,729,490
1277107964Image000028.jpg,12,12,PEDESTRIAN_CROSSING,374,540,386,552
1277107964Image000028.jpg,10,11,NO_PARKING,414,544,424,555
1277107964Image000028.jpg,11,12,NO_PARKING,315,545,326,557
1277107964Image000028.jpg,51,46,NO_STOPPING_NO_STANDING,678,444,729,490
1277107964Image000028.jpg,12,12,PEDESTRIAN_CROSSING,374,540,386,552
1277107964Image000028.jpg,10,11,NO_PARKING,414,544,424,555
1277107964Image000028.jpg,11,12,NO_PARKING,315,545,326,557
1277107964Image000034.jpg,57,59,NO_STOPPING_NO_STANDING,697,472,754,531
1277107964Image000034.jpg,13,13,PEDESTRIAN_CROSSING,348,588,361,601
1277107964Image000034.jpg,12,12,NO_PARKING,389,592,401,604
1277107964Image000034.jpg,15,13,NO_PARKING,285,594,300,607
1277107964Image000034.jpg,57,59,NO_STOPPING_NO_STANDING,697,472,754,531
1277107964Image000034.jpg,13,13,PEDESTRIAN_CROSSING,348,588,361,601
1277107964Image000034.jpg,12,12,NO_PARKING,389,592,401,604
1277107964Image000034.jpg,15,13,NO_PARKING,285,594,300,607
1277107964Image000034.jpg,57,59,NO_STOPPING_NO_STANDING,697,472,754,531
1277107964Image000034.jpg,13,13,PEDESTRIAN_CROSSING,348,588,361,601
1277107964Image000034.jpg,12,12,NO_PARKING,389,592,401,604
1277107964Image000034.jpg,15,13,NO_PARKING,285,594,300,607
1277107964Image000034.jpg,57,59,NO_STOPPING_NO_STANDING,697,472,754,531
1277107964Image000034.jpg,13,13,PEDESTRIAN_CROSSING,348,588,361,601
1277107964Image000034.jpg,12,12,NO_PARKING,389,592,401,604
1277107964Image000034.jpg,15,13,NO_PARKING,285,594,300,607
1277107964Image000040.jpg,73,72,NO_STOPPING_NO_STANDING,720,343,793,415
1277107964Image000040.jpg,13,13,PEDESTRIAN_CROSSING,333,492,346,505
1277107964Image000040.jpg,12,13,NO_PARKING,377,496,389,509
1277107964Image000040.jpg,11,14,NO_PARKING,272,496,283,510
1277107964Image000040.jpg,73,72,NO_STOPPING_NO_STANDING,720,343,793,415
1277107964Image000040.jpg,13,13,PEDESTRIAN_CROSSING,333,492,346,505
1277107964Image000040.jpg,12,13,NO_PARKING,377,496,389,509
1277107964Image000040.jpg,11,14,NO_PARKING,272,496,283,510
1277107964Image000040.jpg,73,72,NO_STOPPING_NO_STANDING,720,343,793,415
1277107964Image000040.jpg,13,13,PEDESTRIAN_CROSSING,333,492,346,505
1277107964Image000040.jpg,12,13,NO_PARKING,377,496,389,509
1277107964Image000040.jpg,11,14,NO_PARKING,272,496,283,510
1277107964Image000040.jpg,73,72,NO_STOPPING_NO_STANDING,720,343,793,415
1277107964Image000040.jpg,13,13,PEDESTRIAN_CROSSING,333,492,346,505
1277107964Image000040.jpg,12,13,NO_PARKING,377,496,389,509
1277107964Image000040.jpg,11,14,NO_PARKING,272,496,283,510
1277107964Image000051.jpg,121,124,NO_STOPPING_NO_STANDING,951,254,1072,378
1277107964Image000051.jpg,15,15,PEDESTRIAN_CROSSING,346,547,361,562
1277107964Image000051.jpg,13,15,NO_PARKING,396,551,409,566
1277107964Image000051.jpg,13,11,NO_PARKING,285,555,298,566
1277107964Image000051.jpg,121,124,NO_STOPPING_NO_STANDING,951,254,1072,378
1277107964Image000051.jpg,15,15,PEDESTRIAN_CROSSING,346,547,361,562
1277107964Image000051.jpg,13,15,NO_PARKING,396,551,409,566
1277107964Image000051.jpg,13,11,NO_PARKING,285,555,298,566
1277107964Image000051.jpg,121,124,NO_STOPPING_NO_STANDING,951,254,1072,378
1277107964Image000051.jpg,15,15,PEDESTRIAN_CROSSING,346,547,361,562
1277107964Image000051.jpg,13,15,NO_PARKING,396,551,409,566
1277107964Image000051.jpg,13,11,NO_PARKING,285,555,298,566
1277107964Image000051.jpg,121,124,NO_STOPPING_NO_STANDING,951,254,1072,378
1277107964Image000051.jpg,15,15,PEDESTRIAN_CROSSING,346,547,361,562
1277107964Image000051.jpg,13,15,NO_PARKING,396,551,409,566
1277107964Image000051.jpg,13,11,NO_PARKING,285,555,298,566
1277107964Image000056.jpg,140,167,NO_STOPPING_NO_STANDING,1139,130,1279,297
1277107964Image000056.jpg,16,16,PEDESTRIAN_CROSSING,347,548,363,564
1277107964Image000056.jpg,12,13,NO_PARKING,402,554,414,567
1277107964Image000056.jpg,14,13,NO_PARKING,285,557,299,570
1277107964Image000056.jpg,140,167,NO_STOPPING_NO_STANDING,1139,130,1279,297
1277107964Image000056.jpg,16,16,PEDESTRIAN_CROSSING,347,548,363,564
1277107964Image000056.jpg,12,13,NO_PARKING,402,554,414,567
1277107964Image000056.jpg,14,13,NO_PARKING,285,557,299,570
1277107964Image000056.jpg,140,167,NO_STOPPING_NO_STANDING,1139,130,1279,297
1277107964Image000056.jpg,16,16,PEDESTRIAN_CROSSING,347,548,363,564
1277107964Image000056.jpg,12,13,NO_PARKING,402,554,414,567
1277107964Image000056.jpg,14,13,NO_PARKING,285,557,299,570
1277107964Image000056.jpg,140,167,NO_STOPPING_NO_STANDING,1139,130,1279,297
1277107964Image000056.jpg,16,16,PEDESTRIAN_CROSSING,347,548,363,564
1277107964Image000056.jpg,12,13,NO_PARKING,402,554,414,567
1277107964Image000056.jpg,14,13,NO_PARKING,285,557,299,570
1277107964Image000056.jpg,140,167,NO_STOPPING_NO_STANDING,1139,130,1279,297
1277107964Image000056.jpg,16,16,PEDESTRIAN_CROSSING,347,548,363,564
1277107964Image000056.jpg,12,13,NO_PARKING,402,554,414,567
1277107964Image000056.jpg,14,13,NO_PARKING,285,557,299,570
1277107964Image000061.jpg,16,15,PEDESTRIAN_CROSSING,352,547,368,562
1277107964Image000061.jpg,13,13,NO_PARKING,409,553,422,566
1277107964Image000061.jpg,12,14,NO_PARKING,291,555,303,569
1277107964Image000061.jpg,16,15,PEDESTRIAN_CROSSING,352,547,368,562
1277107964Image000061.jpg,13,13,NO_PARKING,409,553,422,566
1277107964Image000061.jpg,12,14,NO_PARKING,291,555,303,569
1277107964Image000061.jpg,16,15,PEDESTRIAN_CROSSING,352,547,368,562
1277107964Image000061.jpg,13,13,NO_PARKING,409,553,422,566
1277107964Image000061.jpg,12,14,NO_PARKING,291,555,303,569
1277107964Image000061.jpg,16,15,PEDESTRIAN_CROSSING,352,547,368,562
1277107964Image000061.jpg,13,13,NO_PARKING,409,553,422,566
1277107964Image000061.jpg,12,14,NO_PARKING,291,555,303,569
1277107977Image000003.jpg,38,37,PEDESTRIAN_CROSSING,612,475,650,512
1277107977Image000003.jpg,24,24,NO_PARKING,711,517,735,541
1277107977Image000003.jpg,24,22,NO_PARKING,500,525,524,547
1277107977Image000003.jpg,13,11,OTHER,438,557,451,568
1277107977Image000003.jpg,9,8,PEDESTRIAN_CROSSING,420,562,429,570
1277107977Image000003.jpg,38,37,PEDESTRIAN_CROSSING,612,475,650,512
1277107977Image000003.jpg,24,24,NO_PARKING,711,517,735,541
1277107977Image000003.jpg,24,22,NO_PARKING,500,525,524,547
1277107977Image000003.jpg,13,11,OTHER,438,557,451,568
1277107977Image000003.jpg,9,8,PEDESTRIAN_CROSSING,420,562,429,570
1277107977Image000003.jpg,38,37,PEDESTRIAN_CROSSING,612,475,650,512
1277107977Image000003.jpg,24,24,NO_PARKING,711,517,735,541
1277107977Image000003.jpg,24,22,NO_PARKING,500,525,524,547
1277107977Image000003.jpg,13,11,OTHER,438,557,451,568
1277107977Image000003.jpg,9,8,PEDESTRIAN_CROSSING,420,562,429,570
1277107977Image000003.jpg,38,37,PEDESTRIAN_CROSSING,612,475,650,512
1277107977Image000003.jpg,24,24,NO_PARKING,711,517,735,541
1277107977Image000003.jpg,24,22,NO_PARKING,500,525,524,547
1277107977Image000003.jpg,13,11,OTHER,438,557,451,568
1277107977Image000003.jpg,9,8,PEDESTRIAN_CROSSING,420,562,429,570
1277107977Image000003.jpg,38,37,PEDESTRIAN_CROSSING,612,475,650,512
1277107977Image000003.jpg,24,24,NO_PARKING,711,517,735,541
1277107977Image000003.jpg,24,22,NO_PARKING,500,525,524,547
1277107977Image000003.jpg,13,11,OTHER,438,557,451,568
1277107977Image000003.jpg,9,8,PEDESTRIAN_CROSSING,420,562,429,570
1277107977Image000008.jpg,60,60,PEDESTRIAN_CROSSING,723,415,783,475
1277107977Image000008.jpg,26,26,NO_PARKING,787,506,813,532
1277107977Image000008.jpg,27,27,NO_PARKING,533,511,560,538
1277107977Image000008.jpg,12,12,OTHER,461,552,473,564
1277107977Image000008.jpg,8,6,PEDESTRIAN_CROSSING,441,560,449,566
1277107977Image000008.jpg,60,60,PEDESTRIAN_CROSSING,723,415,783,475
1277107977Image000008.jpg,26,26,NO_PARKING,787,506,813,532
1277107977Image000008.jpg,27,27,NO_PARKING,533,511,560,538
1277107977Image000008.jpg,12,12,OTHER,461,552,473,564
1277107977Image000008.jpg,8,6,PEDESTRIAN_CROSSING,441,560,449,566
1277107977Image000008.jpg,60,60,PEDESTRIAN_CROSSING,723,415,783,475
1277107977Image000008.jpg,26,26,NO_PARKING,787,506,813,532
1277107977Image000008.jpg,27,27,NO_PARKING,533,511,560,538
1277107977Image000008.jpg,12,12,OTHER,461,552,473,564
1277107977Image000008.jpg,8,6,PEDESTRIAN_CROSSING,441,560,449,566
1277107977Image000008.jpg,60,60,PEDESTRIAN_CROSSING,723,415,783,475
1277107977Image000008.jpg,26,26,NO_PARKING,787,506,813,532
1277107977Image000008.jpg,27,27,NO_PARKING,533,511,560,538
1277107977Image000008.jpg,12,12,OTHER,461,552,473,564
1277107977Image000008.jpg,8,6,PEDESTRIAN_CROSSING,441,560,449,566
1277107977Image000008.jpg,60,60,PEDESTRIAN_CROSSING,723,415,783,475
1277107977Image000008.jpg,26,26,NO_PARKING,787,506,813,532
1277107977Image000008.jpg,27,27,NO_PARKING,533,511,560,538
1277107977Image000008.jpg,12,12,OTHER,461,552,473,564
1277107977Image000008.jpg,8,6,PEDESTRIAN_CROSSING,441,560,449,566
1277107977Image000013.jpg,79,79,PEDESTRIAN_CROSSING,817,362,896,441
1277107977Image000013.jpg,26,26,NO_PARKING,828,504,854,530
1277107977Image000013.jpg,33,28,NO_PARKING,543,511,576,539
1277107977Image000013.jpg,15,15,OTHER,467,557,482,572
1277107977Image000013.jpg,11,9,PEDESTRIAN_CROSSING,447,564,458,573
1277107977Image000013.jpg,79,79,PEDESTRIAN_CROSSING,817,362,896,441
1277107977Image000013.jpg,26,26,NO_PARKING,828,504,854,530
1277107977Image000013.jpg,33,28,NO_PARKING,543,511,576,539
1277107977Image000013.jpg,15,15,OTHER,467,557,482,572
1277107977Image000013.jpg,11,9,PEDESTRIAN_CROSSING,447,564,458,573
1277107977Image000013.jpg,79,79,PEDESTRIAN_CROSSING,817,362,896,441
1277107977Image000013.jpg,26,26,NO_PARKING,828,504,854,530
1277107977Image000013.jpg,33,28,NO_PARKING,543,511,576,539
1277107977Image000013.jpg,15,15,OTHER,467,557,482,572
1277107977Image000013.jpg,11,9,PEDESTRIAN_CROSSING,447,564,458,573
1277107977Image000013.jpg,79,79,PEDESTRIAN_CROSSING,817,362,896,441
1277107977Image000013.jpg,26,26,NO_PARKING,828,504,854,530
1277107977Image000013.jpg,33,28,NO_PARKING,543,511,576,539
1277107977Image000013.jpg,15,15,OTHER,467,557,482,572
1277107977Image000013.jpg,11,9,PEDESTRIAN_CROSSING,447,564,458,573
1277107977Image000013.jpg,79,79,PEDESTRIAN_CROSSING,817,362,896,441
1277107977Image000013.jpg,26,26,NO_PARKING,828,504,854,530
1277107977Image000013.jpg,33,28,NO_PARKING,543,511,576,539
1277107977Image000013.jpg,15,15,OTHER,467,557,482,572
1277107977Image000013.jpg,11,9,PEDESTRIAN_CROSSING,447,564,458,573
1277107977Image000018.jpg,128,118,PEDESTRIAN_CROSSING,1023,250,1151,368
1277107977Image000018.jpg,32,32,NO_PARKING,883,500,915,532
1277107977Image000018.jpg,35,32,NO_PARKING,569,511,604,543
1277107977Image000018.jpg,14,13,OTHER,482,567,496,580
1277107977Image000018.jpg,8,8,PEDESTRIAN_CROSSING,462,575,470,583
1277107977Image000018.jpg,128,118,PEDESTRIAN_CROSSING,1023,250,1151,368
1277107977Image000018.jpg,32,32,NO_PARKING,883,500,915,532
1277107977Image000018.jpg,35,32,NO_PARKING,569,511,604,543
1277107977Image000018.jpg,14,13,OTHER,482,567,496,580
1277107977Image000018.jpg,8,8,PEDESTRIAN_CROSSING,462,575,470,583
1277107977Image000018.jpg,128,118,PEDESTRIAN_CROSSING,1023,250,1151,368
1277107977Image000018.jpg,32,32,NO_PARKING,883,500,915,532
1277107977Image000018.jpg,35,32,NO_PARKING,569,511,604,543
1277107977Image000018.jpg,14,13,OTHER,482,567,496,580
1277107977Image000018.jpg,8,8,PEDESTRIAN_CROSSING,462,575,470,583
1277107977Image000018.jpg,128,118,PEDESTRIAN_CROSSING,1023,250,1151,368
1277107977Image000018.jpg,32,32,NO_PARKING,883,500,915,532
1277107977Image000018.jpg,35,32,NO_PARKING,569,511,604,543
1277107977Image000018.jpg,14,13,OTHER,482,567,496,580
1277107977Image000018.jpg,8,8,PEDESTRIAN_CROSSING,462,575,470,583
1277107977Image000018.jpg,128,118,PEDESTRIAN_CROSSING,1023,250,1151,368
1277107977Image000018.jpg,32,32,NO_PARKING,883,500,915,532
1277107977Image000018.jpg,35,32,NO_PARKING,569,511,604,543
1277107977Image000018.jpg,14,13,OTHER,482,567,496,580
1277107977Image000018.jpg,8,8,PEDESTRIAN_CROSSING,462,575,470,583
1277107977Image000023.jpg,33,34,NO_PARKING,948,465,981,499
1277107977Image000023.jpg,41,34,NO_PARKING,592,480,633,514
1277107977Image000023.jpg,15,13,OTHER,496,543,511,556
1277107977Image000023.jpg,10,9,PEDESTRIAN_CROSSING,474,552,484,561
1277107977Image000023.jpg,33,34,NO_PARKING,948,465,981,499
1277107977Image000023.jpg,41,34,NO_PARKING,592,480,633,514
1277107977Image000023.jpg,15,13,OTHER,496,543,511,556
1277107977Image000023.jpg,10,9,PEDESTRIAN_CROSSING,474,552,484,561
1277107977Image000023.jpg,33,34,NO_PARKING,948,465,981,499
1277107977Image000023.jpg,41,34,NO_PARKING,592,480,633,514
1277107977Image000023.jpg,15,13,OTHER,496,543,511,556
1277107977Image000023.jpg,10,9,PEDESTRIAN_CROSSING,474,552,484,561
1277107977Image000023.jpg,33,34,NO_PARKING,948,465,981,499
1277107977Image000023.jpg,41,34,NO_PARKING,592,480,633,514
1277107977Image000023.jpg,15,13,OTHER,496,543,511,556
1277107977Image000023.jpg,10,9,PEDESTRIAN_CROSSING,474,552,484,561
1277107977Image000028.jpg,39,44,NO_PARKING,997,453,1036,497
1277107977Image000028.jpg,38,38,NO_PARKING,616,470,654,508
1277107977Image000028.jpg,14,15,OTHER,506,543,520,558
1277107977Image000028.jpg,8,7,OTHER,484,553,492,560
1277107977Image000028.jpg,39,44,NO_PARKING,997,453,1036,497
1277107977Image000028.jpg,38,38,NO_PARKING,616,470,654,508
1277107977Image000028.jpg,14,15,OTHER,506,543,520,558
1277107977Image000028.jpg,8,7,OTHER,484,553,492,560
1277107977Image000028.jpg,39,44,NO_PARKING,997,453,1036,497
1277107977Image000028.jpg,38,38,NO_PARKING,616,470,654,508
1277107977Image000028.jpg,14,15,OTHER,506,543,520,558
1277107977Image000028.jpg,8,7,OTHER,484,553,492,560
1277107977Image000028.jpg,39,44,NO_PARKING,997,453,1036,497
1277107977Image000028.jpg,38,38,NO_PARKING,616,470,654,508
1277107977Image000028.jpg,14,15,OTHER,506,543,520,558
1277107977Image000028.jpg,8,7,OTHER,484,553,492,560
1277107977Image000034.jpg,38,43,NO_PARKING,957,456,995,499
1277107977Image000034.jpg,38,43,NO_PARKING,598,468,636,511
1277107977Image000034.jpg,14,14,OTHER,498,543,512,557
1277107977Image000034.jpg,10,8,PEDESTRIAN_CROSSING,476,551,486,559
1277107977Image000034.jpg,38,43,NO_PARKING,957,456,995,499
1277107977Image000034.jpg,38,43,NO_PARKING,598,468,636,511
1277107977Image000034.jpg,14,14,OTHER,498,543,512,557
1277107977Image000034.jpg,10,8,PEDESTRIAN_CROSSING,476,551,486,559
1277107977Image000034.jpg,38,43,NO_PARKING,957,456,995,499
1277107977Image000034.jpg,38,43,NO_PARKING,598,468,636,511
1277107977Image000034.jpg,14,14,OTHER,498,543,512,557
1277107977Image000034.jpg,10,8,PEDESTRIAN_CROSSING,476,551,486,559
1277107977Image000034.jpg,38,43,NO_PARKING,957,456,995,499
1277107977Image000034.jpg,38,43,NO_PARKING,598,468,636,511
1277107977Image000034.jpg,14,14,OTHER,498,543,512,557
1277107977Image000034.jpg,10,8,PEDESTRIAN_CROSSING,476,551,486,559
1277107977Image000042.jpg,50,59,NO_PARKING,1226,402,1276,461
1277107977Image000042.jpg,56,62,NO_PARKING,703,421,759,483
1277107977Image000042.jpg,16,14,OTHER,529,543,545,557
1277107977Image000042.jpg,10,10,PEDESTRIAN_CROSSING,504,553,514,563
1277107977Image000042.jpg,50,59,NO_PARKING,1226,402,1276,461
1277107977Image000042.jpg,56,62,NO_PARKING,703,421,759,483
1277107977Image000042.jpg,16,14,OTHER,529,543,545,557
1277107977Image000042.jpg,10,10,PEDESTRIAN_CROSSING,504,553,514,563
1277107977Image000042.jpg,50,59,NO_PARKING,1226,402,1276,461
1277107977Image000042.jpg,56,62,NO_PARKING,703,421,759,483
1277107977Image000042.jpg,16,14,OTHER,529,543,545,557
1277107977Image000042.jpg,10,10,PEDESTRIAN_CROSSING,504,553,514,563
1277107977Image000042.jpg,50,59,NO_PARKING,1226,402,1276,461
1277107977Image000042.jpg,56,62,NO_PARKING,703,421,759,483
1277107977Image000042.jpg,16,14,OTHER,529,543,545,557
1277107977Image000042.jpg,10,10,PEDESTRIAN_CROSSING,504,553,514,563
1277107977Image000050.jpg,128,126,NO_PARKING,1006,221,1134,347
1277107977Image000050.jpg,17,16,OTHER,537,530,554,546
1277107977Image000050.jpg,9,9,PEDESTRIAN_CROSSING,508,543,517,552
1277107977Image000050.jpg,128,126,NO_PARKING,1006,221,1134,347
1277107977Image000050.jpg,17,16,OTHER,537,530,554,546
1277107977Image000050.jpg,9,9,PEDESTRIAN_CROSSING,508,543,517,552
1277107977Image000050.jpg,128,126,NO_PARKING,1006,221,1134,347
1277107977Image000050.jpg,17,16,OTHER,537,530,554,546
1277107977Image000050.jpg,9,9,PEDESTRIAN_CROSSING,508,543,517,552
1277107988Image000001.jpg,56,47,OTHER,621,458,677,505
1277107988Image000001.jpg,14,14,PEDESTRIAN_CROSSING,521,529,535,543
1277107988Image000001.jpg,10,11,NO_PARKING,512,540,522,551
1277107988Image000001.jpg,11,12,PEDESTRIAN_CROSSING,344,542,355,554
1277107988Image000001.jpg,56,47,OTHER,621,458,677,505
1277107988Image000001.jpg,14,14,PEDESTRIAN_CROSSING,521,529,535,543
1277107988Image000001.jpg,10,11,NO_PARKING,512,540,522,551
1277107988Image000001.jpg,11,12,PEDESTRIAN_CROSSING,344,542,355,554
1277107988Image000001.jpg,56,47,OTHER,621,458,677,505
1277107988Image000001.jpg,14,14,PEDESTRIAN_CROSSING,521,529,535,543
1277107988Image000001.jpg,10,11,NO_PARKING,512,540,522,551
1277107988Image000001.jpg,11,12,PEDESTRIAN_CROSSING,344,542,355,554
1277107988Image000001.jpg,56,47,OTHER,621,458,677,505
1277107988Image000001.jpg,14,14,PEDESTRIAN_CROSSING,521,529,535,543
1277107988Image000001.jpg,10,11,NO_PARKING,512,540,522,551
1277107988Image000001.jpg,11,12,PEDESTRIAN_CROSSING,344,542,355,554
1277107988Image000006.jpg,54,48,OTHER,637,446,691,494
1277107988Image000006.jpg,13,14,PEDESTRIAN_CROSSING,518,529,531,543
1277107988Image000006.jpg,11,11,NO_PARKING,507,540,518,551
1277107988Image000006.jpg,13,14,PEDESTRIAN_CROSSING,334,541,347,555
1277107988Image000006.jpg,54,48,OTHER,637,446,691,494
1277107988Image000006.jpg,13,14,PEDESTRIAN_CROSSING,518,529,531,543
1277107988Image000006.jpg,11,11,NO_PARKING,507,540,518,551
1277107988Image000006.jpg,13,14,PEDESTRIAN_CROSSING,334,541,347,555
1277107988Image000006.jpg,54,48,OTHER,637,446,691,494
1277107988Image000006.jpg,13,14,PEDESTRIAN_CROSSING,518,529,531,543
1277107988Image000006.jpg,11,11,NO_PARKING,507,540,518,551
1277107988Image000006.jpg,13,14,PEDESTRIAN_CROSSING,334,541,347,555
1277107988Image000006.jpg,54,48,OTHER,637,446,691,494
1277107988Image000006.jpg,13,14,PEDESTRIAN_CROSSING,518,529,531,543
1277107988Image000006.jpg,11,11,NO_PARKING,507,540,518,551
1277107988Image000006.jpg,13,14,PEDESTRIAN_CROSSING,334,541,347,555
1277107988Image000011.jpg,73,69,OTHER,684,401,757,470
1277107988Image000011.jpg,14,14,PEDESTRIAN_CROSSING,517,522,531,536
1277107988Image000011.jpg,13,14,NO_PARKING,505,533,518,547
1277107988Image000011.jpg,15,15,PEDESTRIAN_CROSSING,319,535,334,550
1277107988Image000011.jpg,73,69,OTHER,684,401,757,470
1277107988Image000011.jpg,14,14,PEDESTRIAN_CROSSING,517,522,531,536
1277107988Image000011.jpg,13,14,NO_PARKING,505,533,518,547
1277107988Image000011.jpg,15,15,PEDESTRIAN_CROSSING,319,535,334,550
1277107988Image000011.jpg,73,69,OTHER,684,401,757,470
1277107988Image000011.jpg,14,14,PEDESTRIAN_CROSSING,517,522,531,536
1277107988Image000011.jpg,13,14,NO_PARKING,505,533,518,547
1277107988Image000011.jpg,15,15,PEDESTRIAN_CROSSING,319,535,334,550
1277107988Image000011.jpg,73,69,OTHER,684,401,757,470
1277107988Image000011.jpg,14,14,PEDESTRIAN_CROSSING,517,522,531,536
1277107988Image000011.jpg,13,14,NO_PARKING,505,533,518,547
1277107988Image000011.jpg,15,15,PEDESTRIAN_CROSSING,319,535,334,550
1277107988Image000016.jpg,108,99,OTHER,776,324,884,423
1277107988Image000016.jpg,16,16,PEDESTRIAN_CROSSING,522,521,538,537
1277107988Image000016.jpg,13,12,NO_PARKING,508,536,521,548
1277107988Image000016.jpg,16,16,PEDESTRIAN_CROSSING,307,537,323,553
1277107988Image000016.jpg,108,99,OTHER,776,324,884,423
1277107988Image000016.jpg,16,16,PEDESTRIAN_CROSSING,522,521,538,537
1277107988Image000016.jpg,13,12,NO_PARKING,508,536,521,548
1277107988Image000016.jpg,16,16,PEDESTRIAN_CROSSING,307,537,323,553
1277107988Image000016.jpg,108,99,OTHER,776,324,884,423
1277107988Image000016.jpg,16,16,PEDESTRIAN_CROSSING,522,521,538,537
1277107988Image000016.jpg,13,12,NO_PARKING,508,536,521,548
1277107988Image000016.jpg,16,16,PEDESTRIAN_CROSSING,307,537,323,553
1277107988Image000016.jpg,108,99,OTHER,776,324,884,423
1277107988Image000016.jpg,16,16,PEDESTRIAN_CROSSING,522,521,538,537
1277107988Image000016.jpg,13,12,NO_PARKING,508,536,521,548
1277107988Image000016.jpg,16,16,PEDESTRIAN_CROSSING,307,537,323,553
1277107988Image000021.jpg,130,196,OTHER,1149,16,1279,212
1277107988Image000021.jpg,19,18,PEDESTRIAN_CROSSING,533,512,552,530
1277107988Image000021.jpg,14,15,NO_PARKING,517,528,531,543
1277107988Image000021.jpg,17,18,PEDESTRIAN_CROSSING,296,532,313,550
1277107988Image000021.jpg,130,196,OTHER,1149,16,1279,212
1277107988Image000021.jpg,19,18,PEDESTRIAN_CROSSING,533,512,552,530
1277107988Image000021.jpg,14,15,NO_PARKING,517,528,531,543
1277107988Image000021.jpg,17,18,PEDESTRIAN_CROSSING,296,532,313,550
1277107988Image000021.jpg,130,196,OTHER,1149,16,1279,212
1277107988Image000021.jpg,19,18,PEDESTRIAN_CROSSING,533,512,552,530
1277107988Image000021.jpg,14,15,NO_PARKING,517,528,531,543
1277107988Image000021.jpg,17,18,PEDESTRIAN_CROSSING,296,532,313,550
1277107988Image000021.jpg,130,196,OTHER,1149,16,1279,212
1277107988Image000021.jpg,19,18,PEDESTRIAN_CROSSING,533,512,552,530
1277107988Image000021.jpg,14,15,NO_PARKING,517,528,531,543
1277107988Image000021.jpg,17,18,PEDESTRIAN_CROSSING,296,532,313,550
1277107988Image000026.jpg,20,18,PEDESTRIAN_CROSSING,545,508,565,526
1277107988Image000026.jpg,13,14,NO_PARKING,528,527,541,541
1277107988Image000026.jpg,17,17,PEDESTRIAN_CROSSING,289,530,306,547
1277107988Image000026.jpg,20,18,PEDESTRIAN_CROSSING,545,508,565,526
1277107988Image000026.jpg,13,14,NO_PARKING,528,527,541,541
1277107988Image000026.jpg,17,17,PEDESTRIAN_CROSSING,289,530,306,547
1277107988Image000026.jpg,20,18,PEDESTRIAN_CROSSING,545,508,565,526
1277107988Image000026.jpg,13,14,NO_PARKING,528,527,541,541
1277107988Image000026.jpg,17,17,PEDESTRIAN_CROSSING,289,530,306,547
1277107988Image000031.jpg,21,20,PEDESTRIAN_CROSSING,552,501,573,521
1277107988Image000031.jpg,14,17,NO_PARKING,530,523,544,540
1277107988Image000031.jpg,20,20,PEDESTRIAN_CROSSING,270,524,290,544
1277107988Image000031.jpg,21,20,PEDESTRIAN_CROSSING,552,501,573,521
1277107988Image000031.jpg,14,17,NO_PARKING,530,523,544,540
1277107988Image000031.jpg,20,20,PEDESTRIAN_CROSSING,270,524,290,544
1277107988Image000031.jpg,21,20,PEDESTRIAN_CROSSING,552,501,573,521
1277107988Image000031.jpg,14,17,NO_PARKING,530,523,544,540
1277107988Image000031.jpg,20,20,PEDESTRIAN_CROSSING,270,524,290,544
1277107988Image000037.jpg,23,24,PEDESTRIAN_CROSSING,560,496,583,520
1277107988Image000037.jpg,16,17,NO_PARKING,533,525,549,542
1277107988Image000037.jpg,21,19,PEDESTRIAN_CROSSING,241,525,262,544
1277107988Image000037.jpg,23,24,PEDESTRIAN_CROSSING,560,496,583,520
1277107988Image000037.jpg,16,17,NO_PARKING,533,525,549,542
1277107988Image000037.jpg,21,19,PEDESTRIAN_CROSSING,241,525,262,544
1277107988Image000037.jpg,23,24,PEDESTRIAN_CROSSING,560,496,583,520
1277107988Image000037.jpg,16,17,NO_PARKING,533,525,549,542
1277107988Image000037.jpg,21,19,PEDESTRIAN_CROSSING,241,525,262,544
1277107988Image000043.jpg,28,26,PEDESTRIAN_CROSSING,571,482,599,508
1277107988Image000043.jpg,17,16,NO_PARKING,536,521,553,537
1277107988Image000043.jpg,24,24,PEDESTRIAN_CROSSING,206,517,230,541
1277107988Image000043.jpg,28,26,PEDESTRIAN_CROSSING,571,482,599,508
1277107988Image000043.jpg,17,16,NO_PARKING,536,521,553,537
1277107988Image000043.jpg,24,24,PEDESTRIAN_CROSSING,206,517,230,541
1277107988Image000043.jpg,28,26,PEDESTRIAN_CROSSING,571,482,599,508
1277107988Image000043.jpg,17,16,NO_PARKING,536,521,553,537
1277107988Image000043.jpg,24,24,PEDESTRIAN_CROSSING,206,517,230,541
1277107988Image000054.jpg,38,38,PEDESTRIAN_CROSSING,604,451,642,489
1277107988Image000054.jpg,19,19,NO_PARKING,551,513,570,532
1277107988Image000054.jpg,31,31,PEDESTRIAN_CROSSING,129,505,160,536
1277107988Image000054.jpg,38,38,PEDESTRIAN_CROSSING,604,451,642,489
1277107988Image000054.jpg,19,19,NO_PARKING,551,513,570,532
1277107988Image000054.jpg,31,31,PEDESTRIAN_CROSSING,129,505,160,536
1277107988Image000054.jpg,38,38,PEDESTRIAN_CROSSING,604,451,642,489
1277107988Image000054.jpg,19,19,NO_PARKING,551,513,570,532
1277107988Image000054.jpg,31,31,PEDESTRIAN_CROSSING,129,505,160,536
1277107988Image000059.jpg,44,38,PEDESTRIAN_CROSSING,619,439,663,477
1277107988Image000059.jpg,21,21,NO_PARKING,556,509,577,530
1277107988Image000059.jpg,35,33,PEDESTRIAN_CROSSING,95,498,130,531
1277107988Image000059.jpg,44,38,PEDESTRIAN_CROSSING,619,439,663,477
1277107988Image000059.jpg,21,21,NO_PARKING,556,509,577,530
1277107988Image000059.jpg,35,33,PEDESTRIAN_CROSSING,95,498,130,531
1277107988Image000059.jpg,44,38,PEDESTRIAN_CROSSING,619,439,663,477
1277107988Image000059.jpg,21,21,NO_PARKING,556,509,577,530
1277107988Image000059.jpg,35,33,PEDESTRIAN_CROSSING,95,498,130,531
1277107988Image000065.jpg,49,47,PEDESTRIAN_CROSSING,652,415,701,462
1277107988Image000065.jpg,26,25,NO_PARKING,564,505,590,530
1277107988Image000065.jpg,38,39,PEDESTRIAN_CROSSING,39,486,77,525
1277107988Image000065.jpg,49,47,PEDESTRIAN_CROSSING,652,415,701,462
1277107988Image000065.jpg,26,25,NO_PARKING,564,505,590,530
1277107988Image000065.jpg,38,39,PEDESTRIAN_CROSSING,39,486,77,525
1277107988Image000065.jpg,49,47,PEDESTRIAN_CROSSING,652,415,701,462
1277107988Image000065.jpg,26,25,NO_PARKING,564,505,590,530
1277107988Image000065.jpg,38,39,PEDESTRIAN_CROSSING,39,486,77,525
1277107988Image000070.jpg,58,56,PEDESTRIAN_CROSSING,691,373,749,429
1277107988Image000070.jpg,25,49,PEDESTRIAN_CROSSING,0,462,25,511
1277107988Image000070.jpg,29,25,NO_PARKING,577,492,606,517
1277107988Image000070.jpg,58,56,PEDESTRIAN_CROSSING,691,373,749,429
1277107988Image000070.jpg,25,49,PEDESTRIAN_CROSSING,0,462,25,511
1277107988Image000070.jpg,29,25,NO_PARKING,577,492,606,517
1277107988Image000070.jpg,58,56,PEDESTRIAN_CROSSING,691,373,749,429
1277107988Image000070.jpg,25,49,PEDESTRIAN_CROSSING,0,462,25,511
1277107988Image000070.jpg,29,25,NO_PARKING,577,492,606,517
1277107988Image000076.jpg,75,72,PEDESTRIAN_CROSSING,768,320,843,392
1277107988Image000076.jpg,28,27,NO_PARKING,597,491,625,518
1277107988Image000076.jpg,75,72,PEDESTRIAN_CROSSING,768,320,843,392
1277107988Image000076.jpg,28,27,NO_PARKING,597,491,625,518
1277107988Image000082.jpg,99,89,PEDESTRIAN_CROSSING,847,252,946,341
1277107988Image000082.jpg,30,31,NO_PARKING,606,481,636,512
1277107988Image000082.jpg,99,89,PEDESTRIAN_CROSSING,847,252,946,341
1277107988Image000082.jpg,30,31,NO_PARKING,606,481,636,512
1277107988Image000088.jpg,147,138,PEDESTRIAN_CROSSING,1023,92,1170,230
1277107988Image000088.jpg,34,33,NO_PARKING,611,472,645,505
1277107988Image000088.jpg,147,138,PEDESTRIAN_CROSSING,1023,92,1170,230
1277107988Image000088.jpg,34,33,NO_PARKING,611,472,645,505
1277107988Image000094.jpg,36,34,NO_PARKING,613,470,649,504
1277107988Image000100.jpg,40,37,NO_PARKING,611,460,651,497
1277107988Image000106.jpg,54,48,NO_PARKING,601,407,655,455
1277107988Image000112.jpg,50,50,NO_PARKING,614,390,664,440
1277107988Image000118.jpg,61,70,NO_PARKING,643,414,704,484
1277107988Image000124.jpg,71,68,NO_PARKING,680,387,751,455
1277108013Image000005.jpg,63,54,NO_PARKING,631,393,694,447
1277108013Image000010.jpg,82,80,NO_PARKING,734,334,816,414
1277108013Image000015.jpg,136,126,NO_PARKING,992,172,1128,298
1277108024Image000002.jpg,34,32,NO_PARKING,617,501,651,533
1277108024Image000007.jpg,35,36,NO_PARKING,641,491,676,527
1277108024Image000017.jpg,63,60,NO_PARKING,766,425,829,485
1277108024Image000022.jpg,89,88,NO_PARKING,909,354,998,442
1277108036Image000001.jpg,47,103,OTHER,1234,352,1281,455
1277108036Image000006.jpg,105,102,OTHER,971,356,1076,458
1277108036Image000011.jpg,108,112,OTHER,695,318,803,430
1277108036Image000016.jpg,120,122,OTHER,318,313,438,435
1277108072Image000006.jpg,45,49,NO_PARKING,637,472,682,521
1277108072Image000011.jpg,47,52,NO_PARKING,673,463,720,515
1277108072Image000016.jpg,62,56,NO_PARKING,728,432,790,488
1277108072Image000021.jpg,66,62,NO_PARKING,787,409,853,471
1277108081Image000003.jpg,42,40,NO_PARKING,744,457,786,497
1277108081Image000008.jpg,44,46,NO_PARKING,778,442,822,488
1277108081Image000013.jpg,57,58,NO_PARKING,849,406,906,464
1277108081Image000018.jpg,71,70,NO_PARKING,925,369,996,439
1277108081Image000023.jpg,104,108,NO_PARKING,1174,231,1278,339
1277108081Image000023.jpg,39,31,OTHER,757,462,796,493
1277108081Image000023.jpg,104,108,NO_PARKING,1174,231,1278,339
1277108081Image000023.jpg,39,31,OTHER,757,462,796,493
1277108081Image000023.jpg,104,108,NO_PARKING,1174,231,1278,339
1277108081Image000023.jpg,39,31,OTHER,757,462,796,493
1277108085Image000001.jpg,77,72,OTHER,889,367,966,439
1277108085Image000001.jpg,77,72,OTHER,889,367,966,439
1277108085Image000006.jpg,104,93,OTHER,993,302,1097,395
1277108085Image000006.jpg,104,93,OTHER,993,302,1097,395
1277108089Image000004.jpg,26,27,PEDESTRIAN_CROSSING,716,521,742,548
1277108089Image000004.jpg,27,25,NO_PARKING,699,532,726,557
1277108089Image000004.jpg,21,22,PEDESTRIAN_CROSSING,350,531,371,553
1277108089Image000004.jpg,26,27,PEDESTRIAN_CROSSING,716,521,742,548
1277108089Image000004.jpg,27,25,NO_PARKING,699,532,726,557
1277108089Image000004.jpg,21,22,PEDESTRIAN_CROSSING,350,531,371,553
1277108089Image000004.jpg,26,27,PEDESTRIAN_CROSSING,716,521,742,548
1277108089Image000004.jpg,27,25,NO_PARKING,699,532,726,557
1277108089Image000004.jpg,21,22,PEDESTRIAN_CROSSING,350,531,371,553
1277108089Image000009.jpg,32,31,PEDESTRIAN_CROSSING,725,505,757,536
1277108089Image000009.jpg,26,28,NO_PARKING,703,520,729,548
1277108089Image000009.jpg,24,26,PEDESTRIAN_CROSSING,302,518,326,544
1277108089Image000009.jpg,32,31,PEDESTRIAN_CROSSING,725,505,757,536
1277108089Image000009.jpg,26,28,NO_PARKING,703,520,729,548
1277108089Image000009.jpg,24,26,PEDESTRIAN_CROSSING,302,518,326,544
1277108089Image000009.jpg,32,31,PEDESTRIAN_CROSSING,725,505,757,536
1277108089Image000009.jpg,26,28,NO_PARKING,703,520,729,548
1277108089Image000009.jpg,24,26,PEDESTRIAN_CROSSING,302,518,326,544
1277108089Image000014.jpg,33,34,PEDESTRIAN_CROSSING,737,492,770,526
1277108089Image000014.jpg,30,30,NO_PARKING,705,509,735,539
1277108089Image000014.jpg,26,27,PEDESTRIAN_CROSSING,271,505,297,532
1277108089Image000014.jpg,33,34,PEDESTRIAN_CROSSING,737,492,770,526
1277108089Image000014.jpg,30,30,NO_PARKING,705,509,735,539
1277108089Image000014.jpg,26,27,PEDESTRIAN_CROSSING,271,505,297,532
1277108089Image000014.jpg,33,34,PEDESTRIAN_CROSSING,737,492,770,526
1277108089Image000014.jpg,30,30,NO_PARKING,705,509,735,539
1277108089Image000014.jpg,26,27,PEDESTRIAN_CROSSING,271,505,297,532
1277108089Image000019.jpg,40,41,PEDESTRIAN_CROSSING,759,463,799,504
1277108089Image000019.jpg,33,35,NO_PARKING,715,486,748,521
1277108089Image000019.jpg,30,31,PEDESTRIAN_CROSSING,223,478,253,509
1277108089Image000019.jpg,40,41,PEDESTRIAN_CROSSING,759,463,799,504
1277108089Image000019.jpg,33,35,NO_PARKING,715,486,748,521
1277108089Image000019.jpg,30,31,PEDESTRIAN_CROSSING,223,478,253,509
1277108089Image000019.jpg,40,41,PEDESTRIAN_CROSSING,759,463,799,504
1277108089Image000019.jpg,33,35,NO_PARKING,715,486,748,521
1277108089Image000019.jpg,30,31,PEDESTRIAN_CROSSING,223,478,253,509
1277108089Image000024.jpg,48,49,PEDESTRIAN_CROSSING,802,428,850,477
1277108089Image000024.jpg,40,38,NO_PARKING,734,463,774,501
1277108089Image000024.jpg,35,36,PEDESTRIAN_CROSSING,156,450,191,486
1277108089Image000024.jpg,48,49,PEDESTRIAN_CROSSING,802,428,850,477
1277108089Image000024.jpg,40,38,NO_PARKING,734,463,774,501
1277108089Image000024.jpg,35,36,PEDESTRIAN_CROSSING,156,450,191,486
1277108089Image000024.jpg,48,49,PEDESTRIAN_CROSSING,802,428,850,477
1277108089Image000024.jpg,40,38,NO_PARKING,734,463,774,501
1277108089Image000024.jpg,35,36,PEDESTRIAN_CROSSING,156,450,191,486
1277108089Image000029.jpg,54,56,PEDESTRIAN_CROSSING,844,402,898,458
1277108089Image000029.jpg,41,43,NO_PARKING,754,447,795,490
1277108089Image000029.jpg,38,40,PEDESTRIAN_CROSSING,111,434,149,474
1277108089Image000029.jpg,54,56,PEDESTRIAN_CROSSING,844,402,898,458
1277108089Image000029.jpg,41,43,NO_PARKING,754,447,795,490
1277108089Image000029.jpg,38,40,PEDESTRIAN_CROSSING,111,434,149,474
1277108089Image000029.jpg,54,56,PEDESTRIAN_CROSSING,844,402,898,458
1277108089Image000029.jpg,41,43,NO_PARKING,754,447,795,490
1277108089Image000029.jpg,38,40,PEDESTRIAN_CROSSING,111,434,149,474
1277108089Image000034.jpg,67,70,PEDESTRIAN_CROSSING,944,361,1011,431
1277108089Image000034.jpg,49,50,NO_PARKING,796,431,845,481
1277108089Image000034.jpg,48,52,PEDESTRIAN_CROSSING,17,410,65,462
1277108089Image000034.jpg,67,70,PEDESTRIAN_CROSSING,944,361,1011,431
1277108089Image000034.jpg,49,50,NO_PARKING,796,431,845,481
1277108089Image000034.jpg,48,52,PEDESTRIAN_CROSSING,17,410,65,462
1277108089Image000034.jpg,67,70,PEDESTRIAN_CROSSING,944,361,1011,431
1277108089Image000034.jpg,49,50,NO_PARKING,796,431,845,481
1277108089Image000034.jpg,48,52,PEDESTRIAN_CROSSING,17,410,65,462
1277108089Image000044.jpg,64,63,NO_PARKING,896,373,960,436
1277108089Image000049.jpg,70,132,NO_PARKING,1208,220,1278,352
1277108108Image000004.jpg,27,28,NO_STOPPING_NO_STANDING,653,505,680,533
1277108108Image000004.jpg,22,29,PEDESTRIAN_CROSSING,638,486,660,515
1277108108Image000004.jpg,24,23,PEDESTRIAN_CROSSING,262,521,286,544
1277108108Image000004.jpg,27,28,NO_STOPPING_NO_STANDING,653,505,680,533
1277108108Image000004.jpg,22,29,PEDESTRIAN_CROSSING,638,486,660,515
1277108108Image000004.jpg,24,23,PEDESTRIAN_CROSSING,262,521,286,544
1277108108Image000004.jpg,27,28,NO_STOPPING_NO_STANDING,653,505,680,533
1277108108Image000004.jpg,22,29,PEDESTRIAN_CROSSING,638,486,660,515
1277108108Image000004.jpg,24,23,PEDESTRIAN_CROSSING,262,521,286,544
1277108108Image000004.jpg,27,28,NO_STOPPING_NO_STANDING,653,505,680,533
1277108108Image000004.jpg,22,29,PEDESTRIAN_CROSSING,638,486,660,515
1277108108Image000004.jpg,24,23,PEDESTRIAN_CROSSING,262,521,286,544
1277108108Image000009.jpg,31,32,NO_STOPPING_NO_STANDING,667,493,698,525
1277108108Image000009.jpg,25,29,PEDESTRIAN_CROSSING,648,476,673,505
1277108108Image000009.jpg,24,26,PEDESTRIAN_CROSSING,237,513,261,539
1277108108Image000009.jpg,31,32,NO_STOPPING_NO_STANDING,667,493,698,525
1277108108Image000009.jpg,25,29,PEDESTRIAN_CROSSING,648,476,673,505
1277108108Image000009.jpg,24,26,PEDESTRIAN_CROSSING,237,513,261,539
1277108108Image000009.jpg,31,32,NO_STOPPING_NO_STANDING,667,493,698,525
1277108108Image000009.jpg,25,29,PEDESTRIAN_CROSSING,648,476,673,505
1277108108Image000009.jpg,24,26,PEDESTRIAN_CROSSING,237,513,261,539
1277108108Image000009.jpg,31,32,NO_STOPPING_NO_STANDING,667,493,698,525
1277108108Image000009.jpg,25,29,PEDESTRIAN_CROSSING,648,476,673,505
1277108108Image000009.jpg,24,26,PEDESTRIAN_CROSSING,237,513,261,539
1277108108Image000014.jpg,33,36,NO_STOPPING_NO_STANDING,680,479,713,515
1277108108Image000014.jpg,29,34,PEDESTRIAN_CROSSING,658,459,687,493
1277108108Image000014.jpg,29,30,PEDESTRIAN_CROSSING,177,505,206,535
1277108108Image000014.jpg,33,36,NO_STOPPING_NO_STANDING,680,479,713,515
1277108108Image000014.jpg,29,34,PEDESTRIAN_CROSSING,658,459,687,493
1277108108Image000014.jpg,29,30,PEDESTRIAN_CROSSING,177,505,206,535
1277108108Image000014.jpg,33,36,NO_STOPPING_NO_STANDING,680,479,713,515
1277108108Image000014.jpg,29,34,PEDESTRIAN_CROSSING,658,459,687,493
1277108108Image000014.jpg,29,30,PEDESTRIAN_CROSSING,177,505,206,535
1277108108Image000014.jpg,33,36,NO_STOPPING_NO_STANDING,680,479,713,515
1277108108Image000014.jpg,29,34,PEDESTRIAN_CROSSING,658,459,687,493
1277108108Image000014.jpg,29,30,PEDESTRIAN_CROSSING,177,505,206,535
1277108108Image000019.jpg,39,39,NO_STOPPING_NO_STANDING,701,462,740,501
1277108108Image000019.jpg,31,38,PEDESTRIAN_CROSSING,674,438,705,476
1277108108Image000019.jpg,36,33,PEDESTRIAN_CROSSING,116,493,152,526
1277108108Image000019.jpg,10,10,PEDESTRIAN_CROSSING,511,546,521,556
1277108108Image000019.jpg,39,39,NO_STOPPING_NO_STANDING,701,462,740,501
1277108108Image000019.jpg,31,38,PEDESTRIAN_CROSSING,674,438,705,476
1277108108Image000019.jpg,36,33,PEDESTRIAN_CROSSING,116,493,152,526
1277108108Image000019.jpg,10,10,PEDESTRIAN_CROSSING,511,546,521,556
1277108108Image000019.jpg,39,39,NO_STOPPING_NO_STANDING,701,462,740,501
1277108108Image000019.jpg,31,38,PEDESTRIAN_CROSSING,674,438,705,476
1277108108Image000019.jpg,36,33,PEDESTRIAN_CROSSING,116,493,152,526
1277108108Image000019.jpg,10,10,PEDESTRIAN_CROSSING,511,546,521,556
1277108108Image000019.jpg,39,39,NO_STOPPING_NO_STANDING,701,462,740,501
1277108108Image000019.jpg,31,38,PEDESTRIAN_CROSSING,674,438,705,476
1277108108Image000019.jpg,36,33,PEDESTRIAN_CROSSING,116,493,152,526
1277108108Image000019.jpg,10,10,PEDESTRIAN_CROSSING,511,546,521,556
1277108108Image000024.jpg,53,55,NO_STOPPING_NO_STANDING,771,422,824,477
1277108108Image000024.jpg,43,49,PEDESTRIAN_CROSSING,735,393,778,442
1277108108Image000024.jpg,44,43,PEDESTRIAN_CROSSING,3,470,47,513
1277108108Image000024.jpg,8,9,PEDESTRIAN_CROSSING,513,543,521,552
1277108108Image000024.jpg,53,55,NO_STOPPING_NO_STANDING,771,422,824,477
1277108108Image000024.jpg,43,49,PEDESTRIAN_CROSSING,735,393,778,442
1277108108Image000024.jpg,44,43,PEDESTRIAN_CROSSING,3,470,47,513
1277108108Image000024.jpg,8,9,PEDESTRIAN_CROSSING,513,543,521,552
1277108108Image000024.jpg,53,55,NO_STOPPING_NO_STANDING,771,422,824,477
1277108108Image000024.jpg,43,49,PEDESTRIAN_CROSSING,735,393,778,442
1277108108Image000024.jpg,44,43,PEDESTRIAN_CROSSING,3,470,47,513
1277108108Image000024.jpg,8,9,PEDESTRIAN_CROSSING,513,543,521,552
1277108108Image000024.jpg,53,55,NO_STOPPING_NO_STANDING,771,422,824,477
1277108108Image000024.jpg,43,49,PEDESTRIAN_CROSSING,735,393,778,442
1277108108Image000024.jpg,44,43,PEDESTRIAN_CROSSING,3,470,47,513
1277108108Image000024.jpg,8,9,PEDESTRIAN_CROSSING,513,543,521,552
1277108108Image000029.jpg,62,64,NO_STOPPING_NO_STANDING,842,390,904,454
1277108108Image000029.jpg,53,62,PEDESTRIAN_CROSSING,798,352,851,414
1277108108Image000029.jpg,10,11,PEDESTRIAN_CROSSING,520,542,530,553
1277108108Image000029.jpg,62,64,NO_STOPPING_NO_STANDING,842,390,904,454
1277108108Image000029.jpg,53,62,PEDESTRIAN_CROSSING,798,352,851,414
1277108108Image000029.jpg,10,11,PEDESTRIAN_CROSSING,520,542,530,553
1277108108Image000029.jpg,62,64,NO_STOPPING_NO_STANDING,842,390,904,454
1277108108Image000029.jpg,53,62,PEDESTRIAN_CROSSING,798,352,851,414
1277108108Image000029.jpg,10,11,PEDESTRIAN_CROSSING,520,542,530,553
1277108108Image000034.jpg,81,85,NO_STOPPING_NO_STANDING,983,315,1064,400
1277108108Image000034.jpg,76,83,PEDESTRIAN_CROSSING,914,264,990,347
1277108108Image000034.jpg,11,11,PEDESTRIAN_CROSSING,529,534,540,545
1277108108Image000034.jpg,81,85,NO_STOPPING_NO_STANDING,983,315,1064,400
1277108108Image000034.jpg,76,83,PEDESTRIAN_CROSSING,914,264,990,347
1277108108Image000034.jpg,11,11,PEDESTRIAN_CROSSING,529,534,540,545
1277108108Image000034.jpg,81,85,NO_STOPPING_NO_STANDING,983,315,1064,400
1277108108Image000034.jpg,76,83,PEDESTRIAN_CROSSING,914,264,990,347
1277108108Image000034.jpg,11,11,PEDESTRIAN_CROSSING,529,534,540,545
1277108108Image000039.jpg,10,12,PEDESTRIAN_CROSSING,540,559,550,571
1277108108Image000039.jpg,11,12,PEDESTRIAN_CROSSING,672,551,683,563
1277108108Image000039.jpg,10,12,PEDESTRIAN_CROSSING,540,559,550,571
1277108108Image000039.jpg,11,12,PEDESTRIAN_CROSSING,672,551,683,563
1277108108Image000044.jpg,12,13,PEDESTRIAN_CROSSING,546,545,558,558
1277108108Image000044.jpg,11,11,PEDESTRIAN_CROSSING,688,539,699,550
1277108108Image000044.jpg,12,13,PEDESTRIAN_CROSSING,546,545,558,558
1277108108Image000044.jpg,11,11,PEDESTRIAN_CROSSING,688,539,699,550
1277108108Image000049.jpg,12,13,PEDESTRIAN_CROSSING,549,538,561,551
1277108108Image000049.jpg,12,12,PEDESTRIAN_CROSSING,697,531,709,543
1277108108Image000049.jpg,12,13,PEDESTRIAN_CROSSING,549,538,561,551
1277108108Image000049.jpg,12,12,PEDESTRIAN_CROSSING,697,531,709,543
1277108116Image000001.jpg,23,22,PEDESTRIAN_CROSSING,328,509,351,531
1277108116Image000001.jpg,26,27,PEDESTRIAN_CROSSING,648,488,674,515
1277108116Image000001.jpg,14,16,NO_PARKING,709,531,723,547
1277108116Image000001.jpg,23,22,PEDESTRIAN_CROSSING,328,509,351,531
1277108116Image000001.jpg,26,27,PEDESTRIAN_CROSSING,648,488,674,515
1277108116Image000001.jpg,14,16,NO_PARKING,709,531,723,547
1277108116Image000001.jpg,23,22,PEDESTRIAN_CROSSING,328,509,351,531
1277108116Image000001.jpg,26,27,PEDESTRIAN_CROSSING,648,488,674,515
1277108116Image000001.jpg,14,16,NO_PARKING,709,531,723,547
1277108116Image000011.jpg,33,31,PEDESTRIAN_CROSSING,666,466,699,497
1277108116Image000011.jpg,30,29,PEDESTRIAN_CROSSING,270,489,300,518
1277108116Image000011.jpg,16,17,NO_PARKING,711,524,727,541
1277108116Image000011.jpg,33,31,PEDESTRIAN_CROSSING,666,466,699,497
1277108116Image000011.jpg,30,29,PEDESTRIAN_CROSSING,270,489,300,518
1277108116Image000011.jpg,16,17,NO_PARKING,711,524,727,541
1277108116Image000011.jpg,33,31,PEDESTRIAN_CROSSING,666,466,699,497
1277108116Image000011.jpg,30,29,PEDESTRIAN_CROSSING,270,489,300,518
1277108116Image000011.jpg,16,17,NO_PARKING,711,524,727,541
1277108116Image000016.jpg,36,36,PEDESTRIAN_CROSSING,677,453,713,489
1277108116Image000016.jpg,31,32,PEDESTRIAN_CROSSING,238,479,269,511
1277108116Image000016.jpg,17,19,NO_PARKING,711,523,728,542
1277108116Image000016.jpg,15,22,PEDESTRIAN_CROSSING,925,487,940,509
1277108116Image000016.jpg,36,36,PEDESTRIAN_CROSSING,677,453,713,489
1277108116Image000016.jpg,31,32,PEDESTRIAN_CROSSING,238,479,269,511
1277108116Image000016.jpg,17,19,NO_PARKING,711,523,728,542
1277108116Image000016.jpg,15,22,PEDESTRIAN_CROSSING,925,487,940,509
1277108116Image000016.jpg,36,36,PEDESTRIAN_CROSSING,677,453,713,489
1277108116Image000016.jpg,31,32,PEDESTRIAN_CROSSING,238,479,269,511
1277108116Image000016.jpg,17,19,NO_PARKING,711,523,728,542
1277108116Image000016.jpg,15,22,PEDESTRIAN_CROSSING,925,487,940,509
1277108116Image000016.jpg,36,36,PEDESTRIAN_CROSSING,677,453,713,489
1277108116Image000016.jpg,31,32,PEDESTRIAN_CROSSING,238,479,269,511
1277108116Image000016.jpg,17,19,NO_PARKING,711,523,728,542
1277108116Image000016.jpg,15,22,PEDESTRIAN_CROSSING,925,487,940,509
1277108116Image000021.jpg,40,39,PEDESTRIAN_CROSSING,690,438,730,477
1277108116Image000021.jpg,34,35,PEDESTRIAN_CROSSING,197,467,231,502
1277108116Image000021.jpg,16,18,NO_PARKING,712,521,728,539
1277108116Image000021.jpg,13,26,PEDESTRIAN_CROSSING,949,478,962,504
1277108116Image000021.jpg,8,17,PEDESTRIAN_CROSSING,963,493,971,510
1277108116Image000021.jpg,40,39,PEDESTRIAN_CROSSING,690,438,730,477
1277108116Image000021.jpg,34,35,PEDESTRIAN_CROSSING,197,467,231,502
1277108116Image000021.jpg,16,18,NO_PARKING,712,521,728,539
1277108116Image000021.jpg,13,26,PEDESTRIAN_CROSSING,949,478,962,504
1277108116Image000021.jpg,8,17,PEDESTRIAN_CROSSING,963,493,971,510
1277108116Image000021.jpg,40,39,PEDESTRIAN_CROSSING,690,438,730,477
1277108116Image000021.jpg,34,35,PEDESTRIAN_CROSSING,197,467,231,502
1277108116Image000021.jpg,16,18,NO_PARKING,712,521,728,539
1277108116Image000021.jpg,13,26,PEDESTRIAN_CROSSING,949,478,962,504
1277108116Image000021.jpg,8,17,PEDESTRIAN_CROSSING,963,493,971,510
1277108116Image000021.jpg,40,39,PEDESTRIAN_CROSSING,690,438,730,477
1277108116Image000021.jpg,34,35,PEDESTRIAN_CROSSING,197,467,231,502
1277108116Image000021.jpg,16,18,NO_PARKING,712,521,728,539
1277108116Image000021.jpg,13,26,PEDESTRIAN_CROSSING,949,478,962,504
1277108116Image000021.jpg,8,17,PEDESTRIAN_CROSSING,963,493,971,510
1277108116Image000021.jpg,40,39,PEDESTRIAN_CROSSING,690,438,730,477
1277108116Image000021.jpg,34,35,PEDESTRIAN_CROSSING,197,467,231,502
1277108116Image000021.jpg,16,18,NO_PARKING,712,521,728,539
1277108116Image000021.jpg,13,26,PEDESTRIAN_CROSSING,949,478,962,504
1277108116Image000021.jpg,8,17,PEDESTRIAN_CROSSING,963,493,971,510
1277108116Image000026.jpg,47,46,PEDESTRIAN_CROSSING,710,423,757,469
1277108116Image000026.jpg,41,41,PEDESTRIAN_CROSSING,151,458,192,499
1277108116Image000026.jpg,19,20,NO_PARKING,712,522,731,542
1277108116Image000026.jpg,12,28,PEDESTRIAN_CROSSING,984,473,996,501
1277108116Image000026.jpg,15,28,OTHER,1142,485,1157,513
1277108116Image000026.jpg,47,46,PEDESTRIAN_CROSSING,710,423,757,469
1277108116Image000026.jpg,41,41,PEDESTRIAN_CROSSING,151,458,192,499
1277108116Image000026.jpg,19,20,NO_PARKING,712,522,731,542
1277108116Image000026.jpg,12,28,PEDESTRIAN_CROSSING,984,473,996,501
1277108116Image000026.jpg,15,28,OTHER,1142,485,1157,513
1277108116Image000026.jpg,47,46,PEDESTRIAN_CROSSING,710,423,757,469
1277108116Image000026.jpg,41,41,PEDESTRIAN_CROSSING,151,458,192,499
1277108116Image000026.jpg,19,20,NO_PARKING,712,522,731,542
1277108116Image000026.jpg,12,28,PEDESTRIAN_CROSSING,984,473,996,501
1277108116Image000026.jpg,15,28,OTHER,1142,485,1157,513
1277108116Image000026.jpg,47,46,PEDESTRIAN_CROSSING,710,423,757,469
1277108116Image000026.jpg,41,41,PEDESTRIAN_CROSSING,151,458,192,499
1277108116Image000026.jpg,19,20,NO_PARKING,712,522,731,542
1277108116Image000026.jpg,12,28,PEDESTRIAN_CROSSING,984,473,996,501
1277108116Image000026.jpg,15,28,OTHER,1142,485,1157,513
1277108116Image000026.jpg,47,46,PEDESTRIAN_CROSSING,710,423,757,469
1277108116Image000026.jpg,41,41,PEDESTRIAN_CROSSING,151,458,192,499
1277108116Image000026.jpg,19,20,NO_PARKING,712,522,731,542
1277108116Image000026.jpg,12,28,PEDESTRIAN_CROSSING,984,473,996,501
1277108116Image000026.jpg,15,28,OTHER,1142,485,1157,513
1277108116Image000036.jpg,65,64,PEDESTRIAN_CROSSING,818,351,883,415
1277108116Image000036.jpg,52,53,PEDESTRIAN_CROSSING,24,409,76,462
1277108116Image000036.jpg,22,22,NO_PARKING,737,512,759,534
1277108116Image000036.jpg,19,36,PEDESTRIAN_CROSSING,1107,448,1126,484
1277108116Image000036.jpg,10,21,PEDESTRIAN_CROSSING,1060,477,1070,498
1277108116Image000036.jpg,65,64,PEDESTRIAN_CROSSING,818,351,883,415
1277108116Image000036.jpg,52,53,PEDESTRIAN_CROSSING,24,409,76,462
1277108116Image000036.jpg,22,22,NO_PARKING,737,512,759,534
1277108116Image000036.jpg,19,36,PEDESTRIAN_CROSSING,1107,448,1126,484
1277108116Image000036.jpg,10,21,PEDESTRIAN_CROSSING,1060,477,1070,498
1277108116Image000036.jpg,65,64,PEDESTRIAN_CROSSING,818,351,883,415
1277108116Image000036.jpg,52,53,PEDESTRIAN_CROSSING,24,409,76,462
1277108116Image000036.jpg,22,22,NO_PARKING,737,512,759,534
1277108116Image000036.jpg,19,36,PEDESTRIAN_CROSSING,1107,448,1126,484
1277108116Image000036.jpg,10,21,PEDESTRIAN_CROSSING,1060,477,1070,498
1277108116Image000036.jpg,65,64,PEDESTRIAN_CROSSING,818,351,883,415
1277108116Image000036.jpg,52,53,PEDESTRIAN_CROSSING,24,409,76,462
1277108116Image000036.jpg,22,22,NO_PARKING,737,512,759,534
1277108116Image000036.jpg,19,36,PEDESTRIAN_CROSSING,1107,448,1126,484
1277108116Image000036.jpg,10,21,PEDESTRIAN_CROSSING,1060,477,1070,498
1277108116Image000036.jpg,65,64,PEDESTRIAN_CROSSING,818,351,883,415
1277108116Image000036.jpg,52,53,PEDESTRIAN_CROSSING,24,409,76,462
1277108116Image000036.jpg,22,22,NO_PARKING,737,512,759,534
1277108116Image000036.jpg,19,36,PEDESTRIAN_CROSSING,1107,448,1126,484
1277108116Image000036.jpg,10,21,PEDESTRIAN_CROSSING,1060,477,1070,498
1277108116Image000041.jpg,83,81,PEDESTRIAN_CROSSING,884,304,967,385
1277108116Image000041.jpg,22,22,NO_PARKING,742,515,764,537
1277108116Image000041.jpg,19,39,PEDESTRIAN_CROSSING,1165,439,1184,478
1277108116Image000041.jpg,12,23,PEDESTRIAN_CROSSING,1086,475,1098,498
1277108116Image000041.jpg,83,81,PEDESTRIAN_CROSSING,884,304,967,385
1277108116Image000041.jpg,22,22,NO_PARKING,742,515,764,537
1277108116Image000041.jpg,19,39,PEDESTRIAN_CROSSING,1165,439,1184,478
1277108116Image000041.jpg,12,23,PEDESTRIAN_CROSSING,1086,475,1098,498
1277108116Image000041.jpg,83,81,PEDESTRIAN_CROSSING,884,304,967,385
1277108116Image000041.jpg,22,22,NO_PARKING,742,515,764,537
1277108116Image000041.jpg,19,39,PEDESTRIAN_CROSSING,1165,439,1184,478
1277108116Image000041.jpg,12,23,PEDESTRIAN_CROSSING,1086,475,1098,498
1277108116Image000041.jpg,83,81,PEDESTRIAN_CROSSING,884,304,967,385
1277108116Image000041.jpg,22,22,NO_PARKING,742,515,764,537
1277108116Image000041.jpg,19,39,PEDESTRIAN_CROSSING,1165,439,1184,478
1277108116Image000041.jpg,12,23,PEDESTRIAN_CROSSING,1086,475,1098,498
1277108116Image000046.jpg,132,137,PEDESTRIAN_CROSSING,1123,128,1255,265
1277108116Image000046.jpg,24,23,NO_PARKING,744,508,768,531
1277108116Image000046.jpg,15,27,PEDESTRIAN_CROSSING,1141,462,1156,489
1277108116Image000046.jpg,132,137,PEDESTRIAN_CROSSING,1123,128,1255,265
1277108116Image000046.jpg,24,23,NO_PARKING,744,508,768,531
1277108116Image000046.jpg,15,27,PEDESTRIAN_CROSSING,1141,462,1156,489
1277108116Image000046.jpg,132,137,PEDESTRIAN_CROSSING,1123,128,1255,265
1277108116Image000046.jpg,24,23,NO_PARKING,744,508,768,531
1277108116Image000046.jpg,15,27,PEDESTRIAN_CROSSING,1141,462,1156,489
1277108116Image000051.jpg,24,24,NO_PARKING,733,505,757,529
1277108116Image000051.jpg,17,28,PEDESTRIAN_CROSSING,1166,453,1183,481
1277108116Image000051.jpg,24,24,NO_PARKING,733,505,757,529
1277108116Image000051.jpg,17,28,PEDESTRIAN_CROSSING,1166,453,1183,481
1277108116Image000056.jpg,25,24,NO_PARKING,726,500,751,524
1277108116Image000056.jpg,18,29,PEDESTRIAN_CROSSING,1184,443,1202,472
1277108116Image000056.jpg,25,24,NO_PARKING,726,500,751,524
1277108116Image000056.jpg,18,29,PEDESTRIAN_CROSSING,1184,443,1202,472
1277108125Image000001.jpg,47,53,NO_PARKING,676,476,723,529
1277108125Image000001.jpg,8,8,PRIORITY_ROAD,567,584,575,592
1277108125Image000001.jpg,47,53,NO_PARKING,676,476,723,529
1277108125Image000001.jpg,8,8,PRIORITY_ROAD,567,584,575,592
1277108125Image000006.jpg,55,60,NO_PARKING,712,448,767,508
1277108125Image000006.jpg,9,8,PRIORITY_ROAD,568,570,577,578
1277108125Image000006.jpg,55,60,NO_PARKING,712,448,767,508
1277108125Image000006.jpg,9,8,PRIORITY_ROAD,568,570,577,578
1277108125Image000011.jpg,60,64,NO_PARKING,747,424,807,488
1277108125Image000011.jpg,9,8,PRIORITY_ROAD,575,564,584,572
1277108125Image000011.jpg,60,64,NO_PARKING,747,424,807,488
1277108125Image000011.jpg,9,8,PRIORITY_ROAD,575,564,584,572
1277108125Image000016.jpg,75,79,NO_PARKING,847,368,922,447
1277108125Image000016.jpg,8,9,PRIORITY_ROAD,596,557,604,566
1277108125Image000016.jpg,75,79,NO_PARKING,847,368,922,447
1277108125Image000016.jpg,8,9,PRIORITY_ROAD,596,557,604,566
1277108125Image000021.jpg,100,103,NO_PARKING,983,285,1083,388
1277108125Image000021.jpg,9,10,PRIORITY_ROAD,613,547,622,557
1277108125Image000021.jpg,100,103,NO_PARKING,983,285,1083,388
1277108125Image000021.jpg,9,10,PRIORITY_ROAD,613,547,622,557
1277108125Image000026.jpg,113,136,NO_PARKING,1166,153,1279,289
1277108125Image000026.jpg,9,10,PRIORITY_ROAD,625,533,634,543
1277108125Image000026.jpg,113,136,NO_PARKING,1166,153,1279,289
1277108125Image000026.jpg,9,10,PRIORITY_ROAD,625,533,634,543
1277108125Image000031.jpg,8,9,PRIORITY_ROAD,630,537,638,546
1277108125Image000031.jpg,9,10,PRIORITY_ROAD,630,537,639,547
1277108125Image000031.jpg,8,9,PRIORITY_ROAD,630,537,638,546
1277108125Image000031.jpg,9,10,PRIORITY_ROAD,630,537,639,547
1277108134Image000003.jpg,17,17,PRIORITY_ROAD,566,520,583,537
1277108134Image000003.jpg,9,8,PRIORITY_ROAD,549,536,558,544
1277108134Image000003.jpg,17,17,PRIORITY_ROAD,566,520,583,537
1277108134Image000003.jpg,9,8,PRIORITY_ROAD,549,536,558,544
1277108134Image000003.jpg,17,17,PRIORITY_ROAD,566,520,583,537
1277108134Image000003.jpg,9,8,PRIORITY_ROAD,549,536,558,544
1277108134Image000008.jpg,17,18,PRIORITY_ROAD,575,526,592,544
1277108134Image000008.jpg,9,9,PRIORITY_ROAD,553,544,562,553
1277108134Image000008.jpg,17,18,PRIORITY_ROAD,575,526,592,544
1277108134Image000008.jpg,9,9,PRIORITY_ROAD,553,544,562,553
1277108134Image000008.jpg,17,18,PRIORITY_ROAD,575,526,592,544
1277108134Image000008.jpg,9,9,PRIORITY_ROAD,553,544,562,553
1277108134Image000013.jpg,20,20,PRIORITY_ROAD,598,523,618,543
1277108134Image000013.jpg,10,10,PRIORITY_ROAD,567,545,577,555
1277108134Image000013.jpg,9,9,PEDESTRIAN_CROSSING,487,543,496,552
1277108134Image000013.jpg,7,9,PEDESTRIAN_CROSSING,612,540,619,549
1277108134Image000013.jpg,20,20,PRIORITY_ROAD,598,523,618,543
1277108134Image000013.jpg,10,10,PRIORITY_ROAD,567,545,577,555
1277108134Image000013.jpg,9,9,PEDESTRIAN_CROSSING,487,543,496,552
1277108134Image000013.jpg,7,9,PEDESTRIAN_CROSSING,612,540,619,549
1277108134Image000013.jpg,20,20,PRIORITY_ROAD,598,523,618,543
1277108134Image000013.jpg,10,10,PRIORITY_ROAD,567,545,577,555
1277108134Image000013.jpg,9,9,PEDESTRIAN_CROSSING,487,543,496,552
1277108134Image000013.jpg,7,9,PEDESTRIAN_CROSSING,612,540,619,549
1277108134Image000013.jpg,20,20,PRIORITY_ROAD,598,523,618,543
1277108134Image000013.jpg,10,10,PRIORITY_ROAD,567,545,577,555
1277108134Image000013.jpg,9,9,PEDESTRIAN_CROSSING,487,543,496,552
1277108134Image000013.jpg,7,9,PEDESTRIAN_CROSSING,612,540,619,549
1277108134Image000013.jpg,20,20,PRIORITY_ROAD,598,523,618,543
1277108134Image000013.jpg,10,10,PRIORITY_ROAD,567,545,577,555
1277108134Image000013.jpg,9,9,PEDESTRIAN_CROSSING,487,543,496,552
1277108134Image000013.jpg,7,9,PEDESTRIAN_CROSSING,612,540,619,549
1277108134Image000023.jpg,24,25,PRIORITY_ROAD,654,530,678,555
1277108134Image000023.jpg,10,12,PRIORITY_ROAD,599,560,609,572
1277108134Image000023.jpg,10,9,PEDESTRIAN_CROSSING,645,556,655,565
1277108134Image000023.jpg,24,25,PRIORITY_ROAD,654,530,678,555
1277108134Image000023.jpg,10,12,PRIORITY_ROAD,599,560,609,572
1277108134Image000023.jpg,10,9,PEDESTRIAN_CROSSING,645,556,655,565
1277108134Image000023.jpg,24,25,PRIORITY_ROAD,654,530,678,555
1277108134Image000023.jpg,10,12,PRIORITY_ROAD,599,560,609,572
1277108134Image000023.jpg,10,9,PEDESTRIAN_CROSSING,645,556,655,565
1277108134Image000023.jpg,24,25,PRIORITY_ROAD,654,530,678,555
1277108134Image000023.jpg,10,12,PRIORITY_ROAD,599,560,609,572
1277108134Image000023.jpg,10,9,PEDESTRIAN_CROSSING,645,556,655,565
1277108134Image000028.jpg,28,28,PRIORITY_ROAD,681,515,709,543
1277108134Image000028.jpg,10,12,PRIORITY_ROAD,610,552,620,564
1277108134Image000028.jpg,10,9,PEDESTRIAN_CROSSING,655,550,665,559
1277108134Image000028.jpg,28,28,PRIORITY_ROAD,681,515,709,543
1277108134Image000028.jpg,10,12,PRIORITY_ROAD,610,552,620,564
1277108134Image000028.jpg,10,9,PEDESTRIAN_CROSSING,655,550,665,559
1277108134Image000028.jpg,28,28,PRIORITY_ROAD,681,515,709,543
1277108134Image000028.jpg,10,12,PRIORITY_ROAD,610,552,620,564
1277108134Image000028.jpg,10,9,PEDESTRIAN_CROSSING,655,550,665,559
1277108134Image000028.jpg,28,28,PRIORITY_ROAD,681,515,709,543
1277108134Image000028.jpg,10,12,PRIORITY_ROAD,610,552,620,564
1277108134Image000028.jpg,10,9,PEDESTRIAN_CROSSING,655,550,665,559
1277108134Image000033.jpg,33,31,PRIORITY_ROAD,709,494,742,525
1277108134Image000033.jpg,12,12,PRIORITY_ROAD,613,541,625,553
1277108134Image000033.jpg,9,11,PEDESTRIAN_CROSSING,515,542,524,553
1277108134Image000033.jpg,12,11,PEDESTRIAN_CROSSING,658,537,670,548
1277108134Image000033.jpg,33,31,PRIORITY_ROAD,709,494,742,525
1277108134Image000033.jpg,12,12,PRIORITY_ROAD,613,541,625,553
1277108134Image000033.jpg,9,11,PEDESTRIAN_CROSSING,515,542,524,553
1277108134Image000033.jpg,12,11,PEDESTRIAN_CROSSING,658,537,670,548
1277108134Image000033.jpg,33,31,PRIORITY_ROAD,709,494,742,525
1277108134Image000033.jpg,12,12,PRIORITY_ROAD,613,541,625,553
1277108134Image000033.jpg,9,11,PEDESTRIAN_CROSSING,515,542,524,553
1277108134Image000033.jpg,12,11,PEDESTRIAN_CROSSING,658,537,670,548
1277108134Image000033.jpg,33,31,PRIORITY_ROAD,709,494,742,525
1277108134Image000033.jpg,12,12,PRIORITY_ROAD,613,541,625,553
1277108134Image000033.jpg,9,11,PEDESTRIAN_CROSSING,515,542,524,553
1277108134Image000033.jpg,12,11,PEDESTRIAN_CROSSING,658,537,670,548
1277108134Image000033.jpg,33,31,PRIORITY_ROAD,709,494,742,525
1277108134Image000033.jpg,12,12,PRIORITY_ROAD,613,541,625,553
1277108134Image000033.jpg,9,11,PEDESTRIAN_CROSSING,515,542,524,553
1277108134Image000033.jpg,12,11,PEDESTRIAN_CROSSING,658,537,670,548
1277108134Image000038.jpg,45,45,PRIORITY_ROAD,772,450,817,495
1277108134Image000038.jpg,14,15,PRIORITY_ROAD,612,524,626,539
1277108134Image000038.jpg,10,11,PEDESTRIAN_CROSSING,659,521,669,532
1277108134Image000038.jpg,10,11,PEDESTRIAN_CROSSING,504,527,514,538
1277108134Image000038.jpg,45,45,PRIORITY_ROAD,772,450,817,495
1277108134Image000038.jpg,14,15,PRIORITY_ROAD,612,524,626,539
1277108134Image000038.jpg,10,11,PEDESTRIAN_CROSSING,659,521,669,532
1277108134Image000038.jpg,10,11,PEDESTRIAN_CROSSING,504,527,514,538
1277108134Image000038.jpg,45,45,PRIORITY_ROAD,772,450,817,495
1277108134Image000038.jpg,14,15,PRIORITY_ROAD,612,524,626,539
1277108134Image000038.jpg,10,11,PEDESTRIAN_CROSSING,659,521,669,532
1277108134Image000038.jpg,10,11,PEDESTRIAN_CROSSING,504,527,514,538
1277108134Image000038.jpg,45,45,PRIORITY_ROAD,772,450,817,495
1277108134Image000038.jpg,14,15,PRIORITY_ROAD,612,524,626,539
1277108134Image000038.jpg,10,11,PEDESTRIAN_CROSSING,659,521,669,532
1277108134Image000038.jpg,10,11,PEDESTRIAN_CROSSING,504,527,514,538
1277108134Image000038.jpg,45,45,PRIORITY_ROAD,772,450,817,495
1277108134Image000038.jpg,14,15,PRIORITY_ROAD,612,524,626,539
1277108134Image000038.jpg,10,11,PEDESTRIAN_CROSSING,659,521,669,532
1277108134Image000038.jpg,10,11,PEDESTRIAN_CROSSING,504,527,514,538
1277108134Image000043.jpg,63,62,PRIORITY_ROAD,888,394,951,456
1277108134Image000043.jpg,14,14,PRIORITY_ROAD,616,519,630,533
1277108134Image000043.jpg,13,12,PEDESTRIAN_CROSSING,660,517,673,529
1277108134Image000043.jpg,11,12,PEDESTRIAN_CROSSING,496,522,507,534
1277108134Image000043.jpg,63,62,PRIORITY_ROAD,888,394,951,456
1277108134Image000043.jpg,14,14,PRIORITY_ROAD,616,519,630,533
1277108134Image000043.jpg,13,12,PEDESTRIAN_CROSSING,660,517,673,529
1277108134Image000043.jpg,11,12,PEDESTRIAN_CROSSING,496,522,507,534
1277108134Image000043.jpg,63,62,PRIORITY_ROAD,888,394,951,456
1277108134Image000043.jpg,14,14,PRIORITY_ROAD,616,519,630,533
1277108134Image000043.jpg,13,12,PEDESTRIAN_CROSSING,660,517,673,529
1277108134Image000043.jpg,11,12,PEDESTRIAN_CROSSING,496,522,507,534
1277108134Image000043.jpg,63,62,PRIORITY_ROAD,888,394,951,456
1277108134Image000043.jpg,14,14,PRIORITY_ROAD,616,519,630,533
1277108134Image000043.jpg,13,12,PEDESTRIAN_CROSSING,660,517,673,529
1277108134Image000043.jpg,11,12,PEDESTRIAN_CROSSING,496,522,507,534
1277108134Image000043.jpg,63,62,PRIORITY_ROAD,888,394,951,456
1277108134Image000043.jpg,14,14,PRIORITY_ROAD,616,519,630,533
1277108134Image000043.jpg,13,12,PEDESTRIAN_CROSSING,660,517,673,529
1277108134Image000043.jpg,11,12,PEDESTRIAN_CROSSING,496,522,507,534
1277108134Image000048.jpg,88,105,PRIORITY_ROAD,1201,256,1289,361
1277108134Image000048.jpg,14,15,PRIORITY_ROAD,632,512,646,527
1277108134Image000048.jpg,13,13,PEDESTRIAN_CROSSING,675,511,688,524
1277108134Image000048.jpg,12,13,PEDESTRIAN_CROSSING,498,517,510,530
1277108134Image000048.jpg,88,105,PRIORITY_ROAD,1201,256,1289,361
1277108134Image000048.jpg,14,15,PRIORITY_ROAD,632,512,646,527
1277108134Image000048.jpg,13,13,PEDESTRIAN_CROSSING,675,511,688,524
1277108134Image000048.jpg,12,13,PEDESTRIAN_CROSSING,498,517,510,530
1277108134Image000048.jpg,88,105,PRIORITY_ROAD,1201,256,1289,361
1277108134Image000048.jpg,14,15,PRIORITY_ROAD,632,512,646,527
1277108134Image000048.jpg,13,13,PEDESTRIAN_CROSSING,675,511,688,524
1277108134Image000048.jpg,12,13,PEDESTRIAN_CROSSING,498,517,510,530
1277108134Image000048.jpg,88,105,PRIORITY_ROAD,1201,256,1289,361
1277108134Image000048.jpg,14,15,PRIORITY_ROAD,632,512,646,527
1277108134Image000048.jpg,13,13,PEDESTRIAN_CROSSING,675,511,688,524
1277108134Image000048.jpg,12,13,PEDESTRIAN_CROSSING,498,517,510,530
1277108134Image000048.jpg,88,105,PRIORITY_ROAD,1201,256,1289,361
1277108134Image000048.jpg,14,15,PRIORITY_ROAD,632,512,646,527
1277108134Image000048.jpg,13,13,PEDESTRIAN_CROSSING,675,511,688,524
1277108134Image000048.jpg,12,13,PEDESTRIAN_CROSSING,498,517,510,530
1277108134Image000053.jpg,14,14,PEDESTRIAN_CROSSING,696,501,710,515
1277108134Image000053.jpg,18,19,PRIORITY_ROAD,654,499,672,518
1277108134Image000053.jpg,12,12,PEDESTRIAN_CROSSING,505,509,517,521
1277108134Image000053.jpg,14,14,PEDESTRIAN_CROSSING,696,501,710,515
1277108134Image000053.jpg,18,19,PRIORITY_ROAD,654,499,672,518
1277108134Image000053.jpg,12,12,PEDESTRIAN_CROSSING,505,509,517,521
1277108134Image000053.jpg,14,14,PEDESTRIAN_CROSSING,696,501,710,515
1277108134Image000053.jpg,18,19,PRIORITY_ROAD,654,499,672,518
1277108134Image000053.jpg,12,12,PEDESTRIAN_CROSSING,505,509,517,521
1277108134Image000053.jpg,14,14,PEDESTRIAN_CROSSING,696,501,710,515
1277108134Image000053.jpg,18,19,PRIORITY_ROAD,654,499,672,518
1277108134Image000053.jpg,12,12,PEDESTRIAN_CROSSING,505,509,517,521
1277108134Image000058.jpg,20,20,PRIORITY_ROAD,692,492,712,512
1277108134Image000058.jpg,16,16,PEDESTRIAN_CROSSING,726,500,742,516
1277108134Image000058.jpg,15,14,PEDESTRIAN_CROSSING,511,507,526,521
1277108134Image000058.jpg,20,20,PRIORITY_ROAD,692,492,712,512
1277108134Image000058.jpg,16,16,PEDESTRIAN_CROSSING,726,500,742,516
1277108134Image000058.jpg,15,14,PEDESTRIAN_CROSSING,511,507,526,521
1277108134Image000058.jpg,20,20,PRIORITY_ROAD,692,492,712,512
1277108134Image000058.jpg,16,16,PEDESTRIAN_CROSSING,726,500,742,516
1277108134Image000058.jpg,15,14,PEDESTRIAN_CROSSING,511,507,526,521
1277108134Image000058.jpg,20,20,PRIORITY_ROAD,692,492,712,512
1277108134Image000058.jpg,16,16,PEDESTRIAN_CROSSING,726,500,742,516
1277108134Image000058.jpg,15,14,PEDESTRIAN_CROSSING,511,507,526,521
1277108134Image000063.jpg,23,23,PRIORITY_ROAD,719,478,742,501
1277108134Image000063.jpg,18,17,PEDESTRIAN_CROSSING,742,493,760,510
1277108134Image000063.jpg,16,16,PEDESTRIAN_CROSSING,503,500,519,516
1277108134Image000063.jpg,23,23,PRIORITY_ROAD,719,478,742,501
1277108134Image000063.jpg,18,17,PEDESTRIAN_CROSSING,742,493,760,510
1277108134Image000063.jpg,16,16,PEDESTRIAN_CROSSING,503,500,519,516
1277108134Image000063.jpg,23,23,PRIORITY_ROAD,719,478,742,501
1277108134Image000063.jpg,18,17,PEDESTRIAN_CROSSING,742,493,760,510
1277108134Image000063.jpg,16,16,PEDESTRIAN_CROSSING,503,500,519,516
1277108134Image000063.jpg,23,23,PRIORITY_ROAD,719,478,742,501
1277108134Image000063.jpg,18,17,PEDESTRIAN_CROSSING,742,493,760,510
1277108134Image000063.jpg,16,16,PEDESTRIAN_CROSSING,503,500,519,516
1277108134Image000073.jpg,33,32,PRIORITY_ROAD,781,454,814,486
1277108134Image000073.jpg,18,17,PEDESTRIAN_CROSSING,762,494,780,511
1277108134Image000073.jpg,19,19,PEDESTRIAN_CROSSING,468,503,487,522
1277108134Image000073.jpg,33,32,PRIORITY_ROAD,781,454,814,486
1277108134Image000073.jpg,18,17,PEDESTRIAN_CROSSING,762,494,780,511
1277108134Image000073.jpg,19,19,PEDESTRIAN_CROSSING,468,503,487,522
1277108134Image000073.jpg,33,32,PRIORITY_ROAD,781,454,814,486
1277108134Image000073.jpg,18,17,PEDESTRIAN_CROSSING,762,494,780,511
1277108134Image000073.jpg,19,19,PEDESTRIAN_CROSSING,468,503,487,522
1277108134Image000073.jpg,33,32,PRIORITY_ROAD,781,454,814,486
1277108134Image000073.jpg,18,17,PEDESTRIAN_CROSSING,762,494,780,511
1277108134Image000073.jpg,19,19,PEDESTRIAN_CROSSING,468,503,487,522
1277108134Image000078.jpg,42,44,PRIORITY_ROAD,812,438,854,482
1277108134Image000078.jpg,21,20,PEDESTRIAN_CROSSING,746,503,767,523
1277108134Image000078.jpg,21,21,PEDESTRIAN_CROSSING,415,515,436,536
1277108134Image000078.jpg,42,44,PRIORITY_ROAD,812,438,854,482
1277108134Image000078.jpg,21,20,PEDESTRIAN_CROSSING,746,503,767,523
1277108134Image000078.jpg,21,21,PEDESTRIAN_CROSSING,415,515,436,536
1277108134Image000078.jpg,42,44,PRIORITY_ROAD,812,438,854,482
1277108134Image000078.jpg,21,20,PEDESTRIAN_CROSSING,746,503,767,523
1277108134Image000078.jpg,21,21,PEDESTRIAN_CROSSING,415,515,436,536
1277108134Image000078.jpg,42,44,PRIORITY_ROAD,812,438,854,482
1277108134Image000078.jpg,21,20,PEDESTRIAN_CROSSING,746,503,767,523
1277108134Image000078.jpg,21,21,PEDESTRIAN_CROSSING,415,515,436,536
1277108134Image000083.jpg,56,57,PRIORITY_ROAD,853,408,909,465
1277108134Image000083.jpg,25,23,PEDESTRIAN_CROSSING,746,495,771,518
1277108134Image000083.jpg,21,23,PEDESTRIAN_CROSSING,392,506,413,529
1277108134Image000083.jpg,56,57,PRIORITY_ROAD,853,408,909,465
1277108134Image000083.jpg,25,23,PEDESTRIAN_CROSSING,746,495,771,518
1277108134Image000083.jpg,21,23,PEDESTRIAN_CROSSING,392,506,413,529
1277108134Image000083.jpg,56,57,PRIORITY_ROAD,853,408,909,465
1277108134Image000083.jpg,25,23,PEDESTRIAN_CROSSING,746,495,771,518
1277108134Image000083.jpg,21,23,PEDESTRIAN_CROSSING,392,506,413,529
1277108134Image000083.jpg,56,57,PRIORITY_ROAD,853,408,909,465
1277108134Image000083.jpg,25,23,PEDESTRIAN_CROSSING,746,495,771,518
1277108134Image000083.jpg,21,23,PEDESTRIAN_CROSSING,392,506,413,529
1277108134Image000088.jpg,69,78,PRIORITY_ROAD,1001,343,1070,421
1277108134Image000088.jpg,27,25,PEDESTRIAN_CROSSING,764,493,791,518
1277108134Image000088.jpg,22,25,PEDESTRIAN_CROSSING,363,507,385,532
1277108134Image000088.jpg,7,8,PEDESTRIAN_CROSSING,665,556,672,564
1277108134Image000088.jpg,7,6,PASS_RIGHT_SIDE,665,565,672,571
1277108134Image000088.jpg,69,78,PRIORITY_ROAD,1001,343,1070,421
1277108134Image000088.jpg,27,25,PEDESTRIAN_CROSSING,764,493,791,518
1277108134Image000088.jpg,22,25,PEDESTRIAN_CROSSING,363,507,385,532
1277108134Image000088.jpg,7,8,PEDESTRIAN_CROSSING,665,556,672,564
1277108134Image000088.jpg,7,6,PASS_RIGHT_SIDE,665,565,672,571
1277108134Image000088.jpg,69,78,PRIORITY_ROAD,1001,343,1070,421
1277108134Image000088.jpg,27,25,PEDESTRIAN_CROSSING,764,493,791,518
1277108134Image000088.jpg,22,25,PEDESTRIAN_CROSSING,363,507,385,532
1277108134Image000088.jpg,7,8,PEDESTRIAN_CROSSING,665,556,672,564
1277108134Image000088.jpg,7,6,PASS_RIGHT_SIDE,665,565,672,571
1277108134Image000088.jpg,69,78,PRIORITY_ROAD,1001,343,1070,421
1277108134Image000088.jpg,27,25,PEDESTRIAN_CROSSING,764,493,791,518
1277108134Image000088.jpg,22,25,PEDESTRIAN_CROSSING,363,507,385,532
1277108134Image000088.jpg,7,8,PEDESTRIAN_CROSSING,665,556,672,564
1277108134Image000088.jpg,7,6,PASS_RIGHT_SIDE,665,565,672,571
1277108134Image000088.jpg,69,78,PRIORITY_ROAD,1001,343,1070,421
1277108134Image000088.jpg,27,25,PEDESTRIAN_CROSSING,764,493,791,518
1277108134Image000088.jpg,22,25,PEDESTRIAN_CROSSING,363,507,385,532
1277108134Image000088.jpg,7,8,PEDESTRIAN_CROSSING,665,556,672,564
1277108134Image000088.jpg,7,6,PASS_RIGHT_SIDE,665,565,672,571
1277108134Image000088.jpg,69,78,PRIORITY_ROAD,1001,343,1070,421
1277108134Image000088.jpg,27,25,PEDESTRIAN_CROSSING,764,493,791,518
1277108134Image000088.jpg,22,25,PEDESTRIAN_CROSSING,363,507,385,532
1277108134Image000088.jpg,7,8,PEDESTRIAN_CROSSING,665,556,672,564
1277108134Image000088.jpg,7,6,PASS_RIGHT_SIDE,665,565,672,571
1277108134Image000093.jpg,27,28,PEDESTRIAN_CROSSING,785,493,812,521
1277108134Image000093.jpg,26,26,PEDESTRIAN_CROSSING,318,512,344,538
1277108134Image000093.jpg,7,7,PEDESTRIAN_CROSSING,646,568,653,575
1277108134Image000093.jpg,8,9,PASS_RIGHT_SIDE,646,577,654,586
1277108134Image000093.jpg,27,28,PEDESTRIAN_CROSSING,785,493,812,521
1277108134Image000093.jpg,26,26,PEDESTRIAN_CROSSING,318,512,344,538
1277108134Image000093.jpg,7,7,PEDESTRIAN_CROSSING,646,568,653,575
1277108134Image000093.jpg,8,9,PASS_RIGHT_SIDE,646,577,654,586
1277108134Image000093.jpg,27,28,PEDESTRIAN_CROSSING,785,493,812,521
1277108134Image000093.jpg,26,26,PEDESTRIAN_CROSSING,318,512,344,538
1277108134Image000093.jpg,7,7,PEDESTRIAN_CROSSING,646,568,653,575
1277108134Image000093.jpg,8,9,PASS_RIGHT_SIDE,646,577,654,586
1277108134Image000093.jpg,27,28,PEDESTRIAN_CROSSING,785,493,812,521
1277108134Image000093.jpg,26,26,PEDESTRIAN_CROSSING,318,512,344,538
1277108134Image000093.jpg,7,7,PEDESTRIAN_CROSSING,646,568,653,575
1277108134Image000093.jpg,8,9,PASS_RIGHT_SIDE,646,577,654,586
1277108134Image000093.jpg,27,28,PEDESTRIAN_CROSSING,785,493,812,521
1277108134Image000093.jpg,26,26,PEDESTRIAN_CROSSING,318,512,344,538
1277108134Image000093.jpg,7,7,PEDESTRIAN_CROSSING,646,568,653,575
1277108134Image000093.jpg,8,9,PASS_RIGHT_SIDE,646,577,654,586
1277108134Image000098.jpg,32,33,PEDESTRIAN_CROSSING,801,480,833,513
1277108134Image000098.jpg,30,31,PEDESTRIAN_CROSSING,274,505,304,536
1277108134Image000098.jpg,9,9,PEDESTRIAN_CROSSING,628,566,637,575
1277108134Image000098.jpg,7,7,PASS_RIGHT_SIDE,629,576,636,583
1277108134Image000098.jpg,32,33,PEDESTRIAN_CROSSING,801,480,833,513
1277108134Image000098.jpg,30,31,PEDESTRIAN_CROSSING,274,505,304,536
1277108134Image000098.jpg,9,9,PEDESTRIAN_CROSSING,628,566,637,575
1277108134Image000098.jpg,7,7,PASS_RIGHT_SIDE,629,576,636,583
1277108134Image000098.jpg,32,33,PEDESTRIAN_CROSSING,801,480,833,513
1277108134Image000098.jpg,30,31,PEDESTRIAN_CROSSING,274,505,304,536
1277108134Image000098.jpg,9,9,PEDESTRIAN_CROSSING,628,566,637,575
1277108134Image000098.jpg,7,7,PASS_RIGHT_SIDE,629,576,636,583
1277108134Image000098.jpg,32,33,PEDESTRIAN_CROSSING,801,480,833,513
1277108134Image000098.jpg,30,31,PEDESTRIAN_CROSSING,274,505,304,536
1277108134Image000098.jpg,9,9,PEDESTRIAN_CROSSING,628,566,637,575
1277108134Image000098.jpg,7,7,PASS_RIGHT_SIDE,629,576,636,583
1277108134Image000098.jpg,32,33,PEDESTRIAN_CROSSING,801,480,833,513
1277108134Image000098.jpg,30,31,PEDESTRIAN_CROSSING,274,505,304,536
1277108134Image000098.jpg,9,9,PEDESTRIAN_CROSSING,628,566,637,575
1277108134Image000098.jpg,7,7,PASS_RIGHT_SIDE,629,576,636,583
1277108134Image000103.jpg,39,38,PEDESTRIAN_CROSSING,840,462,879,500
1277108134Image000103.jpg,33,34,PEDESTRIAN_CROSSING,219,494,252,528
1277108134Image000103.jpg,9,8,PEDESTRIAN_CROSSING,614,567,623,575
1277108134Image000103.jpg,7,6,PASS_RIGHT_SIDE,615,577,622,583
1277108134Image000103.jpg,39,38,PEDESTRIAN_CROSSING,840,462,879,500
1277108134Image000103.jpg,33,34,PEDESTRIAN_CROSSING,219,494,252,528
1277108134Image000103.jpg,9,8,PEDESTRIAN_CROSSING,614,567,623,575
1277108134Image000103.jpg,7,6,PASS_RIGHT_SIDE,615,577,622,583
1277108134Image000103.jpg,39,38,PEDESTRIAN_CROSSING,840,462,879,500
1277108134Image000103.jpg,33,34,PEDESTRIAN_CROSSING,219,494,252,528
1277108134Image000103.jpg,9,8,PEDESTRIAN_CROSSING,614,567,623,575
1277108134Image000103.jpg,7,6,PASS_RIGHT_SIDE,615,577,622,583
1277108134Image000103.jpg,39,38,PEDESTRIAN_CROSSING,840,462,879,500
1277108134Image000103.jpg,33,34,PEDESTRIAN_CROSSING,219,494,252,528
1277108134Image000103.jpg,9,8,PEDESTRIAN_CROSSING,614,567,623,575
1277108134Image000103.jpg,7,6,PASS_RIGHT_SIDE,615,577,622,583
1277108134Image000103.jpg,39,38,PEDESTRIAN_CROSSING,840,462,879,500
1277108134Image000103.jpg,33,34,PEDESTRIAN_CROSSING,219,494,252,528
1277108134Image000103.jpg,9,8,PEDESTRIAN_CROSSING,614,567,623,575
1277108134Image000103.jpg,7,6,PASS_RIGHT_SIDE,615,577,622,583
1277108134Image000113.jpg,80,79,PEDESTRIAN_CROSSING,1123,335,1203,414
1277108134Image000113.jpg,9,10,PEDESTRIAN_CROSSING,544,564,553,574
1277108134Image000113.jpg,10,9,PASS_RIGHT_SIDE,543,574,553,583
1277108134Image000113.jpg,80,79,PEDESTRIAN_CROSSING,1123,335,1203,414
1277108134Image000113.jpg,9,10,PEDESTRIAN_CROSSING,544,564,553,574
1277108134Image000113.jpg,10,9,PASS_RIGHT_SIDE,543,574,553,583
1277108134Image000113.jpg,80,79,PEDESTRIAN_CROSSING,1123,335,1203,414
1277108134Image000113.jpg,9,10,PEDESTRIAN_CROSSING,544,564,553,574
1277108134Image000113.jpg,10,9,PASS_RIGHT_SIDE,543,574,553,583
1277108134Image000113.jpg,80,79,PEDESTRIAN_CROSSING,1123,335,1203,414
1277108134Image000113.jpg,9,10,PEDESTRIAN_CROSSING,544,564,553,574
1277108134Image000113.jpg,10,9,PASS_RIGHT_SIDE,543,574,553,583
1277108134Image000118.jpg,9,9,PEDESTRIAN_CROSSING,520,567,529,576
1277108134Image000118.jpg,9,9,PASS_RIGHT_SIDE,519,577,528,586
1277108134Image000118.jpg,9,9,PEDESTRIAN_CROSSING,520,567,529,576
1277108134Image000118.jpg,9,9,PASS_RIGHT_SIDE,519,577,528,586
1277108134Image000118.jpg,9,9,PEDESTRIAN_CROSSING,520,567,529,576
1277108134Image000118.jpg,9,9,PASS_RIGHT_SIDE,519,577,528,586
1277108156Image000004.jpg,22,20,PEDESTRIAN_CROSSING,427,522,449,542
1277108156Image000004.jpg,22,22,PASS_RIGHT_SIDE,428,548,450,570
1277108156Image000004.jpg,12,11,OTHER,574,544,586,555
1277108156Image000004.jpg,12,10,PRIORITY_ROAD,574,556,586,566
1277108156Image000004.jpg,8,9,PEDESTRIAN_CROSSING,520,554,528,563
1277108156Image000004.jpg,8,7,PEDESTRIAN_CROSSING,516,560,524,567
1277108156Image000004.jpg,8,7,PEDESTRIAN_CROSSING,417,564,425,571
1277108156Image000004.jpg,22,20,PEDESTRIAN_CROSSING,427,522,449,542
1277108156Image000004.jpg,22,22,PASS_RIGHT_SIDE,428,548,450,570
1277108156Image000004.jpg,12,11,OTHER,574,544,586,555
1277108156Image000004.jpg,12,10,PRIORITY_ROAD,574,556,586,566
1277108156Image000004.jpg,8,9,PEDESTRIAN_CROSSING,520,554,528,563
1277108156Image000004.jpg,8,7,PEDESTRIAN_CROSSING,516,560,524,567
1277108156Image000004.jpg,8,7,PEDESTRIAN_CROSSING,417,564,425,571
1277108156Image000004.jpg,22,20,PEDESTRIAN_CROSSING,427,522,449,542
1277108156Image000004.jpg,22,22,PASS_RIGHT_SIDE,428,548,450,570
1277108156Image000004.jpg,12,11,OTHER,574,544,586,555
1277108156Image000004.jpg,12,10,PRIORITY_ROAD,574,556,586,566
1277108156Image000004.jpg,8,9,PEDESTRIAN_CROSSING,520,554,528,563
1277108156Image000004.jpg,8,7,PEDESTRIAN_CROSSING,516,560,524,567
1277108156Image000004.jpg,8,7,PEDESTRIAN_CROSSING,417,564,425,571
1277108156Image000004.jpg,22,20,PEDESTRIAN_CROSSING,427,522,449,542
1277108156Image000004.jpg,22,22,PASS_RIGHT_SIDE,428,548,450,570
1277108156Image000004.jpg,12,11,OTHER,574,544,586,555
1277108156Image000004.jpg,12,10,PRIORITY_ROAD,574,556,586,566
1277108156Image000004.jpg,8,9,PEDESTRIAN_CROSSING,520,554,528,563
1277108156Image000004.jpg,8,7,PEDESTRIAN_CROSSING,516,560,524,567
1277108156Image000004.jpg,8,7,PEDESTRIAN_CROSSING,417,564,425,571
1277108156Image000004.jpg,22,20,PEDESTRIAN_CROSSING,427,522,449,542
1277108156Image000004.jpg,22,22,PASS_RIGHT_SIDE,428,548,450,570
1277108156Image000004.jpg,12,11,OTHER,574,544,586,555
1277108156Image000004.jpg,12,10,PRIORITY_ROAD,574,556,586,566
1277108156Image000004.jpg,8,9,PEDESTRIAN_CROSSING,520,554,528,563
1277108156Image000004.jpg,8,7,PEDESTRIAN_CROSSING,516,560,524,567
1277108156Image000004.jpg,8,7,PEDESTRIAN_CROSSING,417,564,425,571
1277108156Image000004.jpg,22,20,PEDESTRIAN_CROSSING,427,522,449,542
1277108156Image000004.jpg,22,22,PASS_RIGHT_SIDE,428,548,450,570
1277108156Image000004.jpg,12,11,OTHER,574,544,586,555
1277108156Image000004.jpg,12,10,PRIORITY_ROAD,574,556,586,566
1277108156Image000004.jpg,8,9,PEDESTRIAN_CROSSING,520,554,528,563
1277108156Image000004.jpg,8,7,PEDESTRIAN_CROSSING,516,560,524,567
1277108156Image000004.jpg,8,7,PEDESTRIAN_CROSSING,417,564,425,571
1277108156Image000004.jpg,22,20,PEDESTRIAN_CROSSING,427,522,449,542
1277108156Image000004.jpg,22,22,PASS_RIGHT_SIDE,428,548,450,570
1277108156Image000004.jpg,12,11,OTHER,574,544,586,555
1277108156Image000004.jpg,12,10,PRIORITY_ROAD,574,556,586,566
1277108156Image000004.jpg,8,9,PEDESTRIAN_CROSSING,520,554,528,563
1277108156Image000004.jpg,8,7,PEDESTRIAN_CROSSING,516,560,524,567
1277108156Image000004.jpg,8,7,PEDESTRIAN_CROSSING,417,564,425,571
1277108156Image000009.jpg,21,20,PEDESTRIAN_CROSSING,424,515,445,535
1277108156Image000009.jpg,22,21,PASS_RIGHT_SIDE,425,542,447,563
1277108156Image000009.jpg,14,14,NO_STOPPING_NO_STANDING,577,537,591,551
1277108156Image000009.jpg,11,11,PRIORITY_ROAD,578,550,589,561
1277108156Image000009.jpg,8,8,PEDESTRIAN_CROSSING,522,549,530,557
1277108156Image000009.jpg,7,8,PEDESTRIAN_CROSSING,517,556,524,564
1277108156Image000009.jpg,7,7,PEDESTRIAN_CROSSING,417,559,424,566
1277108156Image000009.jpg,12,13,PEDESTRIAN_CROSSING,364,548,376,561
1277108156Image000009.jpg,21,20,PEDESTRIAN_CROSSING,424,515,445,535
1277108156Image000009.jpg,22,21,PASS_RIGHT_SIDE,425,542,447,563
1277108156Image000009.jpg,14,14,NO_STOPPING_NO_STANDING,577,537,591,551
1277108156Image000009.jpg,11,11,PRIORITY_ROAD,578,550,589,561
1277108156Image000009.jpg,8,8,PEDESTRIAN_CROSSING,522,549,530,557
1277108156Image000009.jpg,7,8,PEDESTRIAN_CROSSING,517,556,524,564
1277108156Image000009.jpg,7,7,PEDESTRIAN_CROSSING,417,559,424,566
1277108156Image000009.jpg,12,13,PEDESTRIAN_CROSSING,364,548,376,561
1277108156Image000009.jpg,21,20,PEDESTRIAN_CROSSING,424,515,445,535
1277108156Image000009.jpg,22,21,PASS_RIGHT_SIDE,425,542,447,563
1277108156Image000009.jpg,14,14,NO_STOPPING_NO_STANDING,577,537,591,551
1277108156Image000009.jpg,11,11,PRIORITY_ROAD,578,550,589,561
1277108156Image000009.jpg,8,8,PEDESTRIAN_CROSSING,522,549,530,557
1277108156Image000009.jpg,7,8,PEDESTRIAN_CROSSING,517,556,524,564
1277108156Image000009.jpg,7,7,PEDESTRIAN_CROSSING,417,559,424,566
1277108156Image000009.jpg,12,13,PEDESTRIAN_CROSSING,364,548,376,561
1277108156Image000009.jpg,21,20,PEDESTRIAN_CROSSING,424,515,445,535
1277108156Image000009.jpg,22,21,PASS_RIGHT_SIDE,425,542,447,563
1277108156Image000009.jpg,14,14,NO_STOPPING_NO_STANDING,577,537,591,551
1277108156Image000009.jpg,11,11,PRIORITY_ROAD,578,550,589,561
1277108156Image000009.jpg,8,8,PEDESTRIAN_CROSSING,522,549,530,557
1277108156Image000009.jpg,7,8,PEDESTRIAN_CROSSING,517,556,524,564
1277108156Image000009.jpg,7,7,PEDESTRIAN_CROSSING,417,559,424,566
1277108156Image000009.jpg,12,13,PEDESTRIAN_CROSSING,364,548,376,561
1277108156Image000009.jpg,21,20,PEDESTRIAN_CROSSING,424,515,445,535
1277108156Image000009.jpg,22,21,PASS_RIGHT_SIDE,425,542,447,563
1277108156Image000009.jpg,14,14,NO_STOPPING_NO_STANDING,577,537,591,551
1277108156Image000009.jpg,11,11,PRIORITY_ROAD,578,550,589,561
1277108156Image000009.jpg,8,8,PEDESTRIAN_CROSSING,522,549,530,557
1277108156Image000009.jpg,7,8,PEDESTRIAN_CROSSING,517,556,524,564
1277108156Image000009.jpg,7,7,PEDESTRIAN_CROSSING,417,559,424,566
1277108156Image000009.jpg,12,13,PEDESTRIAN_CROSSING,364,548,376,561
1277108156Image000009.jpg,21,20,PEDESTRIAN_CROSSING,424,515,445,535
1277108156Image000009.jpg,22,21,PASS_RIGHT_SIDE,425,542,447,563
1277108156Image000009.jpg,14,14,NO_STOPPING_NO_STANDING,577,537,591,551
1277108156Image000009.jpg,11,11,PRIORITY_ROAD,578,550,589,561
1277108156Image000009.jpg,8,8,PEDESTRIAN_CROSSING,522,549,530,557
1277108156Image000009.jpg,7,8,PEDESTRIAN_CROSSING,517,556,524,564
1277108156Image000009.jpg,7,7,PEDESTRIAN_CROSSING,417,559,424,566
1277108156Image000009.jpg,12,13,PEDESTRIAN_CROSSING,364,548,376,561
1277108156Image000009.jpg,21,20,PEDESTRIAN_CROSSING,424,515,445,535
1277108156Image000009.jpg,22,21,PASS_RIGHT_SIDE,425,542,447,563
1277108156Image000009.jpg,14,14,NO_STOPPING_NO_STANDING,577,537,591,551
1277108156Image000009.jpg,11,11,PRIORITY_ROAD,578,550,589,561
1277108156Image000009.jpg,8,8,PEDESTRIAN_CROSSING,522,549,530,557
1277108156Image000009.jpg,7,8,PEDESTRIAN_CROSSING,517,556,524,564
1277108156Image000009.jpg,7,7,PEDESTRIAN_CROSSING,417,559,424,566
1277108156Image000009.jpg,12,13,PEDESTRIAN_CROSSING,364,548,376,561
1277108156Image000009.jpg,21,20,PEDESTRIAN_CROSSING,424,515,445,535
1277108156Image000009.jpg,22,21,PASS_RIGHT_SIDE,425,542,447,563
1277108156Image000009.jpg,14,14,NO_STOPPING_NO_STANDING,577,537,591,551
1277108156Image000009.jpg,11,11,PRIORITY_ROAD,578,550,589,561
1277108156Image000009.jpg,8,8,PEDESTRIAN_CROSSING,522,549,530,557
1277108156Image000009.jpg,7,8,PEDESTRIAN_CROSSING,517,556,524,564
1277108156Image000009.jpg,7,7,PEDESTRIAN_CROSSING,417,559,424,566
1277108156Image000009.jpg,12,13,PEDESTRIAN_CROSSING,364,548,376,561
1277108156Image000014.jpg,25,24,PEDESTRIAN_CROSSING,414,500,439,524
1277108156Image000014.jpg,24,23,PASS_RIGHT_SIDE,415,531,439,554
1277108156Image000014.jpg,16,14,NO_STOPPING_NO_STANDING,579,528,595,542
1277108156Image000014.jpg,12,11,PRIORITY_ROAD,582,542,594,553
1277108156Image000014.jpg,9,9,PEDESTRIAN_CROSSING,521,540,530,549
1277108156Image000014.jpg,8,7,PEDESTRIAN_CROSSING,518,549,526,556
1277108156Image000014.jpg,12,13,PEDESTRIAN_CROSSING,353,539,365,552
1277108156Image000014.jpg,8,7,PEDESTRIAN_CROSSING,412,552,420,559
1277108156Image000014.jpg,25,24,PEDESTRIAN_CROSSING,414,500,439,524
1277108156Image000014.jpg,24,23,PASS_RIGHT_SIDE,415,531,439,554
1277108156Image000014.jpg,16,14,NO_STOPPING_NO_STANDING,579,528,595,542
1277108156Image000014.jpg,12,11,PRIORITY_ROAD,582,542,594,553
1277108156Image000014.jpg,9,9,PEDESTRIAN_CROSSING,521,540,530,549
1277108156Image000014.jpg,8,7,PEDESTRIAN_CROSSING,518,549,526,556
1277108156Image000014.jpg,12,13,PEDESTRIAN_CROSSING,353,539,365,552
1277108156Image000014.jpg,8,7,PEDESTRIAN_CROSSING,412,552,420,559
1277108156Image000014.jpg,25,24,PEDESTRIAN_CROSSING,414,500,439,524
1277108156Image000014.jpg,24,23,PASS_RIGHT_SIDE,415,531,439,554
1277108156Image000014.jpg,16,14,NO_STOPPING_NO_STANDING,579,528,595,542
1277108156Image000014.jpg,12,11,PRIORITY_ROAD,582,542,594,553
1277108156Image000014.jpg,9,9,PEDESTRIAN_CROSSING,521,540,530,549
1277108156Image000014.jpg,8,7,PEDESTRIAN_CROSSING,518,549,526,556
1277108156Image000014.jpg,12,13,PEDESTRIAN_CROSSING,353,539,365,552
1277108156Image000014.jpg,8,7,PEDESTRIAN_CROSSING,412,552,420,559
1277108156Image000014.jpg,25,24,PEDESTRIAN_CROSSING,414,500,439,524
1277108156Image000014.jpg,24,23,PASS_RIGHT_SIDE,415,531,439,554
1277108156Image000014.jpg,16,14,NO_STOPPING_NO_STANDING,579,528,595,542
1277108156Image000014.jpg,12,11,PRIORITY_ROAD,582,542,594,553
1277108156Image000014.jpg,9,9,PEDESTRIAN_CROSSING,521,540,530,549
1277108156Image000014.jpg,8,7,PEDESTRIAN_CROSSING,518,549,526,556
1277108156Image000014.jpg,12,13,PEDESTRIAN_CROSSING,353,539,365,552
1277108156Image000014.jpg,8,7,PEDESTRIAN_CROSSING,412,552,420,559
1277108156Image000014.jpg,25,24,PEDESTRIAN_CROSSING,414,500,439,524
1277108156Image000014.jpg,24,23,PASS_RIGHT_SIDE,415,531,439,554
1277108156Image000014.jpg,16,14,NO_STOPPING_NO_STANDING,579,528,595,542
1277108156Image000014.jpg,12,11,PRIORITY_ROAD,582,542,594,553
1277108156Image000014.jpg,9,9,PEDESTRIAN_CROSSING,521,540,530,549
1277108156Image000014.jpg,8,7,PEDESTRIAN_CROSSING,518,549,526,556
1277108156Image000014.jpg,12,13,PEDESTRIAN_CROSSING,353,539,365,552
1277108156Image000014.jpg,8,7,PEDESTRIAN_CROSSING,412,552,420,559
1277108156Image000014.jpg,25,24,PEDESTRIAN_CROSSING,414,500,439,524
1277108156Image000014.jpg,24,23,PASS_RIGHT_SIDE,415,531,439,554
1277108156Image000014.jpg,16,14,NO_STOPPING_NO_STANDING,579,528,595,542
1277108156Image000014.jpg,12,11,PRIORITY_ROAD,582,542,594,553
1277108156Image000014.jpg,9,9,PEDESTRIAN_CROSSING,521,540,530,549
1277108156Image000014.jpg,8,7,PEDESTRIAN_CROSSING,518,549,526,556
1277108156Image000014.jpg,12,13,PEDESTRIAN_CROSSING,353,539,365,552
1277108156Image000014.jpg,8,7,PEDESTRIAN_CROSSING,412,552,420,559
1277108156Image000014.jpg,25,24,PEDESTRIAN_CROSSING,414,500,439,524
1277108156Image000014.jpg,24,23,PASS_RIGHT_SIDE,415,531,439,554
1277108156Image000014.jpg,16,14,NO_STOPPING_NO_STANDING,579,528,595,542
1277108156Image000014.jpg,12,11,PRIORITY_ROAD,582,542,594,553
1277108156Image000014.jpg,9,9,PEDESTRIAN_CROSSING,521,540,530,549
1277108156Image000014.jpg,8,7,PEDESTRIAN_CROSSING,518,549,526,556
1277108156Image000014.jpg,12,13,PEDESTRIAN_CROSSING,353,539,365,552
1277108156Image000014.jpg,8,7,PEDESTRIAN_CROSSING,412,552,420,559
1277108156Image000014.jpg,25,24,PEDESTRIAN_CROSSING,414,500,439,524
1277108156Image000014.jpg,24,23,PASS_RIGHT_SIDE,415,531,439,554
1277108156Image000014.jpg,16,14,NO_STOPPING_NO_STANDING,579,528,595,542
1277108156Image000014.jpg,12,11,PRIORITY_ROAD,582,542,594,553
1277108156Image000014.jpg,9,9,PEDESTRIAN_CROSSING,521,540,530,549
1277108156Image000014.jpg,8,7,PEDESTRIAN_CROSSING,518,549,526,556
1277108156Image000014.jpg,12,13,PEDESTRIAN_CROSSING,353,539,365,552
1277108156Image000014.jpg,8,7,PEDESTRIAN_CROSSING,412,552,420,559
1277108156Image000019.jpg,29,27,PEDESTRIAN_CROSSING,405,501,434,528
1277108156Image000019.jpg,29,25,PASS_RIGHT_SIDE,405,536,434,561
1277108156Image000019.jpg,15,15,NO_STOPPING_NO_STANDING,585,533,600,548
1277108156Image000019.jpg,13,11,PRIORITY_ROAD,585,549,598,560
1277108156Image000019.jpg,10,10,PEDESTRIAN_CROSSING,521,547,531,557
1277108156Image000019.jpg,7,8,PEDESTRIAN_CROSSING,517,555,524,563
1277108156Image000019.jpg,13,13,PEDESTRIAN_CROSSING,345,546,358,559
1277108156Image000019.jpg,6,7,PEDESTRIAN_CROSSING,409,559,415,566
1277108156Image000019.jpg,9,9,PASS_RIGHT_SIDE,452,553,461,562
1277108156Image000019.jpg,6,7,PASS_RIGHT_SIDE,461,561,467,568
1277108156Image000019.jpg,29,27,PEDESTRIAN_CROSSING,405,501,434,528
1277108156Image000019.jpg,29,25,PASS_RIGHT_SIDE,405,536,434,561
1277108156Image000019.jpg,15,15,NO_STOPPING_NO_STANDING,585,533,600,548
1277108156Image000019.jpg,13,11,PRIORITY_ROAD,585,549,598,560
1277108156Image000019.jpg,10,10,PEDESTRIAN_CROSSING,521,547,531,557
1277108156Image000019.jpg,7,8,PEDESTRIAN_CROSSING,517,555,524,563
1277108156Image000019.jpg,13,13,PEDESTRIAN_CROSSING,345,546,358,559
1277108156Image000019.jpg,6,7,PEDESTRIAN_CROSSING,409,559,415,566
1277108156Image000019.jpg,9,9,PASS_RIGHT_SIDE,452,553,461,562
1277108156Image000019.jpg,6,7,PASS_RIGHT_SIDE,461,561,467,568
1277108156Image000019.jpg,29,27,PEDESTRIAN_CROSSING,405,501,434,528
1277108156Image000019.jpg,29,25,PASS_RIGHT_SIDE,405,536,434,561
1277108156Image000019.jpg,15,15,NO_STOPPING_NO_STANDING,585,533,600,548
1277108156Image000019.jpg,13,11,PRIORITY_ROAD,585,549,598,560
1277108156Image000019.jpg,10,10,PEDESTRIAN_CROSSING,521,547,531,557
1277108156Image000019.jpg,7,8,PEDESTRIAN_CROSSING,517,555,524,563
1277108156Image000019.jpg,13,13,PEDESTRIAN_CROSSING,345,546,358,559
1277108156Image000019.jpg,6,7,PEDESTRIAN_CROSSING,409,559,415,566
1277108156Image000019.jpg,9,9,PASS_RIGHT_SIDE,452,553,461,562
1277108156Image000019.jpg,6,7,PASS_RIGHT_SIDE,461,561,467,568
1277108156Image000019.jpg,29,27,PEDESTRIAN_CROSSING,405,501,434,528
1277108156Image000019.jpg,29,25,PASS_RIGHT_SIDE,405,536,434,561
1277108156Image000019.jpg,15,15,NO_STOPPING_NO_STANDING,585,533,600,548
1277108156Image000019.jpg,13,11,PRIORITY_ROAD,585,549,598,560
1277108156Image000019.jpg,10,10,PEDESTRIAN_CROSSING,521,547,531,557
1277108156Image000019.jpg,7,8,PEDESTRIAN_CROSSING,517,555,524,563
1277108156Image000019.jpg,13,13,PEDESTRIAN_CROSSING,345,546,358,559
1277108156Image000019.jpg,6,7,PEDESTRIAN_CROSSING,409,559,415,566
1277108156Image000019.jpg,9,9,PASS_RIGHT_SIDE,452,553,461,562
1277108156Image000019.jpg,6,7,PASS_RIGHT_SIDE,461,561,467,568
1277108156Image000019.jpg,29,27,PEDESTRIAN_CROSSING,405,501,434,528
1277108156Image000019.jpg,29,25,PASS_RIGHT_SIDE,405,536,434,561
1277108156Image000019.jpg,15,15,NO_STOPPING_NO_STANDING,585,533,600,548
1277108156Image000019.jpg,13,11,PRIORITY_ROAD,585,549,598,560
1277108156Image000019.jpg,10,10,PEDESTRIAN_CROSSING,521,547,531,557
1277108156Image000019.jpg,7,8,PEDESTRIAN_CROSSING,517,555,524,563
1277108156Image000019.jpg,13,13,PEDESTRIAN_CROSSING,345,546,358,559
1277108156Image000019.jpg,6,7,PEDESTRIAN_CROSSING,409,559,415,566
1277108156Image000019.jpg,9,9,PASS_RIGHT_SIDE,452,553,461,562
1277108156Image000019.jpg,6,7,PASS_RIGHT_SIDE,461,561,467,568
1277108156Image000019.jpg,29,27,PEDESTRIAN_CROSSING,405,501,434,528
1277108156Image000019.jpg,29,25,PASS_RIGHT_SIDE,405,536,434,561
1277108156Image000019.jpg,15,15,NO_STOPPING_NO_STANDING,585,533,600,548
1277108156Image000019.jpg,13,11,PRIORITY_ROAD,585,549,598,560
1277108156Image000019.jpg,10,10,PEDESTRIAN_CROSSING,521,547,531,557
1277108156Image000019.jpg,7,8,PEDESTRIAN_CROSSING,517,555,524,563
1277108156Image000019.jpg,13,13,PEDESTRIAN_CROSSING,345,546,358,559
1277108156Image000019.jpg,6,7,PEDESTRIAN_CROSSING,409,559,415,566
1277108156Image000019.jpg,9,9,PASS_RIGHT_SIDE,452,553,461,562
1277108156Image000019.jpg,6,7,PASS_RIGHT_SIDE,461,561,467,568
1277108156Image000019.jpg,29,27,PEDESTRIAN_CROSSING,405,501,434,528
1277108156Image000019.jpg,29,25,PASS_RIGHT_SIDE,405,536,434,561
1277108156Image000019.jpg,15,15,NO_STOPPING_NO_STANDING,585,533,600,548
1277108156Image000019.jpg,13,11,PRIORITY_ROAD,585,549,598,560
1277108156Image000019.jpg,10,10,PEDESTRIAN_CROSSING,521,547,531,557
1277108156Image000019.jpg,7,8,PEDESTRIAN_CROSSING,517,555,524,563
1277108156Image000019.jpg,13,13,PEDESTRIAN_CROSSING,345,546,358,559
1277108156Image000019.jpg,6,7,PEDESTRIAN_CROSSING,409,559,415,566
1277108156Image000019.jpg,9,9,PASS_RIGHT_SIDE,452,553,461,562
1277108156Image000019.jpg,6,7,PASS_RIGHT_SIDE,461,561,467,568
1277108156Image000019.jpg,29,27,PEDESTRIAN_CROSSING,405,501,434,528
1277108156Image000019.jpg,29,25,PASS_RIGHT_SIDE,405,536,434,561
1277108156Image000019.jpg,15,15,NO_STOPPING_NO_STANDING,585,533,600,548
1277108156Image000019.jpg,13,11,PRIORITY_ROAD,585,549,598,560
1277108156Image000019.jpg,10,10,PEDESTRIAN_CROSSING,521,547,531,557
1277108156Image000019.jpg,7,8,PEDESTRIAN_CROSSING,517,555,524,563
1277108156Image000019.jpg,13,13,PEDESTRIAN_CROSSING,345,546,358,559
1277108156Image000019.jpg,6,7,PEDESTRIAN_CROSSING,409,559,415,566
1277108156Image000019.jpg,9,9,PASS_RIGHT_SIDE,452,553,461,562
1277108156Image000019.jpg,6,7,PASS_RIGHT_SIDE,461,561,467,568
1277108156Image000019.jpg,29,27,PEDESTRIAN_CROSSING,405,501,434,528
1277108156Image000019.jpg,29,25,PASS_RIGHT_SIDE,405,536,434,561
1277108156Image000019.jpg,15,15,NO_STOPPING_NO_STANDING,585,533,600,548
1277108156Image000019.jpg,13,11,PRIORITY_ROAD,585,549,598,560
1277108156Image000019.jpg,10,10,PEDESTRIAN_CROSSING,521,547,531,557
1277108156Image000019.jpg,7,8,PEDESTRIAN_CROSSING,517,555,524,563
1277108156Image000019.jpg,13,13,PEDESTRIAN_CROSSING,345,546,358,559
1277108156Image000019.jpg,6,7,PEDESTRIAN_CROSSING,409,559,415,566
1277108156Image000019.jpg,9,9,PASS_RIGHT_SIDE,452,553,461,562
1277108156Image000019.jpg,6,7,PASS_RIGHT_SIDE,461,561,467,568
1277108156Image000019.jpg,29,27,PEDESTRIAN_CROSSING,405,501,434,528
1277108156Image000019.jpg,29,25,PASS_RIGHT_SIDE,405,536,434,561
1277108156Image000019.jpg,15,15,NO_STOPPING_NO_STANDING,585,533,600,548
1277108156Image000019.jpg,13,11,PRIORITY_ROAD,585,549,598,560
1277108156Image000019.jpg,10,10,PEDESTRIAN_CROSSING,521,547,531,557
1277108156Image000019.jpg,7,8,PEDESTRIAN_CROSSING,517,555,524,563
1277108156Image000019.jpg,13,13,PEDESTRIAN_CROSSING,345,546,358,559
1277108156Image000019.jpg,6,7,PEDESTRIAN_CROSSING,409,559,415,566
1277108156Image000019.jpg,9,9,PASS_RIGHT_SIDE,452,553,461,562
1277108156Image000019.jpg,6,7,PASS_RIGHT_SIDE,461,561,467,568
1277108156Image000024.jpg,31,34,PEDESTRIAN_CROSSING,371,475,402,509
1277108156Image000024.jpg,35,35,PASS_RIGHT_SIDE,370,518,405,553
1277108156Image000024.jpg,17,18,NO_STOPPING_NO_STANDING,584,522,601,540
1277108156Image000024.jpg,15,15,PRIORITY_ROAD,586,540,601,555
1277108156Image000024.jpg,15,15,PEDESTRIAN_CROSSING,315,537,330,552
1277108156Image000024.jpg,11,11,PEDESTRIAN_CROSSING,511,539,522,550
1277108156Image000024.jpg,8,8,PEDESTRIAN_CROSSING,506,549,514,557
1277108156Image000024.jpg,9,9,PASS_RIGHT_SIDE,439,546,448,555
1277108156Image000024.jpg,10,10,PASS_RIGHT_SIDE,446,554,456,564
1277108156Image000024.jpg,31,34,PEDESTRIAN_CROSSING,371,475,402,509
1277108156Image000024.jpg,35,35,PASS_RIGHT_SIDE,370,518,405,553
1277108156Image000024.jpg,17,18,NO_STOPPING_NO_STANDING,584,522,601,540
1277108156Image000024.jpg,15,15,PRIORITY_ROAD,586,540,601,555
1277108156Image000024.jpg,15,15,PEDESTRIAN_CROSSING,315,537,330,552
1277108156Image000024.jpg,11,11,PEDESTRIAN_CROSSING,511,539,522,550
1277108156Image000024.jpg,8,8,PEDESTRIAN_CROSSING,506,549,514,557
1277108156Image000024.jpg,9,9,PASS_RIGHT_SIDE,439,546,448,555
1277108156Image000024.jpg,10,10,PASS_RIGHT_SIDE,446,554,456,564
1277108156Image000024.jpg,31,34,PEDESTRIAN_CROSSING,371,475,402,509
1277108156Image000024.jpg,35,35,PASS_RIGHT_SIDE,370,518,405,553
1277108156Image000024.jpg,17,18,NO_STOPPING_NO_STANDING,584,522,601,540
1277108156Image000024.jpg,15,15,PRIORITY_ROAD,586,540,601,555
1277108156Image000024.jpg,15,15,PEDESTRIAN_CROSSING,315,537,330,552
1277108156Image000024.jpg,11,11,PEDESTRIAN_CROSSING,511,539,522,550
1277108156Image000024.jpg,8,8,PEDESTRIAN_CROSSING,506,549,514,557
1277108156Image000024.jpg,9,9,PASS_RIGHT_SIDE,439,546,448,555
1277108156Image000024.jpg,10,10,PASS_RIGHT_SIDE,446,554,456,564
1277108156Image000024.jpg,31,34,PEDESTRIAN_CROSSING,371,475,402,509
1277108156Image000024.jpg,35,35,PASS_RIGHT_SIDE,370,518,405,553
1277108156Image000024.jpg,17,18,NO_STOPPING_NO_STANDING,584,522,601,540
1277108156Image000024.jpg,15,15,PRIORITY_ROAD,586,540,601,555
1277108156Image000024.jpg,15,15,PEDESTRIAN_CROSSING,315,537,330,552
1277108156Image000024.jpg,11,11,PEDESTRIAN_CROSSING,511,539,522,550
1277108156Image000024.jpg,8,8,PEDESTRIAN_CROSSING,506,549,514,557
1277108156Image000024.jpg,9,9,PASS_RIGHT_SIDE,439,546,448,555
1277108156Image000024.jpg,10,10,PASS_RIGHT_SIDE,446,554,456,564
1277108156Image000024.jpg,31,34,PEDESTRIAN_CROSSING,371,475,402,509
1277108156Image000024.jpg,35,35,PASS_RIGHT_SIDE,370,518,405,553
1277108156Image000024.jpg,17,18,NO_STOPPING_NO_STANDING,584,522,601,540
1277108156Image000024.jpg,15,15,PRIORITY_ROAD,586,540,601,555
1277108156Image000024.jpg,15,15,PEDESTRIAN_CROSSING,315,537,330,552
1277108156Image000024.jpg,11,11,PEDESTRIAN_CROSSING,511,539,522,550
1277108156Image000024.jpg,8,8,PEDESTRIAN_CROSSING,506,549,514,557
1277108156Image000024.jpg,9,9,PASS_RIGHT_SIDE,439,546,448,555
1277108156Image000024.jpg,10,10,PASS_RIGHT_SIDE,446,554,456,564
1277108156Image000024.jpg,31,34,PEDESTRIAN_CROSSING,371,475,402,509
1277108156Image000024.jpg,35,35,PASS_RIGHT_SIDE,370,518,405,553
1277108156Image000024.jpg,17,18,NO_STOPPING_NO_STANDING,584,522,601,540
1277108156Image000024.jpg,15,15,PRIORITY_ROAD,586,540,601,555
1277108156Image000024.jpg,15,15,PEDESTRIAN_CROSSING,315,537,330,552
1277108156Image000024.jpg,11,11,PEDESTRIAN_CROSSING,511,539,522,550
1277108156Image000024.jpg,8,8,PEDESTRIAN_CROSSING,506,549,514,557
1277108156Image000024.jpg,9,9,PASS_RIGHT_SIDE,439,546,448,555
1277108156Image000024.jpg,10,10,PASS_RIGHT_SIDE,446,554,456,564
1277108156Image000024.jpg,31,34,PEDESTRIAN_CROSSING,371,475,402,509
1277108156Image000024.jpg,35,35,PASS_RIGHT_SIDE,370,518,405,553
1277108156Image000024.jpg,17,18,NO_STOPPING_NO_STANDING,584,522,601,540
1277108156Image000024.jpg,15,15,PRIORITY_ROAD,586,540,601,555
1277108156Image000024.jpg,15,15,PEDESTRIAN_CROSSING,315,537,330,552
1277108156Image000024.jpg,11,11,PEDESTRIAN_CROSSING,511,539,522,550
1277108156Image000024.jpg,8,8,PEDESTRIAN_CROSSING,506,549,514,557
1277108156Image000024.jpg,9,9,PASS_RIGHT_SIDE,439,546,448,555
1277108156Image000024.jpg,10,10,PASS_RIGHT_SIDE,446,554,456,564
1277108156Image000024.jpg,31,34,PEDESTRIAN_CROSSING,371,475,402,509
1277108156Image000024.jpg,35,35,PASS_RIGHT_SIDE,370,518,405,553
1277108156Image000024.jpg,17,18,NO_STOPPING_NO_STANDING,584,522,601,540
1277108156Image000024.jpg,15,15,PRIORITY_ROAD,586,540,601,555
1277108156Image000024.jpg,15,15,PEDESTRIAN_CROSSING,315,537,330,552
1277108156Image000024.jpg,11,11,PEDESTRIAN_CROSSING,511,539,522,550
1277108156Image000024.jpg,8,8,PEDESTRIAN_CROSSING,506,549,514,557
1277108156Image000024.jpg,9,9,PASS_RIGHT_SIDE,439,546,448,555
1277108156Image000024.jpg,10,10,PASS_RIGHT_SIDE,446,554,456,564
1277108156Image000024.jpg,31,34,PEDESTRIAN_CROSSING,371,475,402,509
1277108156Image000024.jpg,35,35,PASS_RIGHT_SIDE,370,518,405,553
1277108156Image000024.jpg,17,18,NO_STOPPING_NO_STANDING,584,522,601,540
1277108156Image000024.jpg,15,15,PRIORITY_ROAD,586,540,601,555
1277108156Image000024.jpg,15,15,PEDESTRIAN_CROSSING,315,537,330,552
1277108156Image000024.jpg,11,11,PEDESTRIAN_CROSSING,511,539,522,550
1277108156Image000024.jpg,8,8,PEDESTRIAN_CROSSING,506,549,514,557
1277108156Image000024.jpg,9,9,PASS_RIGHT_SIDE,439,546,448,555
1277108156Image000024.jpg,10,10,PASS_RIGHT_SIDE,446,554,456,564
1277108156Image000029.jpg,38,38,PEDESTRIAN_CROSSING,340,464,378,502
1277108156Image000029.jpg,43,40,PASS_RIGHT_SIDE,337,515,380,555
1277108156Image000029.jpg,19,18,NO_STOPPING_NO_STANDING,579,521,598,539
1277108156Image000029.jpg,16,14,PRIORITY_ROAD,580,540,596,554
1277108156Image000029.jpg,15,16,PEDESTRIAN_CROSSING,292,538,307,554
1277108156Image000029.jpg,12,13,PEDESTRIAN_CROSSING,500,538,512,551
1277108156Image000029.jpg,12,10,PEDESTRIAN_CROSSING,494,550,506,560
1277108156Image000029.jpg,9,8,PEDESTRIAN_CROSSING,378,554,387,562
1277108156Image000029.jpg,12,11,PASS_RIGHT_SIDE,425,547,437,558
1277108156Image000029.jpg,8,10,PASS_RIGHT_SIDE,435,555,443,565
1277108156Image000029.jpg,38,38,PEDESTRIAN_CROSSING,340,464,378,502
1277108156Image000029.jpg,43,40,PASS_RIGHT_SIDE,337,515,380,555
1277108156Image000029.jpg,19,18,NO_STOPPING_NO_STANDING,579,521,598,539
1277108156Image000029.jpg,16,14,PRIORITY_ROAD,580,540,596,554
1277108156Image000029.jpg,15,16,PEDESTRIAN_CROSSING,292,538,307,554
1277108156Image000029.jpg,12,13,PEDESTRIAN_CROSSING,500,538,512,551
1277108156Image000029.jpg,12,10,PEDESTRIAN_CROSSING,494,550,506,560
1277108156Image000029.jpg,9,8,PEDESTRIAN_CROSSING,378,554,387,562
1277108156Image000029.jpg,12,11,PASS_RIGHT_SIDE,425,547,437,558
1277108156Image000029.jpg,8,10,PASS_RIGHT_SIDE,435,555,443,565
1277108156Image000029.jpg,38,38,PEDESTRIAN_CROSSING,340,464,378,502
1277108156Image000029.jpg,43,40,PASS_RIGHT_SIDE,337,515,380,555
1277108156Image000029.jpg,19,18,NO_STOPPING_NO_STANDING,579,521,598,539
1277108156Image000029.jpg,16,14,PRIORITY_ROAD,580,540,596,554
1277108156Image000029.jpg,15,16,PEDESTRIAN_CROSSING,292,538,307,554
1277108156Image000029.jpg,12,13,PEDESTRIAN_CROSSING,500,538,512,551
1277108156Image000029.jpg,12,10,PEDESTRIAN_CROSSING,494,550,506,560
1277108156Image000029.jpg,9,8,PEDESTRIAN_CROSSING,378,554,387,562
1277108156Image000029.jpg,12,11,PASS_RIGHT_SIDE,425,547,437,558
1277108156Image000029.jpg,8,10,PASS_RIGHT_SIDE,435,555,443,565
1277108156Image000029.jpg,38,38,PEDESTRIAN_CROSSING,340,464,378,502
1277108156Image000029.jpg,43,40,PASS_RIGHT_SIDE,337,515,380,555
1277108156Image000029.jpg,19,18,NO_STOPPING_NO_STANDING,579,521,598,539
1277108156Image000029.jpg,16,14,PRIORITY_ROAD,580,540,596,554
1277108156Image000029.jpg,15,16,PEDESTRIAN_CROSSING,292,538,307,554
1277108156Image000029.jpg,12,13,PEDESTRIAN_CROSSING,500,538,512,551
1277108156Image000029.jpg,12,10,PEDESTRIAN_CROSSING,494,550,506,560
1277108156Image000029.jpg,9,8,PEDESTRIAN_CROSSING,378,554,387,562
1277108156Image000029.jpg,12,11,PASS_RIGHT_SIDE,425,547,437,558
1277108156Image000029.jpg,8,10,PASS_RIGHT_SIDE,435,555,443,565
1277108156Image000029.jpg,38,38,PEDESTRIAN_CROSSING,340,464,378,502
1277108156Image000029.jpg,43,40,PASS_RIGHT_SIDE,337,515,380,555
1277108156Image000029.jpg,19,18,NO_STOPPING_NO_STANDING,579,521,598,539
1277108156Image000029.jpg,16,14,PRIORITY_ROAD,580,540,596,554
1277108156Image000029.jpg,15,16,PEDESTRIAN_CROSSING,292,538,307,554
1277108156Image000029.jpg,12,13,PEDESTRIAN_CROSSING,500,538,512,551
1277108156Image000029.jpg,12,10,PEDESTRIAN_CROSSING,494,550,506,560
1277108156Image000029.jpg,9,8,PEDESTRIAN_CROSSING,378,554,387,562
1277108156Image000029.jpg,12,11,PASS_RIGHT_SIDE,425,547,437,558
1277108156Image000029.jpg,8,10,PASS_RIGHT_SIDE,435,555,443,565
1277108156Image000029.jpg,38,38,PEDESTRIAN_CROSSING,340,464,378,502
1277108156Image000029.jpg,43,40,PASS_RIGHT_SIDE,337,515,380,555
1277108156Image000029.jpg,19,18,NO_STOPPING_NO_STANDING,579,521,598,539
1277108156Image000029.jpg,16,14,PRIORITY_ROAD,580,540,596,554
1277108156Image000029.jpg,15,16,PEDESTRIAN_CROSSING,292,538,307,554
1277108156Image000029.jpg,12,13,PEDESTRIAN_CROSSING,500,538,512,551
1277108156Image000029.jpg,12,10,PEDESTRIAN_CROSSING,494,550,506,560
1277108156Image000029.jpg,9,8,PEDESTRIAN_CROSSING,378,554,387,562
1277108156Image000029.jpg,12,11,PASS_RIGHT_SIDE,425,547,437,558
1277108156Image000029.jpg,8,10,PASS_RIGHT_SIDE,435,555,443,565
1277108156Image000029.jpg,38,38,PEDESTRIAN_CROSSING,340,464,378,502
1277108156Image000029.jpg,43,40,PASS_RIGHT_SIDE,337,515,380,555
1277108156Image000029.jpg,19,18,NO_STOPPING_NO_STANDING,579,521,598,539
1277108156Image000029.jpg,16,14,PRIORITY_ROAD,580,540,596,554
1277108156Image000029.jpg,15,16,PEDESTRIAN_CROSSING,292,538,307,554
1277108156Image000029.jpg,12,13,PEDESTRIAN_CROSSING,500,538,512,551
1277108156Image000029.jpg,12,10,PEDESTRIAN_CROSSING,494,550,506,560
1277108156Image000029.jpg,9,8,PEDESTRIAN_CROSSING,378,554,387,562
1277108156Image000029.jpg,12,11,PASS_RIGHT_SIDE,425,547,437,558
1277108156Image000029.jpg,8,10,PASS_RIGHT_SIDE,435,555,443,565
1277108156Image000029.jpg,38,38,PEDESTRIAN_CROSSING,340,464,378,502
1277108156Image000029.jpg,43,40,PASS_RIGHT_SIDE,337,515,380,555
1277108156Image000029.jpg,19,18,NO_STOPPING_NO_STANDING,579,521,598,539
1277108156Image000029.jpg,16,14,PRIORITY_ROAD,580,540,596,554
1277108156Image000029.jpg,15,16,PEDESTRIAN_CROSSING,292,538,307,554
1277108156Image000029.jpg,12,13,PEDESTRIAN_CROSSING,500,538,512,551
1277108156Image000029.jpg,12,10,PEDESTRIAN_CROSSING,494,550,506,560
1277108156Image000029.jpg,9,8,PEDESTRIAN_CROSSING,378,554,387,562
1277108156Image000029.jpg,12,11,PASS_RIGHT_SIDE,425,547,437,558
1277108156Image000029.jpg,8,10,PASS_RIGHT_SIDE,435,555,443,565
1277108156Image000029.jpg,38,38,PEDESTRIAN_CROSSING,340,464,378,502
1277108156Image000029.jpg,43,40,PASS_RIGHT_SIDE,337,515,380,555
1277108156Image000029.jpg,19,18,NO_STOPPING_NO_STANDING,579,521,598,539
1277108156Image000029.jpg,16,14,PRIORITY_ROAD,580,540,596,554
1277108156Image000029.jpg,15,16,PEDESTRIAN_CROSSING,292,538,307,554
1277108156Image000029.jpg,12,13,PEDESTRIAN_CROSSING,500,538,512,551
1277108156Image000029.jpg,12,10,PEDESTRIAN_CROSSING,494,550,506,560
1277108156Image000029.jpg,9,8,PEDESTRIAN_CROSSING,378,554,387,562
1277108156Image000029.jpg,12,11,PASS_RIGHT_SIDE,425,547,437,558
1277108156Image000029.jpg,8,10,PASS_RIGHT_SIDE,435,555,443,565
1277108156Image000029.jpg,38,38,PEDESTRIAN_CROSSING,340,464,378,502
1277108156Image000029.jpg,43,40,PASS_RIGHT_SIDE,337,515,380,555
1277108156Image000029.jpg,19,18,NO_STOPPING_NO_STANDING,579,521,598,539
1277108156Image000029.jpg,16,14,PRIORITY_ROAD,580,540,596,554
1277108156Image000029.jpg,15,16,PEDESTRIAN_CROSSING,292,538,307,554
1277108156Image000029.jpg,12,13,PEDESTRIAN_CROSSING,500,538,512,551
1277108156Image000029.jpg,12,10,PEDESTRIAN_CROSSING,494,550,506,560
1277108156Image000029.jpg,9,8,PEDESTRIAN_CROSSING,378,554,387,562
1277108156Image000029.jpg,12,11,PASS_RIGHT_SIDE,425,547,437,558
1277108156Image000029.jpg,8,10,PASS_RIGHT_SIDE,435,555,443,565
1277108156Image000029.jpg,38,38,PEDESTRIAN_CROSSING,340,464,378,502
1277108156Image000029.jpg,43,40,PASS_RIGHT_SIDE,337,515,380,555
1277108156Image000029.jpg,19,18,NO_STOPPING_NO_STANDING,579,521,598,539
1277108156Image000029.jpg,16,14,PRIORITY_ROAD,580,540,596,554
1277108156Image000029.jpg,15,16,PEDESTRIAN_CROSSING,292,538,307,554
1277108156Image000029.jpg,12,13,PEDESTRIAN_CROSSING,500,538,512,551
1277108156Image000029.jpg,12,10,PEDESTRIAN_CROSSING,494,550,506,560
1277108156Image000029.jpg,9,8,PEDESTRIAN_CROSSING,378,554,387,562
1277108156Image000029.jpg,12,11,PASS_RIGHT_SIDE,425,547,437,558
1277108156Image000029.jpg,8,10,PASS_RIGHT_SIDE,435,555,443,565
1277108156Image000034.jpg,47,46,PEDESTRIAN_CROSSING,283,445,330,491
1277108156Image000034.jpg,52,48,PASS_RIGHT_SIDE,283,505,335,553
1277108156Image000034.jpg,19,19,NO_STOPPING_NO_STANDING,564,521,583,540
1277108156Image000034.jpg,17,15,PRIORITY_ROAD,564,540,581,555
1277108156Image000034.jpg,18,19,PEDESTRIAN_CROSSING,252,536,270,555
1277108156Image000034.jpg,9,11,PEDESTRIAN_CROSSING,479,541,488,552
1277108156Image000034.jpg,10,10,PEDESTRIAN_CROSSING,472,551,482,561
1277108156Image000034.jpg,9,9,PEDESTRIAN_CROSSING,351,556,360,565
1277108156Image000034.jpg,11,11,PASS_RIGHT_SIDE,399,549,410,560
1277108156Image000034.jpg,9,11,PASS_RIGHT_SIDE,410,557,419,568
1277108156Image000034.jpg,47,46,PEDESTRIAN_CROSSING,283,445,330,491
1277108156Image000034.jpg,52,48,PASS_RIGHT_SIDE,283,505,335,553
1277108156Image000034.jpg,19,19,NO_STOPPING_NO_STANDING,564,521,583,540
1277108156Image000034.jpg,17,15,PRIORITY_ROAD,564,540,581,555
1277108156Image000034.jpg,18,19,PEDESTRIAN_CROSSING,252,536,270,555
1277108156Image000034.jpg,9,11,PEDESTRIAN_CROSSING,479,541,488,552
1277108156Image000034.jpg,10,10,PEDESTRIAN_CROSSING,472,551,482,561
1277108156Image000034.jpg,9,9,PEDESTRIAN_CROSSING,351,556,360,565
1277108156Image000034.jpg,11,11,PASS_RIGHT_SIDE,399,549,410,560
1277108156Image000034.jpg,9,11,PASS_RIGHT_SIDE,410,557,419,568
1277108156Image000034.jpg,47,46,PEDESTRIAN_CROSSING,283,445,330,491
1277108156Image000034.jpg,52,48,PASS_RIGHT_SIDE,283,505,335,553
1277108156Image000034.jpg,19,19,NO_STOPPING_NO_STANDING,564,521,583,540
1277108156Image000034.jpg,17,15,PRIORITY_ROAD,564,540,581,555
1277108156Image000034.jpg,18,19,PEDESTRIAN_CROSSING,252,536,270,555
1277108156Image000034.jpg,9,11,PEDESTRIAN_CROSSING,479,541,488,552
1277108156Image000034.jpg,10,10,PEDESTRIAN_CROSSING,472,551,482,561
1277108156Image000034.jpg,9,9,PEDESTRIAN_CROSSING,351,556,360,565
1277108156Image000034.jpg,11,11,PASS_RIGHT_SIDE,399,549,410,560
1277108156Image000034.jpg,9,11,PASS_RIGHT_SIDE,410,557,419,568
1277108156Image000034.jpg,47,46,PEDESTRIAN_CROSSING,283,445,330,491
1277108156Image000034.jpg,52,48,PASS_RIGHT_SIDE,283,505,335,553
1277108156Image000034.jpg,19,19,NO_STOPPING_NO_STANDING,564,521,583,540
1277108156Image000034.jpg,17,15,PRIORITY_ROAD,564,540,581,555
1277108156Image000034.jpg,18,19,PEDESTRIAN_CROSSING,252,536,270,555
1277108156Image000034.jpg,9,11,PEDESTRIAN_CROSSING,479,541,488,552
1277108156Image000034.jpg,10,10,PEDESTRIAN_CROSSING,472,551,482,561
1277108156Image000034.jpg,9,9,PEDESTRIAN_CROSSING,351,556,360,565
1277108156Image000034.jpg,11,11,PASS_RIGHT_SIDE,399,549,410,560
1277108156Image000034.jpg,9,11,PASS_RIGHT_SIDE,410,557,419,568
1277108156Image000034.jpg,47,46,PEDESTRIAN_CROSSING,283,445,330,491
1277108156Image000034.jpg,52,48,PASS_RIGHT_SIDE,283,505,335,553
1277108156Image000034.jpg,19,19,NO_STOPPING_NO_STANDING,564,521,583,540
1277108156Image000034.jpg,17,15,PRIORITY_ROAD,564,540,581,555
1277108156Image000034.jpg,18,19,PEDESTRIAN_CROSSING,252,536,270,555
1277108156Image000034.jpg,9,11,PEDESTRIAN_CROSSING,479,541,488,552
1277108156Image000034.jpg,10,10,PEDESTRIAN_CROSSING,472,551,482,561
1277108156Image000034.jpg,9,9,PEDESTRIAN_CROSSING,351,556,360,565
1277108156Image000034.jpg,11,11,PASS_RIGHT_SIDE,399,549,410,560
1277108156Image000034.jpg,9,11,PASS_RIGHT_SIDE,410,557,419,568
1277108156Image000034.jpg,47,46,PEDESTRIAN_CROSSING,283,445,330,491
1277108156Image000034.jpg,52,48,PASS_RIGHT_SIDE,283,505,335,553
1277108156Image000034.jpg,19,19,NO_STOPPING_NO_STANDING,564,521,583,540
1277108156Image000034.jpg,17,15,PRIORITY_ROAD,564,540,581,555
1277108156Image000034.jpg,18,19,PEDESTRIAN_CROSSING,252,536,270,555
1277108156Image000034.jpg,9,11,PEDESTRIAN_CROSSING,479,541,488,552
1277108156Image000034.jpg,10,10,PEDESTRIAN_CROSSING,472,551,482,561
1277108156Image000034.jpg,9,9,PEDESTRIAN_CROSSING,351,556,360,565
1277108156Image000034.jpg,11,11,PASS_RIGHT_SIDE,399,549,410,560
1277108156Image000034.jpg,9,11,PASS_RIGHT_SIDE,410,557,419,568
1277108156Image000034.jpg,47,46,PEDESTRIAN_CROSSING,283,445,330,491
1277108156Image000034.jpg,52,48,PASS_RIGHT_SIDE,283,505,335,553
1277108156Image000034.jpg,19,19,NO_STOPPING_NO_STANDING,564,521,583,540
1277108156Image000034.jpg,17,15,PRIORITY_ROAD,564,540,581,555
1277108156Image000034.jpg,18,19,PEDESTRIAN_CROSSING,252,536,270,555
1277108156Image000034.jpg,9,11,PEDESTRIAN_CROSSING,479,541,488,552
1277108156Image000034.jpg,10,10,PEDESTRIAN_CROSSING,472,551,482,561
1277108156Image000034.jpg,9,9,PEDESTRIAN_CROSSING,351,556,360,565
1277108156Image000034.jpg,11,11,PASS_RIGHT_SIDE,399,549,410,560
1277108156Image000034.jpg,9,11,PASS_RIGHT_SIDE,410,557,419,568
1277108156Image000034.jpg,47,46,PEDESTRIAN_CROSSING,283,445,330,491
1277108156Image000034.jpg,52,48,PASS_RIGHT_SIDE,283,505,335,553
1277108156Image000034.jpg,19,19,NO_STOPPING_NO_STANDING,564,521,583,540
1277108156Image000034.jpg,17,15,PRIORITY_ROAD,564,540,581,555
1277108156Image000034.jpg,18,19,PEDESTRIAN_CROSSING,252,536,270,555
1277108156Image000034.jpg,9,11,PEDESTRIAN_CROSSING,479,541,488,552
1277108156Image000034.jpg,10,10,PEDESTRIAN_CROSSING,472,551,482,561
1277108156Image000034.jpg,9,9,PEDESTRIAN_CROSSING,351,556,360,565
1277108156Image000034.jpg,11,11,PASS_RIGHT_SIDE,399,549,410,560
1277108156Image000034.jpg,9,11,PASS_RIGHT_SIDE,410,557,419,568
1277108156Image000034.jpg,47,46,PEDESTRIAN_CROSSING,283,445,330,491
1277108156Image000034.jpg,52,48,PASS_RIGHT_SIDE,283,505,335,553
1277108156Image000034.jpg,19,19,NO_STOPPING_NO_STANDING,564,521,583,540
1277108156Image000034.jpg,17,15,PRIORITY_ROAD,564,540,581,555
1277108156Image000034.jpg,18,19,PEDESTRIAN_CROSSING,252,536,270,555
1277108156Image000034.jpg,9,11,PEDESTRIAN_CROSSING,479,541,488,552
1277108156Image000034.jpg,10,10,PEDESTRIAN_CROSSING,472,551,482,561
1277108156Image000034.jpg,9,9,PEDESTRIAN_CROSSING,351,556,360,565
1277108156Image000034.jpg,11,11,PASS_RIGHT_SIDE,399,549,410,560
1277108156Image000034.jpg,9,11,PASS_RIGHT_SIDE,410,557,419,568
1277108156Image000034.jpg,47,46,PEDESTRIAN_CROSSING,283,445,330,491
1277108156Image000034.jpg,52,48,PASS_RIGHT_SIDE,283,505,335,553
1277108156Image000034.jpg,19,19,NO_STOPPING_NO_STANDING,564,521,583,540
1277108156Image000034.jpg,17,15,PRIORITY_ROAD,564,540,581,555
1277108156Image000034.jpg,18,19,PEDESTRIAN_CROSSING,252,536,270,555
1277108156Image000034.jpg,9,11,PEDESTRIAN_CROSSING,479,541,488,552
1277108156Image000034.jpg,10,10,PEDESTRIAN_CROSSING,472,551,482,561
1277108156Image000034.jpg,9,9,PEDESTRIAN_CROSSING,351,556,360,565
1277108156Image000034.jpg,11,11,PASS_RIGHT_SIDE,399,549,410,560
1277108156Image000034.jpg,9,11,PASS_RIGHT_SIDE,410,557,419,568
1277108156Image000034.jpg,47,46,PEDESTRIAN_CROSSING,283,445,330,491
1277108156Image000034.jpg,52,48,PASS_RIGHT_SIDE,283,505,335,553
1277108156Image000034.jpg,19,19,NO_STOPPING_NO_STANDING,564,521,583,540
1277108156Image000034.jpg,17,15,PRIORITY_ROAD,564,540,581,555
1277108156Image000034.jpg,18,19,PEDESTRIAN_CROSSING,252,536,270,555
1277108156Image000034.jpg,9,11,PEDESTRIAN_CROSSING,479,541,488,552
1277108156Image000034.jpg,10,10,PEDESTRIAN_CROSSING,472,551,482,561
1277108156Image000034.jpg,9,9,PEDESTRIAN_CROSSING,351,556,360,565
1277108156Image000034.jpg,11,11,PASS_RIGHT_SIDE,399,549,410,560
1277108156Image000034.jpg,9,11,PASS_RIGHT_SIDE,410,557,419,568
1277108156Image000039.jpg,61,61,PEDESTRIAN_CROSSING,161,396,222,457
1277108156Image000039.jpg,66,64,PASS_RIGHT_SIDE,159,476,225,540
1277108156Image000039.jpg,22,23,NO_STOPPING_NO_STANDING,522,505,544,528
1277108156Image000039.jpg,19,18,PRIORITY_ROAD,523,527,542,545
1277108156Image000039.jpg,7,30,PEDESTRIAN_CROSSING,803,445,810,475
1277108156Image000039.jpg,13,12,PEDESTRIAN_CROSSING,431,531,444,543
1277108156Image000039.jpg,10,9,PEDESTRIAN_CROSSING,426,542,436,551
1277108156Image000039.jpg,10,10,PEDESTRIAN_CROSSING,299,548,309,558
1277108156Image000039.jpg,12,11,PASS_RIGHT_SIDE,348,540,360,551
1277108156Image000039.jpg,9,10,PASS_RIGHT_SIDE,360,550,369,560
1277108156Image000039.jpg,61,61,PEDESTRIAN_CROSSING,161,396,222,457
1277108156Image000039.jpg,66,64,PASS_RIGHT_SIDE,159,476,225,540
1277108156Image000039.jpg,22,23,NO_STOPPING_NO_STANDING,522,505,544,528
1277108156Image000039.jpg,19,18,PRIORITY_ROAD,523,527,542,545
1277108156Image000039.jpg,7,30,PEDESTRIAN_CROSSING,803,445,810,475
1277108156Image000039.jpg,13,12,PEDESTRIAN_CROSSING,431,531,444,543
1277108156Image000039.jpg,10,9,PEDESTRIAN_CROSSING,426,542,436,551
1277108156Image000039.jpg,10,10,PEDESTRIAN_CROSSING,299,548,309,558
1277108156Image000039.jpg,12,11,PASS_RIGHT_SIDE,348,540,360,551
1277108156Image000039.jpg,9,10,PASS_RIGHT_SIDE,360,550,369,560
1277108156Image000039.jpg,61,61,PEDESTRIAN_CROSSING,161,396,222,457
1277108156Image000039.jpg,66,64,PASS_RIGHT_SIDE,159,476,225,540
1277108156Image000039.jpg,22,23,NO_STOPPING_NO_STANDING,522,505,544,528
1277108156Image000039.jpg,19,18,PRIORITY_ROAD,523,527,542,545
1277108156Image000039.jpg,7,30,PEDESTRIAN_CROSSING,803,445,810,475
1277108156Image000039.jpg,13,12,PEDESTRIAN_CROSSING,431,531,444,543
1277108156Image000039.jpg,10,9,PEDESTRIAN_CROSSING,426,542,436,551
1277108156Image000039.jpg,10,10,PEDESTRIAN_CROSSING,299,548,309,558
1277108156Image000039.jpg,12,11,PASS_RIGHT_SIDE,348,540,360,551
1277108156Image000039.jpg,9,10,PASS_RIGHT_SIDE,360,550,369,560
1277108156Image000039.jpg,61,61,PEDESTRIAN_CROSSING,161,396,222,457
1277108156Image000039.jpg,66,64,PASS_RIGHT_SIDE,159,476,225,540
1277108156Image000039.jpg,22,23,NO_STOPPING_NO_STANDING,522,505,544,528
1277108156Image000039.jpg,19,18,PRIORITY_ROAD,523,527,542,545
1277108156Image000039.jpg,7,30,PEDESTRIAN_CROSSING,803,445,810,475
1277108156Image000039.jpg,13,12,PEDESTRIAN_CROSSING,431,531,444,543
1277108156Image000039.jpg,10,9,PEDESTRIAN_CROSSING,426,542,436,551
1277108156Image000039.jpg,10,10,PEDESTRIAN_CROSSING,299,548,309,558
1277108156Image000039.jpg,12,11,PASS_RIGHT_SIDE,348,540,360,551
1277108156Image000039.jpg,9,10,PASS_RIGHT_SIDE,360,550,369,560
1277108156Image000039.jpg,61,61,PEDESTRIAN_CROSSING,161,396,222,457
1277108156Image000039.jpg,66,64,PASS_RIGHT_SIDE,159,476,225,540
1277108156Image000039.jpg,22,23,NO_STOPPING_NO_STANDING,522,505,544,528
1277108156Image000039.jpg,19,18,PRIORITY_ROAD,523,527,542,545
1277108156Image000039.jpg,7,30,PEDESTRIAN_CROSSING,803,445,810,475
1277108156Image000039.jpg,13,12,PEDESTRIAN_CROSSING,431,531,444,543
1277108156Image000039.jpg,10,9,PEDESTRIAN_CROSSING,426,542,436,551
1277108156Image000039.jpg,10,10,PEDESTRIAN_CROSSING,299,548,309,558
1277108156Image000039.jpg,12,11,PASS_RIGHT_SIDE,348,540,360,551
1277108156Image000039.jpg,9,10,PASS_RIGHT_SIDE,360,550,369,560
1277108156Image000039.jpg,61,61,PEDESTRIAN_CROSSING,161,396,222,457
1277108156Image000039.jpg,66,64,PASS_RIGHT_SIDE,159,476,225,540
1277108156Image000039.jpg,22,23,NO_STOPPING_NO_STANDING,522,505,544,528
1277108156Image000039.jpg,19,18,PRIORITY_ROAD,523,527,542,545
1277108156Image000039.jpg,7,30,PEDESTRIAN_CROSSING,803,445,810,475
1277108156Image000039.jpg,13,12,PEDESTRIAN_CROSSING,431,531,444,543
1277108156Image000039.jpg,10,9,PEDESTRIAN_CROSSING,426,542,436,551
1277108156Image000039.jpg,10,10,PEDESTRIAN_CROSSING,299,548,309,558
1277108156Image000039.jpg,12,11,PASS_RIGHT_SIDE,348,540,360,551
1277108156Image000039.jpg,9,10,PASS_RIGHT_SIDE,360,550,369,560
1277108156Image000039.jpg,61,61,PEDESTRIAN_CROSSING,161,396,222,457
1277108156Image000039.jpg,66,64,PASS_RIGHT_SIDE,159,476,225,540
1277108156Image000039.jpg,22,23,NO_STOPPING_NO_STANDING,522,505,544,528
1277108156Image000039.jpg,19,18,PRIORITY_ROAD,523,527,542,545
1277108156Image000039.jpg,7,30,PEDESTRIAN_CROSSING,803,445,810,475
1277108156Image000039.jpg,13,12,PEDESTRIAN_CROSSING,431,531,444,543
1277108156Image000039.jpg,10,9,PEDESTRIAN_CROSSING,426,542,436,551
1277108156Image000039.jpg,10,10,PEDESTRIAN_CROSSING,299,548,309,558
1277108156Image000039.jpg,12,11,PASS_RIGHT_SIDE,348,540,360,551
1277108156Image000039.jpg,9,10,PASS_RIGHT_SIDE,360,550,369,560
1277108156Image000039.jpg,61,61,PEDESTRIAN_CROSSING,161,396,222,457
1277108156Image000039.jpg,66,64,PASS_RIGHT_SIDE,159,476,225,540
1277108156Image000039.jpg,22,23,NO_STOPPING_NO_STANDING,522,505,544,528
1277108156Image000039.jpg,19,18,PRIORITY_ROAD,523,527,542,545
1277108156Image000039.jpg,7,30,PEDESTRIAN_CROSSING,803,445,810,475
1277108156Image000039.jpg,13,12,PEDESTRIAN_CROSSING,431,531,444,543
1277108156Image000039.jpg,10,9,PEDESTRIAN_CROSSING,426,542,436,551
1277108156Image000039.jpg,10,10,PEDESTRIAN_CROSSING,299,548,309,558
1277108156Image000039.jpg,12,11,PASS_RIGHT_SIDE,348,540,360,551
1277108156Image000039.jpg,9,10,PASS_RIGHT_SIDE,360,550,369,560
1277108156Image000039.jpg,61,61,PEDESTRIAN_CROSSING,161,396,222,457
1277108156Image000039.jpg,66,64,PASS_RIGHT_SIDE,159,476,225,540
1277108156Image000039.jpg,22,23,NO_STOPPING_NO_STANDING,522,505,544,528
1277108156Image000039.jpg,19,18,PRIORITY_ROAD,523,527,542,545
1277108156Image000039.jpg,7,30,PEDESTRIAN_CROSSING,803,445,810,475
1277108156Image000039.jpg,13,12,PEDESTRIAN_CROSSING,431,531,444,543
1277108156Image000039.jpg,10,9,PEDESTRIAN_CROSSING,426,542,436,551
1277108156Image000039.jpg,10,10,PEDESTRIAN_CROSSING,299,548,309,558
1277108156Image000039.jpg,12,11,PASS_RIGHT_SIDE,348,540,360,551
1277108156Image000039.jpg,9,10,PASS_RIGHT_SIDE,360,550,369,560
1277108156Image000039.jpg,61,61,PEDESTRIAN_CROSSING,161,396,222,457
1277108156Image000039.jpg,66,64,PASS_RIGHT_SIDE,159,476,225,540
1277108156Image000039.jpg,22,23,NO_STOPPING_NO_STANDING,522,505,544,528
1277108156Image000039.jpg,19,18,PRIORITY_ROAD,523,527,542,545
1277108156Image000039.jpg,7,30,PEDESTRIAN_CROSSING,803,445,810,475
1277108156Image000039.jpg,13,12,PEDESTRIAN_CROSSING,431,531,444,543
1277108156Image000039.jpg,10,9,PEDESTRIAN_CROSSING,426,542,436,551
1277108156Image000039.jpg,10,10,PEDESTRIAN_CROSSING,299,548,309,558
1277108156Image000039.jpg,12,11,PASS_RIGHT_SIDE,348,540,360,551
1277108156Image000039.jpg,9,10,PASS_RIGHT_SIDE,360,550,369,560
1277108156Image000039.jpg,61,61,PEDESTRIAN_CROSSING,161,396,222,457
1277108156Image000039.jpg,66,64,PASS_RIGHT_SIDE,159,476,225,540
1277108156Image000039.jpg,22,23,NO_STOPPING_NO_STANDING,522,505,544,528
1277108156Image000039.jpg,19,18,PRIORITY_ROAD,523,527,542,545
1277108156Image000039.jpg,7,30,PEDESTRIAN_CROSSING,803,445,810,475
1277108156Image000039.jpg,13,12,PEDESTRIAN_CROSSING,431,531,444,543
1277108156Image000039.jpg,10,9,PEDESTRIAN_CROSSING,426,542,436,551
1277108156Image000039.jpg,10,10,PEDESTRIAN_CROSSING,299,548,309,558
1277108156Image000039.jpg,12,11,PASS_RIGHT_SIDE,348,540,360,551
1277108156Image000039.jpg,9,10,PASS_RIGHT_SIDE,360,550,369,560
1277108156Image000044.jpg,47,90,PEDESTRIAN_CROSSING,2,318,49,408
1277108156Image000044.jpg,45,98,PASS_RIGHT_SIDE,3,441,48,539
1277108156Image000044.jpg,24,24,NO_STOPPING_NO_STANDING,500,511,524,535
1277108156Image000044.jpg,20,20,PRIORITY_ROAD,503,534,523,554
1277108156Image000044.jpg,8,33,PEDESTRIAN_CROSSING,845,437,853,470
1277108156Image000044.jpg,20,21,PEDESTRIAN_CROSSING,117,531,137,552
1277108156Image000044.jpg,12,14,PEDESTRIAN_CROSSING,402,540,414,554
1277108156Image000044.jpg,8,10,PEDESTRIAN_CROSSING,398,551,406,561
1277108156Image000044.jpg,9,9,PEDESTRIAN_CROSSING,265,556,274,565
1277108156Image000044.jpg,13,12,PASS_RIGHT_SIDE,313,548,326,560
1277108156Image000044.jpg,9,9,PASS_RIGHT_SIDE,329,560,338,569
1277108156Image000044.jpg,47,90,PEDESTRIAN_CROSSING,2,318,49,408
1277108156Image000044.jpg,45,98,PASS_RIGHT_SIDE,3,441,48,539
1277108156Image000044.jpg,24,24,NO_STOPPING_NO_STANDING,500,511,524,535
1277108156Image000044.jpg,20,20,PRIORITY_ROAD,503,534,523,554
1277108156Image000044.jpg,8,33,PEDESTRIAN_CROSSING,845,437,853,470
1277108156Image000044.jpg,20,21,PEDESTRIAN_CROSSING,117,531,137,552
1277108156Image000044.jpg,12,14,PEDESTRIAN_CROSSING,402,540,414,554
1277108156Image000044.jpg,8,10,PEDESTRIAN_CROSSING,398,551,406,561
1277108156Image000044.jpg,9,9,PEDESTRIAN_CROSSING,265,556,274,565
1277108156Image000044.jpg,13,12,PASS_RIGHT_SIDE,313,548,326,560
1277108156Image000044.jpg,9,9,PASS_RIGHT_SIDE,329,560,338,569
1277108156Image000044.jpg,47,90,PEDESTRIAN_CROSSING,2,318,49,408
1277108156Image000044.jpg,45,98,PASS_RIGHT_SIDE,3,441,48,539
1277108156Image000044.jpg,24,24,NO_STOPPING_NO_STANDING,500,511,524,535
1277108156Image000044.jpg,20,20,PRIORITY_ROAD,503,534,523,554
1277108156Image000044.jpg,8,33,PEDESTRIAN_CROSSING,845,437,853,470
1277108156Image000044.jpg,20,21,PEDESTRIAN_CROSSING,117,531,137,552
1277108156Image000044.jpg,12,14,PEDESTRIAN_CROSSING,402,540,414,554
1277108156Image000044.jpg,8,10,PEDESTRIAN_CROSSING,398,551,406,561
1277108156Image000044.jpg,9,9,PEDESTRIAN_CROSSING,265,556,274,565
1277108156Image000044.jpg,13,12,PASS_RIGHT_SIDE,313,548,326,560
1277108156Image000044.jpg,9,9,PASS_RIGHT_SIDE,329,560,338,569
1277108156Image000044.jpg,47,90,PEDESTRIAN_CROSSING,2,318,49,408
1277108156Image000044.jpg,45,98,PASS_RIGHT_SIDE,3,441,48,539
1277108156Image000044.jpg,24,24,NO_STOPPING_NO_STANDING,500,511,524,535
1277108156Image000044.jpg,20,20,PRIORITY_ROAD,503,534,523,554
1277108156Image000044.jpg,8,33,PEDESTRIAN_CROSSING,845,437,853,470
1277108156Image000044.jpg,20,21,PEDESTRIAN_CROSSING,117,531,137,552
1277108156Image000044.jpg,12,14,PEDESTRIAN_CROSSING,402,540,414,554
1277108156Image000044.jpg,8,10,PEDESTRIAN_CROSSING,398,551,406,561
1277108156Image000044.jpg,9,9,PEDESTRIAN_CROSSING,265,556,274,565
1277108156Image000044.jpg,13,12,PASS_RIGHT_SIDE,313,548,326,560
1277108156Image000044.jpg,9,9,PASS_RIGHT_SIDE,329,560,338,569
1277108156Image000044.jpg,47,90,PEDESTRIAN_CROSSING,2,318,49,408
1277108156Image000044.jpg,45,98,PASS_RIGHT_SIDE,3,441,48,539
1277108156Image000044.jpg,24,24,NO_STOPPING_NO_STANDING,500,511,524,535
1277108156Image000044.jpg,20,20,PRIORITY_ROAD,503,534,523,554
1277108156Image000044.jpg,8,33,PEDESTRIAN_CROSSING,845,437,853,470
1277108156Image000044.jpg,20,21,PEDESTRIAN_CROSSING,117,531,137,552
1277108156Image000044.jpg,12,14,PEDESTRIAN_CROSSING,402,540,414,554
1277108156Image000044.jpg,8,10,PEDESTRIAN_CROSSING,398,551,406,561
1277108156Image000044.jpg,9,9,PEDESTRIAN_CROSSING,265,556,274,565
1277108156Image000044.jpg,13,12,PASS_RIGHT_SIDE,313,548,326,560
1277108156Image000044.jpg,9,9,PASS_RIGHT_SIDE,329,560,338,569
1277108156Image000044.jpg,47,90,PEDESTRIAN_CROSSING,2,318,49,408
1277108156Image000044.jpg,45,98,PASS_RIGHT_SIDE,3,441,48,539
1277108156Image000044.jpg,24,24,NO_STOPPING_NO_STANDING,500,511,524,535
1277108156Image000044.jpg,20,20,PRIORITY_ROAD,503,534,523,554
1277108156Image000044.jpg,8,33,PEDESTRIAN_CROSSING,845,437,853,470
1277108156Image000044.jpg,20,21,PEDESTRIAN_CROSSING,117,531,137,552
1277108156Image000044.jpg,12,14,PEDESTRIAN_CROSSING,402,540,414,554
1277108156Image000044.jpg,8,10,PEDESTRIAN_CROSSING,398,551,406,561
1277108156Image000044.jpg,9,9,PEDESTRIAN_CROSSING,265,556,274,565
1277108156Image000044.jpg,13,12,PASS_RIGHT_SIDE,313,548,326,560
1277108156Image000044.jpg,9,9,PASS_RIGHT_SIDE,329,560,338,569
1277108156Image000044.jpg,47,90,PEDESTRIAN_CROSSING,2,318,49,408
1277108156Image000044.jpg,45,98,PASS_RIGHT_SIDE,3,441,48,539
1277108156Image000044.jpg,24,24,NO_STOPPING_NO_STANDING,500,511,524,535
1277108156Image000044.jpg,20,20,PRIORITY_ROAD,503,534,523,554
1277108156Image000044.jpg,8,33,PEDESTRIAN_CROSSING,845,437,853,470
1277108156Image000044.jpg,20,21,PEDESTRIAN_CROSSING,117,531,137,552
1277108156Image000044.jpg,12,14,PEDESTRIAN_CROSSING,402,540,414,554
1277108156Image000044.jpg,8,10,PEDESTRIAN_CROSSING,398,551,406,561
1277108156Image000044.jpg,9,9,PEDESTRIAN_CROSSING,265,556,274,565
1277108156Image000044.jpg,13,12,PASS_RIGHT_SIDE,313,548,326,560
1277108156Image000044.jpg,9,9,PASS_RIGHT_SIDE,329,560,338,569
1277108156Image000044.jpg,47,90,PEDESTRIAN_CROSSING,2,318,49,408
1277108156Image000044.jpg,45,98,PASS_RIGHT_SIDE,3,441,48,539
1277108156Image000044.jpg,24,24,NO_STOPPING_NO_STANDING,500,511,524,535
1277108156Image000044.jpg,20,20,PRIORITY_ROAD,503,534,523,554
1277108156Image000044.jpg,8,33,PEDESTRIAN_CROSSING,845,437,853,470
1277108156Image000044.jpg,20,21,PEDESTRIAN_CROSSING,117,531,137,552
1277108156Image000044.jpg,12,14,PEDESTRIAN_CROSSING,402,540,414,554
1277108156Image000044.jpg,8,10,PEDESTRIAN_CROSSING,398,551,406,561
1277108156Image000044.jpg,9,9,PEDESTRIAN_CROSSING,265,556,274,565
1277108156Image000044.jpg,13,12,PASS_RIGHT_SIDE,313,548,326,560
1277108156Image000044.jpg,9,9,PASS_RIGHT_SIDE,329,560,338,569
1277108156Image000044.jpg,47,90,PEDESTRIAN_CROSSING,2,318,49,408
1277108156Image000044.jpg,45,98,PASS_RIGHT_SIDE,3,441,48,539
1277108156Image000044.jpg,24,24,NO_STOPPING_NO_STANDING,500,511,524,535
1277108156Image000044.jpg,20,20,PRIORITY_ROAD,503,534,523,554
1277108156Image000044.jpg,8,33,PEDESTRIAN_CROSSING,845,437,853,470
1277108156Image000044.jpg,20,21,PEDESTRIAN_CROSSING,117,531,137,552
1277108156Image000044.jpg,12,14,PEDESTRIAN_CROSSING,402,540,414,554
1277108156Image000044.jpg,8,10,PEDESTRIAN_CROSSING,398,551,406,561
1277108156Image000044.jpg,9,9,PEDESTRIAN_CROSSING,265,556,274,565
1277108156Image000044.jpg,13,12,PASS_RIGHT_SIDE,313,548,326,560
1277108156Image000044.jpg,9,9,PASS_RIGHT_SIDE,329,560,338,569
1277108156Image000044.jpg,47,90,PEDESTRIAN_CROSSING,2,318,49,408
1277108156Image000044.jpg,45,98,PASS_RIGHT_SIDE,3,441,48,539
1277108156Image000044.jpg,24,24,NO_STOPPING_NO_STANDING,500,511,524,535
1277108156Image000044.jpg,20,20,PRIORITY_ROAD,503,534,523,554
1277108156Image000044.jpg,8,33,PEDESTRIAN_CROSSING,845,437,853,470
1277108156Image000044.jpg,20,21,PEDESTRIAN_CROSSING,117,531,137,552
1277108156Image000044.jpg,12,14,PEDESTRIAN_CROSSING,402,540,414,554
1277108156Image000044.jpg,8,10,PEDESTRIAN_CROSSING,398,551,406,561
1277108156Image000044.jpg,9,9,PEDESTRIAN_CROSSING,265,556,274,565
1277108156Image000044.jpg,13,12,PASS_RIGHT_SIDE,313,548,326,560
1277108156Image000044.jpg,9,9,PASS_RIGHT_SIDE,329,560,338,569
1277108156Image000044.jpg,47,90,PEDESTRIAN_CROSSING,2,318,49,408
1277108156Image000044.jpg,45,98,PASS_RIGHT_SIDE,3,441,48,539
1277108156Image000044.jpg,24,24,NO_STOPPING_NO_STANDING,500,511,524,535
1277108156Image000044.jpg,20,20,PRIORITY_ROAD,503,534,523,554
1277108156Image000044.jpg,8,33,PEDESTRIAN_CROSSING,845,437,853,470
1277108156Image000044.jpg,20,21,PEDESTRIAN_CROSSING,117,531,137,552
1277108156Image000044.jpg,12,14,PEDESTRIAN_CROSSING,402,540,414,554
1277108156Image000044.jpg,8,10,PEDESTRIAN_CROSSING,398,551,406,561
1277108156Image000044.jpg,9,9,PEDESTRIAN_CROSSING,265,556,274,565
1277108156Image000044.jpg,13,12,PASS_RIGHT_SIDE,313,548,326,560
1277108156Image000044.jpg,9,9,PASS_RIGHT_SIDE,329,560,338,569
1277108156Image000044.jpg,47,90,PEDESTRIAN_CROSSING,2,318,49,408
1277108156Image000044.jpg,45,98,PASS_RIGHT_SIDE,3,441,48,539
1277108156Image000044.jpg,24,24,NO_STOPPING_NO_STANDING,500,511,524,535
1277108156Image000044.jpg,20,20,PRIORITY_ROAD,503,534,523,554
1277108156Image000044.jpg,8,33,PEDESTRIAN_CROSSING,845,437,853,470
1277108156Image000044.jpg,20,21,PEDESTRIAN_CROSSING,117,531,137,552
1277108156Image000044.jpg,12,14,PEDESTRIAN_CROSSING,402,540,414,554
1277108156Image000044.jpg,8,10,PEDESTRIAN_CROSSING,398,551,406,561
1277108156Image000044.jpg,9,9,PEDESTRIAN_CROSSING,265,556,274,565
1277108156Image000044.jpg,13,12,PASS_RIGHT_SIDE,313,548,326,560
1277108156Image000044.jpg,9,9,PASS_RIGHT_SIDE,329,560,338,569
1277108163Image000001.jpg,40,42,NO_STOPPING_NO_STANDING,712,465,752,507
1277108163Image000001.jpg,37,33,PRIORITY_ROAD,714,506,751,539
1277108163Image000001.jpg,39,40,PEDESTRIAN_CROSSING,51,499,90,539
1277108163Image000001.jpg,17,14,PEDESTRIAN_CROSSING,545,532,562,546
1277108163Image000001.jpg,11,11,PEDESTRIAN_CROSSING,541,548,552,559
1277108163Image000001.jpg,10,11,PEDESTRIAN_CROSSING,385,554,395,565
1277108163Image000001.jpg,15,18,PASS_RIGHT_SIDE,432,540,447,558
1277108163Image000001.jpg,11,11,PASS_RIGHT_SIDE,459,557,470,568
1277108163Image000001.jpg,40,42,NO_STOPPING_NO_STANDING,712,465,752,507
1277108163Image000001.jpg,37,33,PRIORITY_ROAD,714,506,751,539
1277108163Image000001.jpg,39,40,PEDESTRIAN_CROSSING,51,499,90,539
1277108163Image000001.jpg,17,14,PEDESTRIAN_CROSSING,545,532,562,546
1277108163Image000001.jpg,11,11,PEDESTRIAN_CROSSING,541,548,552,559
1277108163Image000001.jpg,10,11,PEDESTRIAN_CROSSING,385,554,395,565
1277108163Image000001.jpg,15,18,PASS_RIGHT_SIDE,432,540,447,558
1277108163Image000001.jpg,11,11,PASS_RIGHT_SIDE,459,557,470,568
1277108163Image000001.jpg,40,42,NO_STOPPING_NO_STANDING,712,465,752,507
1277108163Image000001.jpg,37,33,PRIORITY_ROAD,714,506,751,539
1277108163Image000001.jpg,39,40,PEDESTRIAN_CROSSING,51,499,90,539
1277108163Image000001.jpg,17,14,PEDESTRIAN_CROSSING,545,532,562,546
1277108163Image000001.jpg,11,11,PEDESTRIAN_CROSSING,541,548,552,559
1277108163Image000001.jpg,10,11,PEDESTRIAN_CROSSING,385,554,395,565
1277108163Image000001.jpg,15,18,PASS_RIGHT_SIDE,432,540,447,558
1277108163Image000001.jpg,11,11,PASS_RIGHT_SIDE,459,557,470,568
1277108163Image000001.jpg,40,42,NO_STOPPING_NO_STANDING,712,465,752,507
1277108163Image000001.jpg,37,33,PRIORITY_ROAD,714,506,751,539
1277108163Image000001.jpg,39,40,PEDESTRIAN_CROSSING,51,499,90,539
1277108163Image000001.jpg,17,14,PEDESTRIAN_CROSSING,545,532,562,546
1277108163Image000001.jpg,11,11,PEDESTRIAN_CROSSING,541,548,552,559
1277108163Image000001.jpg,10,11,PEDESTRIAN_CROSSING,385,554,395,565
1277108163Image000001.jpg,15,18,PASS_RIGHT_SIDE,432,540,447,558
1277108163Image000001.jpg,11,11,PASS_RIGHT_SIDE,459,557,470,568
1277108163Image000001.jpg,40,42,NO_STOPPING_NO_STANDING,712,465,752,507
1277108163Image000001.jpg,37,33,PRIORITY_ROAD,714,506,751,539
1277108163Image000001.jpg,39,40,PEDESTRIAN_CROSSING,51,499,90,539
1277108163Image000001.jpg,17,14,PEDESTRIAN_CROSSING,545,532,562,546
1277108163Image000001.jpg,11,11,PEDESTRIAN_CROSSING,541,548,552,559
1277108163Image000001.jpg,10,11,PEDESTRIAN_CROSSING,385,554,395,565
1277108163Image000001.jpg,15,18,PASS_RIGHT_SIDE,432,540,447,558
1277108163Image000001.jpg,11,11,PASS_RIGHT_SIDE,459,557,470,568
1277108163Image000001.jpg,40,42,NO_STOPPING_NO_STANDING,712,465,752,507
1277108163Image000001.jpg,37,33,PRIORITY_ROAD,714,506,751,539
1277108163Image000001.jpg,39,40,PEDESTRIAN_CROSSING,51,499,90,539
1277108163Image000001.jpg,17,14,PEDESTRIAN_CROSSING,545,532,562,546
1277108163Image000001.jpg,11,11,PEDESTRIAN_CROSSING,541,548,552,559
1277108163Image000001.jpg,10,11,PEDESTRIAN_CROSSING,385,554,395,565
1277108163Image000001.jpg,15,18,PASS_RIGHT_SIDE,432,540,447,558
1277108163Image000001.jpg,11,11,PASS_RIGHT_SIDE,459,557,470,568
1277108163Image000001.jpg,40,42,NO_STOPPING_NO_STANDING,712,465,752,507
1277108163Image000001.jpg,37,33,PRIORITY_ROAD,714,506,751,539
1277108163Image000001.jpg,39,40,PEDESTRIAN_CROSSING,51,499,90,539
1277108163Image000001.jpg,17,14,PEDESTRIAN_CROSSING,545,532,562,546
1277108163Image000001.jpg,11,11,PEDESTRIAN_CROSSING,541,548,552,559
1277108163Image000001.jpg,10,11,PEDESTRIAN_CROSSING,385,554,395,565
1277108163Image000001.jpg,15,18,PASS_RIGHT_SIDE,432,540,447,558
1277108163Image000001.jpg,11,11,PASS_RIGHT_SIDE,459,557,470,568
1277108163Image000001.jpg,40,42,NO_STOPPING_NO_STANDING,712,465,752,507
1277108163Image000001.jpg,37,33,PRIORITY_ROAD,714,506,751,539
1277108163Image000001.jpg,39,40,PEDESTRIAN_CROSSING,51,499,90,539
1277108163Image000001.jpg,17,14,PEDESTRIAN_CROSSING,545,532,562,546
1277108163Image000001.jpg,11,11,PEDESTRIAN_CROSSING,541,548,552,559
1277108163Image000001.jpg,10,11,PEDESTRIAN_CROSSING,385,554,395,565
1277108163Image000001.jpg,15,18,PASS_RIGHT_SIDE,432,540,447,558
1277108163Image000001.jpg,11,11,PASS_RIGHT_SIDE,459,557,470,568
1277108163Image000001.jpg,40,42,NO_STOPPING_NO_STANDING,712,465,752,507
1277108163Image000001.jpg,37,33,PRIORITY_ROAD,714,506,751,539
1277108163Image000001.jpg,39,40,PEDESTRIAN_CROSSING,51,499,90,539
1277108163Image000001.jpg,17,14,PEDESTRIAN_CROSSING,545,532,562,546
1277108163Image000001.jpg,11,11,PEDESTRIAN_CROSSING,541,548,552,559
1277108163Image000001.jpg,10,11,PEDESTRIAN_CROSSING,385,554,395,565
1277108163Image000001.jpg,15,18,PASS_RIGHT_SIDE,432,540,447,558
1277108163Image000001.jpg,11,11,PASS_RIGHT_SIDE,459,557,470,568
1277108163Image000006.jpg,46,45,NO_STOPPING_NO_STANDING,759,467,805,512
1277108163Image000006.jpg,38,39,PRIORITY_ROAD,763,511,801,550
1277108163Image000006.jpg,43,42,PEDESTRIAN_CROSSING,11,508,54,550
1277108163Image000006.jpg,15,16,PEDESTRIAN_CROSSING,565,544,580,560
1277108163Image000006.jpg,11,12,PEDESTRIAN_CROSSING,557,563,568,575
1277108163Image000006.jpg,11,11,PEDESTRIAN_CROSSING,396,569,407,580
1277108163Image000006.jpg,16,16,PASS_RIGHT_SIDE,445,555,461,571
1277108163Image000006.jpg,12,12,PASS_RIGHT_SIDE,473,572,485,584
1277108163Image000006.jpg,46,45,NO_STOPPING_NO_STANDING,759,467,805,512
1277108163Image000006.jpg,38,39,PRIORITY_ROAD,763,511,801,550
1277108163Image000006.jpg,43,42,PEDESTRIAN_CROSSING,11,508,54,550
1277108163Image000006.jpg,15,16,PEDESTRIAN_CROSSING,565,544,580,560
1277108163Image000006.jpg,11,12,PEDESTRIAN_CROSSING,557,563,568,575
1277108163Image000006.jpg,11,11,PEDESTRIAN_CROSSING,396,569,407,580
1277108163Image000006.jpg,16,16,PASS_RIGHT_SIDE,445,555,461,571
1277108163Image000006.jpg,12,12,PASS_RIGHT_SIDE,473,572,485,584
1277108163Image000006.jpg,46,45,NO_STOPPING_NO_STANDING,759,467,805,512
1277108163Image000006.jpg,38,39,PRIORITY_ROAD,763,511,801,550
1277108163Image000006.jpg,43,42,PEDESTRIAN_CROSSING,11,508,54,550
1277108163Image000006.jpg,15,16,PEDESTRIAN_CROSSING,565,544,580,560
1277108163Image000006.jpg,11,12,PEDESTRIAN_CROSSING,557,563,568,575
1277108163Image000006.jpg,11,11,PEDESTRIAN_CROSSING,396,569,407,580
1277108163Image000006.jpg,16,16,PASS_RIGHT_SIDE,445,555,461,571
1277108163Image000006.jpg,12,12,PASS_RIGHT_SIDE,473,572,485,584
1277108163Image000006.jpg,46,45,NO_STOPPING_NO_STANDING,759,467,805,512
1277108163Image000006.jpg,38,39,PRIORITY_ROAD,763,511,801,550
1277108163Image000006.jpg,43,42,PEDESTRIAN_CROSSING,11,508,54,550
1277108163Image000006.jpg,15,16,PEDESTRIAN_CROSSING,565,544,580,560
1277108163Image000006.jpg,11,12,PEDESTRIAN_CROSSING,557,563,568,575
1277108163Image000006.jpg,11,11,PEDESTRIAN_CROSSING,396,569,407,580
1277108163Image000006.jpg,16,16,PASS_RIGHT_SIDE,445,555,461,571
1277108163Image000006.jpg,12,12,PASS_RIGHT_SIDE,473,572,485,584
1277108163Image000006.jpg,46,45,NO_STOPPING_NO_STANDING,759,467,805,512
1277108163Image000006.jpg,38,39,PRIORITY_ROAD,763,511,801,550
1277108163Image000006.jpg,43,42,PEDESTRIAN_CROSSING,11,508,54,550
1277108163Image000006.jpg,15,16,PEDESTRIAN_CROSSING,565,544,580,560
1277108163Image000006.jpg,11,12,PEDESTRIAN_CROSSING,557,563,568,575
1277108163Image000006.jpg,11,11,PEDESTRIAN_CROSSING,396,569,407,580
1277108163Image000006.jpg,16,16,PASS_RIGHT_SIDE,445,555,461,571
1277108163Image000006.jpg,12,12,PASS_RIGHT_SIDE,473,572,485,584
1277108163Image000006.jpg,46,45,NO_STOPPING_NO_STANDING,759,467,805,512
1277108163Image000006.jpg,38,39,PRIORITY_ROAD,763,511,801,550
1277108163Image000006.jpg,43,42,PEDESTRIAN_CROSSING,11,508,54,550
1277108163Image000006.jpg,15,16,PEDESTRIAN_CROSSING,565,544,580,560
1277108163Image000006.jpg,11,12,PEDESTRIAN_CROSSING,557,563,568,575
1277108163Image000006.jpg,11,11,PEDESTRIAN_CROSSING,396,569,407,580
1277108163Image000006.jpg,16,16,PASS_RIGHT_SIDE,445,555,461,571
1277108163Image000006.jpg,12,12,PASS_RIGHT_SIDE,473,572,485,584
1277108163Image000006.jpg,46,45,NO_STOPPING_NO_STANDING,759,467,805,512
1277108163Image000006.jpg,38,39,PRIORITY_ROAD,763,511,801,550
1277108163Image000006.jpg,43,42,PEDESTRIAN_CROSSING,11,508,54,550
1277108163Image000006.jpg,15,16,PEDESTRIAN_CROSSING,565,544,580,560
1277108163Image000006.jpg,11,12,PEDESTRIAN_CROSSING,557,563,568,575
1277108163Image000006.jpg,11,11,PEDESTRIAN_CROSSING,396,569,407,580
1277108163Image000006.jpg,16,16,PASS_RIGHT_SIDE,445,555,461,571
1277108163Image000006.jpg,12,12,PASS_RIGHT_SIDE,473,572,485,584
1277108163Image000006.jpg,46,45,NO_STOPPING_NO_STANDING,759,467,805,512
1277108163Image000006.jpg,38,39,PRIORITY_ROAD,763,511,801,550
1277108163Image000006.jpg,43,42,PEDESTRIAN_CROSSING,11,508,54,550
1277108163Image000006.jpg,15,16,PEDESTRIAN_CROSSING,565,544,580,560
1277108163Image000006.jpg,11,12,PEDESTRIAN_CROSSING,557,563,568,575
1277108163Image000006.jpg,11,11,PEDESTRIAN_CROSSING,396,569,407,580
1277108163Image000006.jpg,16,16,PASS_RIGHT_SIDE,445,555,461,571
1277108163Image000006.jpg,12,12,PASS_RIGHT_SIDE,473,572,485,584
1277108163Image000006.jpg,46,45,NO_STOPPING_NO_STANDING,759,467,805,512
1277108163Image000006.jpg,38,39,PRIORITY_ROAD,763,511,801,550
1277108163Image000006.jpg,43,42,PEDESTRIAN_CROSSING,11,508,54,550
1277108163Image000006.jpg,15,16,PEDESTRIAN_CROSSING,565,544,580,560
1277108163Image000006.jpg,11,12,PEDESTRIAN_CROSSING,557,563,568,575
1277108163Image000006.jpg,11,11,PEDESTRIAN_CROSSING,396,569,407,580
1277108163Image000006.jpg,16,16,PASS_RIGHT_SIDE,445,555,461,571
1277108163Image000006.jpg,12,12,PASS_RIGHT_SIDE,473,572,485,584
1277108163Image000011.jpg,62,65,NO_STOPPING_NO_STANDING,922,415,984,480
1277108163Image000011.jpg,53,54,PRIORITY_ROAD,929,481,982,535
1277108163Image000011.jpg,18,17,PEDESTRIAN_CROSSING,609,529,627,546
1277108163Image000011.jpg,11,13,PEDESTRIAN_CROSSING,599,549,610,562
1277108163Image000011.jpg,10,10,PEDESTRIAN_CROSSING,424,552,434,562
1277108163Image000011.jpg,17,18,PASS_RIGHT_SIDE,476,537,493,555
1277108163Image000011.jpg,12,12,PASS_RIGHT_SIDE,506,558,518,570
1277108163Image000011.jpg,62,65,NO_STOPPING_NO_STANDING,922,415,984,480
1277108163Image000011.jpg,53,54,PRIORITY_ROAD,929,481,982,535
1277108163Image000011.jpg,18,17,PEDESTRIAN_CROSSING,609,529,627,546
1277108163Image000011.jpg,11,13,PEDESTRIAN_CROSSING,599,549,610,562
1277108163Image000011.jpg,10,10,PEDESTRIAN_CROSSING,424,552,434,562
1277108163Image000011.jpg,17,18,PASS_RIGHT_SIDE,476,537,493,555
1277108163Image000011.jpg,12,12,PASS_RIGHT_SIDE,506,558,518,570
1277108163Image000011.jpg,62,65,NO_STOPPING_NO_STANDING,922,415,984,480
1277108163Image000011.jpg,53,54,PRIORITY_ROAD,929,481,982,535
1277108163Image000011.jpg,18,17,PEDESTRIAN_CROSSING,609,529,627,546
1277108163Image000011.jpg,11,13,PEDESTRIAN_CROSSING,599,549,610,562
1277108163Image000011.jpg,10,10,PEDESTRIAN_CROSSING,424,552,434,562
1277108163Image000011.jpg,17,18,PASS_RIGHT_SIDE,476,537,493,555
1277108163Image000011.jpg,12,12,PASS_RIGHT_SIDE,506,558,518,570
1277108163Image000011.jpg,62,65,NO_STOPPING_NO_STANDING,922,415,984,480
1277108163Image000011.jpg,53,54,PRIORITY_ROAD,929,481,982,535
1277108163Image000011.jpg,18,17,PEDESTRIAN_CROSSING,609,529,627,546
1277108163Image000011.jpg,11,13,PEDESTRIAN_CROSSING,599,549,610,562
1277108163Image000011.jpg,10,10,PEDESTRIAN_CROSSING,424,552,434,562
1277108163Image000011.jpg,17,18,PASS_RIGHT_SIDE,476,537,493,555
1277108163Image000011.jpg,12,12,PASS_RIGHT_SIDE,506,558,518,570
1277108163Image000011.jpg,62,65,NO_STOPPING_NO_STANDING,922,415,984,480
1277108163Image000011.jpg,53,54,PRIORITY_ROAD,929,481,982,535
1277108163Image000011.jpg,18,17,PEDESTRIAN_CROSSING,609,529,627,546
1277108163Image000011.jpg,11,13,PEDESTRIAN_CROSSING,599,549,610,562
1277108163Image000011.jpg,10,10,PEDESTRIAN_CROSSING,424,552,434,562
1277108163Image000011.jpg,17,18,PASS_RIGHT_SIDE,476,537,493,555
1277108163Image000011.jpg,12,12,PASS_RIGHT_SIDE,506,558,518,570
1277108163Image000011.jpg,62,65,NO_STOPPING_NO_STANDING,922,415,984,480
1277108163Image000011.jpg,53,54,PRIORITY_ROAD,929,481,982,535
1277108163Image000011.jpg,18,17,PEDESTRIAN_CROSSING,609,529,627,546
1277108163Image000011.jpg,11,13,PEDESTRIAN_CROSSING,599,549,610,562
1277108163Image000011.jpg,10,10,PEDESTRIAN_CROSSING,424,552,434,562
1277108163Image000011.jpg,17,18,PASS_RIGHT_SIDE,476,537,493,555
1277108163Image000011.jpg,12,12,PASS_RIGHT_SIDE,506,558,518,570
1277108163Image000011.jpg,62,65,NO_STOPPING_NO_STANDING,922,415,984,480
1277108163Image000011.jpg,53,54,PRIORITY_ROAD,929,481,982,535
1277108163Image000011.jpg,18,17,PEDESTRIAN_CROSSING,609,529,627,546
1277108163Image000011.jpg,11,13,PEDESTRIAN_CROSSING,599,549,610,562
1277108163Image000011.jpg,10,10,PEDESTRIAN_CROSSING,424,552,434,562
1277108163Image000011.jpg,17,18,PASS_RIGHT_SIDE,476,537,493,555
1277108163Image000011.jpg,12,12,PASS_RIGHT_SIDE,506,558,518,570
1277108163Image000011.jpg,62,65,NO_STOPPING_NO_STANDING,922,415,984,480
1277108163Image000011.jpg,53,54,PRIORITY_ROAD,929,481,982,535
1277108163Image000011.jpg,18,17,PEDESTRIAN_CROSSING,609,529,627,546
1277108163Image000011.jpg,11,13,PEDESTRIAN_CROSSING,599,549,610,562
1277108163Image000011.jpg,10,10,PEDESTRIAN_CROSSING,424,552,434,562
1277108163Image000011.jpg,17,18,PASS_RIGHT_SIDE,476,537,493,555
1277108163Image000011.jpg,12,12,PASS_RIGHT_SIDE,506,558,518,570
1277108163Image000016.jpg,73,75,NO_STOPPING_NO_STANDING,1011,380,1084,455
1277108163Image000016.jpg,65,64,PRIORITY_ROAD,1017,457,1082,521
1277108163Image000016.jpg,19,20,PEDESTRIAN_CROSSING,618,521,637,541
1277108163Image000016.jpg,12,13,PEDESTRIAN_CROSSING,606,544,618,557
1277108163Image000016.jpg,11,11,PEDESTRIAN_CROSSING,426,547,437,558
1277108163Image000016.jpg,18,18,PASS_RIGHT_SIDE,480,533,498,551
1277108163Image000016.jpg,14,13,PASS_RIGHT_SIDE,510,554,524,567
1277108163Image000016.jpg,73,75,NO_STOPPING_NO_STANDING,1011,380,1084,455
1277108163Image000016.jpg,65,64,PRIORITY_ROAD,1017,457,1082,521
1277108163Image000016.jpg,19,20,PEDESTRIAN_CROSSING,618,521,637,541
1277108163Image000016.jpg,12,13,PEDESTRIAN_CROSSING,606,544,618,557
1277108163Image000016.jpg,11,11,PEDESTRIAN_CROSSING,426,547,437,558
1277108163Image000016.jpg,18,18,PASS_RIGHT_SIDE,480,533,498,551
1277108163Image000016.jpg,14,13,PASS_RIGHT_SIDE,510,554,524,567
1277108163Image000016.jpg,73,75,NO_STOPPING_NO_STANDING,1011,380,1084,455
1277108163Image000016.jpg,65,64,PRIORITY_ROAD,1017,457,1082,521
1277108163Image000016.jpg,19,20,PEDESTRIAN_CROSSING,618,521,637,541
1277108163Image000016.jpg,12,13,PEDESTRIAN_CROSSING,606,544,618,557
1277108163Image000016.jpg,11,11,PEDESTRIAN_CROSSING,426,547,437,558
1277108163Image000016.jpg,18,18,PASS_RIGHT_SIDE,480,533,498,551
1277108163Image000016.jpg,14,13,PASS_RIGHT_SIDE,510,554,524,567
1277108163Image000016.jpg,73,75,NO_STOPPING_NO_STANDING,1011,380,1084,455
1277108163Image000016.jpg,65,64,PRIORITY_ROAD,1017,457,1082,521
1277108163Image000016.jpg,19,20,PEDESTRIAN_CROSSING,618,521,637,541
1277108163Image000016.jpg,12,13,PEDESTRIAN_CROSSING,606,544,618,557
1277108163Image000016.jpg,11,11,PEDESTRIAN_CROSSING,426,547,437,558
1277108163Image000016.jpg,18,18,PASS_RIGHT_SIDE,480,533,498,551
1277108163Image000016.jpg,14,13,PASS_RIGHT_SIDE,510,554,524,567
1277108163Image000016.jpg,73,75,NO_STOPPING_NO_STANDING,1011,380,1084,455
1277108163Image000016.jpg,65,64,PRIORITY_ROAD,1017,457,1082,521
1277108163Image000016.jpg,19,20,PEDESTRIAN_CROSSING,618,521,637,541
1277108163Image000016.jpg,12,13,PEDESTRIAN_CROSSING,606,544,618,557
1277108163Image000016.jpg,11,11,PEDESTRIAN_CROSSING,426,547,437,558
1277108163Image000016.jpg,18,18,PASS_RIGHT_SIDE,480,533,498,551
1277108163Image000016.jpg,14,13,PASS_RIGHT_SIDE,510,554,524,567
1277108163Image000016.jpg,73,75,NO_STOPPING_NO_STANDING,1011,380,1084,455
1277108163Image000016.jpg,65,64,PRIORITY_ROAD,1017,457,1082,521
1277108163Image000016.jpg,19,20,PEDESTRIAN_CROSSING,618,521,637,541
1277108163Image000016.jpg,12,13,PEDESTRIAN_CROSSING,606,544,618,557
1277108163Image000016.jpg,11,11,PEDESTRIAN_CROSSING,426,547,437,558
1277108163Image000016.jpg,18,18,PASS_RIGHT_SIDE,480,533,498,551
1277108163Image000016.jpg,14,13,PASS_RIGHT_SIDE,510,554,524,567
1277108163Image000016.jpg,73,75,NO_STOPPING_NO_STANDING,1011,380,1084,455
1277108163Image000016.jpg,65,64,PRIORITY_ROAD,1017,457,1082,521
1277108163Image000016.jpg,19,20,PEDESTRIAN_CROSSING,618,521,637,541
1277108163Image000016.jpg,12,13,PEDESTRIAN_CROSSING,606,544,618,557
1277108163Image000016.jpg,11,11,PEDESTRIAN_CROSSING,426,547,437,558
1277108163Image000016.jpg,18,18,PASS_RIGHT_SIDE,480,533,498,551
1277108163Image000016.jpg,14,13,PASS_RIGHT_SIDE,510,554,524,567
1277108163Image000016.jpg,73,75,NO_STOPPING_NO_STANDING,1011,380,1084,455
1277108163Image000016.jpg,65,64,PRIORITY_ROAD,1017,457,1082,521
1277108163Image000016.jpg,19,20,PEDESTRIAN_CROSSING,618,521,637,541
1277108163Image000016.jpg,12,13,PEDESTRIAN_CROSSING,606,544,618,557
1277108163Image000016.jpg,11,11,PEDESTRIAN_CROSSING,426,547,437,558
1277108163Image000016.jpg,18,18,PASS_RIGHT_SIDE,480,533,498,551
1277108163Image000016.jpg,14,13,PASS_RIGHT_SIDE,510,554,524,567
1277108163Image000021.jpg,50,108,NO_STOPPING_NO_STANDING,1228,272,1278,380
1277108163Image000021.jpg,48,82,PRIORITY_ROAD,1232,384,1280,466
1277108163Image000021.jpg,20,20,PEDESTRIAN_CROSSING,625,508,645,528
1277108163Image000021.jpg,14,13,PEDESTRIAN_CROSSING,608,533,622,546
1277108163Image000021.jpg,14,11,PEDESTRIAN_CROSSING,419,540,433,551
1277108163Image000021.jpg,20,21,PASS_RIGHT_SIDE,475,520,495,541
1277108163Image000021.jpg,13,13,PASS_RIGHT_SIDE,508,544,521,557
1277108163Image000021.jpg,50,108,NO_STOPPING_NO_STANDING,1228,272,1278,380
1277108163Image000021.jpg,48,82,PRIORITY_ROAD,1232,384,1280,466
1277108163Image000021.jpg,20,20,PEDESTRIAN_CROSSING,625,508,645,528
1277108163Image000021.jpg,14,13,PEDESTRIAN_CROSSING,608,533,622,546
1277108163Image000021.jpg,14,11,PEDESTRIAN_CROSSING,419,540,433,551
1277108163Image000021.jpg,20,21,PASS_RIGHT_SIDE,475,520,495,541
1277108163Image000021.jpg,13,13,PASS_RIGHT_SIDE,508,544,521,557
1277108163Image000021.jpg,50,108,NO_STOPPING_NO_STANDING,1228,272,1278,380
1277108163Image000021.jpg,48,82,PRIORITY_ROAD,1232,384,1280,466
1277108163Image000021.jpg,20,20,PEDESTRIAN_CROSSING,625,508,645,528
1277108163Image000021.jpg,14,13,PEDESTRIAN_CROSSING,608,533,622,546
1277108163Image000021.jpg,14,11,PEDESTRIAN_CROSSING,419,540,433,551
1277108163Image000021.jpg,20,21,PASS_RIGHT_SIDE,475,520,495,541
1277108163Image000021.jpg,13,13,PASS_RIGHT_SIDE,508,544,521,557
1277108163Image000021.jpg,50,108,NO_STOPPING_NO_STANDING,1228,272,1278,380
1277108163Image000021.jpg,48,82,PRIORITY_ROAD,1232,384,1280,466
1277108163Image000021.jpg,20,20,PEDESTRIAN_CROSSING,625,508,645,528
1277108163Image000021.jpg,14,13,PEDESTRIAN_CROSSING,608,533,622,546
1277108163Image000021.jpg,14,11,PEDESTRIAN_CROSSING,419,540,433,551
1277108163Image000021.jpg,20,21,PASS_RIGHT_SIDE,475,520,495,541
1277108163Image000021.jpg,13,13,PASS_RIGHT_SIDE,508,544,521,557
1277108163Image000021.jpg,50,108,NO_STOPPING_NO_STANDING,1228,272,1278,380
1277108163Image000021.jpg,48,82,PRIORITY_ROAD,1232,384,1280,466
1277108163Image000021.jpg,20,20,PEDESTRIAN_CROSSING,625,508,645,528
1277108163Image000021.jpg,14,13,PEDESTRIAN_CROSSING,608,533,622,546
1277108163Image000021.jpg,14,11,PEDESTRIAN_CROSSING,419,540,433,551
1277108163Image000021.jpg,20,21,PASS_RIGHT_SIDE,475,520,495,541
1277108163Image000021.jpg,13,13,PASS_RIGHT_SIDE,508,544,521,557
1277108163Image000021.jpg,50,108,NO_STOPPING_NO_STANDING,1228,272,1278,380
1277108163Image000021.jpg,48,82,PRIORITY_ROAD,1232,384,1280,466
1277108163Image000021.jpg,20,20,PEDESTRIAN_CROSSING,625,508,645,528
1277108163Image000021.jpg,14,13,PEDESTRIAN_CROSSING,608,533,622,546
1277108163Image000021.jpg,14,11,PEDESTRIAN_CROSSING,419,540,433,551
1277108163Image000021.jpg,20,21,PASS_RIGHT_SIDE,475,520,495,541
1277108163Image000021.jpg,13,13,PASS_RIGHT_SIDE,508,544,521,557
1277108163Image000021.jpg,50,108,NO_STOPPING_NO_STANDING,1228,272,1278,380
1277108163Image000021.jpg,48,82,PRIORITY_ROAD,1232,384,1280,466
1277108163Image000021.jpg,20,20,PEDESTRIAN_CROSSING,625,508,645,528
1277108163Image000021.jpg,14,13,PEDESTRIAN_CROSSING,608,533,622,546
1277108163Image000021.jpg,14,11,PEDESTRIAN_CROSSING,419,540,433,551
1277108163Image000021.jpg,20,21,PASS_RIGHT_SIDE,475,520,495,541
1277108163Image000021.jpg,13,13,PASS_RIGHT_SIDE,508,544,521,557
1277108163Image000021.jpg,50,108,NO_STOPPING_NO_STANDING,1228,272,1278,380
1277108163Image000021.jpg,48,82,PRIORITY_ROAD,1232,384,1280,466
1277108163Image000021.jpg,20,20,PEDESTRIAN_CROSSING,625,508,645,528
1277108163Image000021.jpg,14,13,PEDESTRIAN_CROSSING,608,533,622,546
1277108163Image000021.jpg,14,11,PEDESTRIAN_CROSSING,419,540,433,551
1277108163Image000021.jpg,20,21,PASS_RIGHT_SIDE,475,520,495,541
1277108163Image000021.jpg,13,13,PASS_RIGHT_SIDE,508,544,521,557
1277108163Image000026.jpg,22,23,PEDESTRIAN_CROSSING,629,529,651,552
1277108163Image000026.jpg,13,14,PEDESTRIAN_CROSSING,607,559,620,573
1277108163Image000026.jpg,14,11,PEDESTRIAN_CROSSING,403,570,417,581
1277108163Image000026.jpg,23,25,PASS_RIGHT_SIDE,461,544,484,569
1277108163Image000026.jpg,15,14,PASS_RIGHT_SIDE,499,572,514,586
1277108163Image000026.jpg,22,23,PEDESTRIAN_CROSSING,629,529,651,552
1277108163Image000026.jpg,13,14,PEDESTRIAN_CROSSING,607,559,620,573
1277108163Image000026.jpg,14,11,PEDESTRIAN_CROSSING,403,570,417,581
1277108163Image000026.jpg,23,25,PASS_RIGHT_SIDE,461,544,484,569
1277108163Image000026.jpg,15,14,PASS_RIGHT_SIDE,499,572,514,586
1277108163Image000026.jpg,22,23,PEDESTRIAN_CROSSING,629,529,651,552
1277108163Image000026.jpg,13,14,PEDESTRIAN_CROSSING,607,559,620,573
1277108163Image000026.jpg,14,11,PEDESTRIAN_CROSSING,403,570,417,581
1277108163Image000026.jpg,23,25,PASS_RIGHT_SIDE,461,544,484,569
1277108163Image000026.jpg,15,14,PASS_RIGHT_SIDE,499,572,514,586
1277108163Image000026.jpg,22,23,PEDESTRIAN_CROSSING,629,529,651,552
1277108163Image000026.jpg,13,14,PEDESTRIAN_CROSSING,607,559,620,573
1277108163Image000026.jpg,14,11,PEDESTRIAN_CROSSING,403,570,417,581
1277108163Image000026.jpg,23,25,PASS_RIGHT_SIDE,461,544,484,569
1277108163Image000026.jpg,15,14,PASS_RIGHT_SIDE,499,572,514,586
1277108163Image000026.jpg,22,23,PEDESTRIAN_CROSSING,629,529,651,552
1277108163Image000026.jpg,13,14,PEDESTRIAN_CROSSING,607,559,620,573
1277108163Image000026.jpg,14,11,PEDESTRIAN_CROSSING,403,570,417,581
1277108163Image000026.jpg,23,25,PASS_RIGHT_SIDE,461,544,484,569
1277108163Image000026.jpg,15,14,PASS_RIGHT_SIDE,499,572,514,586
1277108163Image000026.jpg,22,23,PEDESTRIAN_CROSSING,629,529,651,552
1277108163Image000026.jpg,13,14,PEDESTRIAN_CROSSING,607,559,620,573
1277108163Image000026.jpg,14,11,PEDESTRIAN_CROSSING,403,570,417,581
1277108163Image000026.jpg,23,25,PASS_RIGHT_SIDE,461,544,484,569
1277108163Image000026.jpg,15,14,PASS_RIGHT_SIDE,499,572,514,586
1277108163Image000031.jpg,26,25,PEDESTRIAN_CROSSING,630,504,656,529
1277108163Image000031.jpg,14,16,PEDESTRIAN_CROSSING,598,540,612,556
1277108163Image000031.jpg,13,12,PEDESTRIAN_CROSSING,379,550,392,562
1277108163Image000031.jpg,27,28,PASS_RIGHT_SIDE,439,521,466,549
1277108163Image000031.jpg,15,16,PASS_RIGHT_SIDE,482,552,497,568
1277108163Image000031.jpg,26,25,PEDESTRIAN_CROSSING,630,504,656,529
1277108163Image000031.jpg,14,16,PEDESTRIAN_CROSSING,598,540,612,556
1277108163Image000031.jpg,13,12,PEDESTRIAN_CROSSING,379,550,392,562
1277108163Image000031.jpg,27,28,PASS_RIGHT_SIDE,439,521,466,549
1277108163Image000031.jpg,15,16,PASS_RIGHT_SIDE,482,552,497,568
1277108163Image000031.jpg,26,25,PEDESTRIAN_CROSSING,630,504,656,529
1277108163Image000031.jpg,14,16,PEDESTRIAN_CROSSING,598,540,612,556
1277108163Image000031.jpg,13,12,PEDESTRIAN_CROSSING,379,550,392,562
1277108163Image000031.jpg,27,28,PASS_RIGHT_SIDE,439,521,466,549
1277108163Image000031.jpg,15,16,PASS_RIGHT_SIDE,482,552,497,568
1277108163Image000031.jpg,26,25,PEDESTRIAN_CROSSING,630,504,656,529
1277108163Image000031.jpg,14,16,PEDESTRIAN_CROSSING,598,540,612,556
1277108163Image000031.jpg,13,12,PEDESTRIAN_CROSSING,379,550,392,562
1277108163Image000031.jpg,27,28,PASS_RIGHT_SIDE,439,521,466,549
1277108163Image000031.jpg,15,16,PASS_RIGHT_SIDE,482,552,497,568
1277108163Image000031.jpg,26,25,PEDESTRIAN_CROSSING,630,504,656,529
1277108163Image000031.jpg,14,16,PEDESTRIAN_CROSSING,598,540,612,556
1277108163Image000031.jpg,13,12,PEDESTRIAN_CROSSING,379,550,392,562
1277108163Image000031.jpg,27,28,PASS_RIGHT_SIDE,439,521,466,549
1277108163Image000031.jpg,15,16,PASS_RIGHT_SIDE,482,552,497,568
1277108163Image000031.jpg,26,25,PEDESTRIAN_CROSSING,630,504,656,529
1277108163Image000031.jpg,14,16,PEDESTRIAN_CROSSING,598,540,612,556
1277108163Image000031.jpg,13,12,PEDESTRIAN_CROSSING,379,550,392,562
1277108163Image000031.jpg,27,28,PASS_RIGHT_SIDE,439,521,466,549
1277108163Image000031.jpg,15,16,PASS_RIGHT_SIDE,482,552,497,568
1277108163Image000041.jpg,27,28,PEDESTRIAN_CROSSING,612,491,639,519
1277108163Image000041.jpg,16,17,PEDESTRIAN_CROSSING,568,535,584,552
1277108163Image000041.jpg,14,15,PEDESTRIAN_CROSSING,329,545,343,560
1277108163Image000041.jpg,26,29,PASS_RIGHT_SIDE,390,512,416,541
1277108163Image000041.jpg,16,17,PASS_RIGHT_SIDE,440,549,456,566
1277108163Image000041.jpg,27,28,PEDESTRIAN_CROSSING,612,491,639,519
1277108163Image000041.jpg,16,17,PEDESTRIAN_CROSSING,568,535,584,552
1277108163Image000041.jpg,14,15,PEDESTRIAN_CROSSING,329,545,343,560
1277108163Image000041.jpg,26,29,PASS_RIGHT_SIDE,390,512,416,541
1277108163Image000041.jpg,16,17,PASS_RIGHT_SIDE,440,549,456,566
1277108163Image000041.jpg,27,28,PEDESTRIAN_CROSSING,612,491,639,519
1277108163Image000041.jpg,16,17,PEDESTRIAN_CROSSING,568,535,584,552
1277108163Image000041.jpg,14,15,PEDESTRIAN_CROSSING,329,545,343,560
1277108163Image000041.jpg,26,29,PASS_RIGHT_SIDE,390,512,416,541
1277108163Image000041.jpg,16,17,PASS_RIGHT_SIDE,440,549,456,566
1277108163Image000041.jpg,27,28,PEDESTRIAN_CROSSING,612,491,639,519
1277108163Image000041.jpg,16,17,PEDESTRIAN_CROSSING,568,535,584,552
1277108163Image000041.jpg,14,15,PEDESTRIAN_CROSSING,329,545,343,560
1277108163Image000041.jpg,26,29,PASS_RIGHT_SIDE,390,512,416,541
1277108163Image000041.jpg,16,17,PASS_RIGHT_SIDE,440,549,456,566
1277108163Image000041.jpg,27,28,PEDESTRIAN_CROSSING,612,491,639,519
1277108163Image000041.jpg,16,17,PEDESTRIAN_CROSSING,568,535,584,552
1277108163Image000041.jpg,14,15,PEDESTRIAN_CROSSING,329,545,343,560
1277108163Image000041.jpg,26,29,PASS_RIGHT_SIDE,390,512,416,541
1277108163Image000041.jpg,16,17,PASS_RIGHT_SIDE,440,549,456,566
1277108163Image000041.jpg,27,28,PEDESTRIAN_CROSSING,612,491,639,519
1277108163Image000041.jpg,16,17,PEDESTRIAN_CROSSING,568,535,584,552
1277108163Image000041.jpg,14,15,PEDESTRIAN_CROSSING,329,545,343,560
1277108163Image000041.jpg,26,29,PASS_RIGHT_SIDE,390,512,416,541
1277108163Image000041.jpg,16,17,PASS_RIGHT_SIDE,440,549,456,566
1277108163Image000046.jpg,30,32,PEDESTRIAN_CROSSING,616,481,646,513
1277108163Image000046.jpg,17,17,PEDESTRIAN_CROSSING,564,532,581,549
1277108163Image000046.jpg,15,15,PEDESTRIAN_CROSSING,313,542,328,557
1277108163Image000046.jpg,32,32,PASS_RIGHT_SIDE,371,505,403,537
1277108163Image000046.jpg,16,19,PASS_RIGHT_SIDE,431,546,447,565
1277108163Image000046.jpg,30,32,PEDESTRIAN_CROSSING,616,481,646,513
1277108163Image000046.jpg,17,17,PEDESTRIAN_CROSSING,564,532,581,549
1277108163Image000046.jpg,15,15,PEDESTRIAN_CROSSING,313,542,328,557
1277108163Image000046.jpg,32,32,PASS_RIGHT_SIDE,371,505,403,537
1277108163Image000046.jpg,16,19,PASS_RIGHT_SIDE,431,546,447,565
1277108163Image000046.jpg,30,32,PEDESTRIAN_CROSSING,616,481,646,513
1277108163Image000046.jpg,17,17,PEDESTRIAN_CROSSING,564,532,581,549
1277108163Image000046.jpg,15,15,PEDESTRIAN_CROSSING,313,542,328,557
1277108163Image000046.jpg,32,32,PASS_RIGHT_SIDE,371,505,403,537
1277108163Image000046.jpg,16,19,PASS_RIGHT_SIDE,431,546,447,565
1277108163Image000046.jpg,30,32,PEDESTRIAN_CROSSING,616,481,646,513
1277108163Image000046.jpg,17,17,PEDESTRIAN_CROSSING,564,532,581,549
1277108163Image000046.jpg,15,15,PEDESTRIAN_CROSSING,313,542,328,557
1277108163Image000046.jpg,32,32,PASS_RIGHT_SIDE,371,505,403,537
1277108163Image000046.jpg,16,19,PASS_RIGHT_SIDE,431,546,447,565
1277108163Image000046.jpg,30,32,PEDESTRIAN_CROSSING,616,481,646,513
1277108163Image000046.jpg,17,17,PEDESTRIAN_CROSSING,564,532,581,549
1277108163Image000046.jpg,15,15,PEDESTRIAN_CROSSING,313,542,328,557
1277108163Image000046.jpg,32,32,PASS_RIGHT_SIDE,371,505,403,537
1277108163Image000046.jpg,16,19,PASS_RIGHT_SIDE,431,546,447,565
1277108163Image000046.jpg,30,32,PEDESTRIAN_CROSSING,616,481,646,513
1277108163Image000046.jpg,17,17,PEDESTRIAN_CROSSING,564,532,581,549
1277108163Image000046.jpg,15,15,PEDESTRIAN_CROSSING,313,542,328,557
1277108163Image000046.jpg,32,32,PASS_RIGHT_SIDE,371,505,403,537
1277108163Image000046.jpg,16,19,PASS_RIGHT_SIDE,431,546,447,565
1277108163Image000051.jpg,34,34,PEDESTRIAN_CROSSING,626,472,660,506
1277108163Image000051.jpg,16,18,PEDESTRIAN_CROSSING,566,530,582,548
1277108163Image000051.jpg,14,14,PEDESTRIAN_CROSSING,301,542,315,556
1277108163Image000051.jpg,35,37,PASS_RIGHT_SIDE,355,496,390,533
1277108163Image000051.jpg,18,18,PASS_RIGHT_SIDE,424,546,442,564
1277108163Image000051.jpg,34,34,PEDESTRIAN_CROSSING,626,472,660,506
1277108163Image000051.jpg,16,18,PEDESTRIAN_CROSSING,566,530,582,548
1277108163Image000051.jpg,14,14,PEDESTRIAN_CROSSING,301,542,315,556
1277108163Image000051.jpg,35,37,PASS_RIGHT_SIDE,355,496,390,533
1277108163Image000051.jpg,18,18,PASS_RIGHT_SIDE,424,546,442,564
1277108163Image000051.jpg,34,34,PEDESTRIAN_CROSSING,626,472,660,506
1277108163Image000051.jpg,16,18,PEDESTRIAN_CROSSING,566,530,582,548
1277108163Image000051.jpg,14,14,PEDESTRIAN_CROSSING,301,542,315,556
1277108163Image000051.jpg,35,37,PASS_RIGHT_SIDE,355,496,390,533
1277108163Image000051.jpg,18,18,PASS_RIGHT_SIDE,424,546,442,564
1277108163Image000051.jpg,34,34,PEDESTRIAN_CROSSING,626,472,660,506
1277108163Image000051.jpg,16,18,PEDESTRIAN_CROSSING,566,530,582,548
1277108163Image000051.jpg,14,14,PEDESTRIAN_CROSSING,301,542,315,556
1277108163Image000051.jpg,35,37,PASS_RIGHT_SIDE,355,496,390,533
1277108163Image000051.jpg,18,18,PASS_RIGHT_SIDE,424,546,442,564
1277108163Image000051.jpg,34,34,PEDESTRIAN_CROSSING,626,472,660,506
1277108163Image000051.jpg,16,18,PEDESTRIAN_CROSSING,566,530,582,548
1277108163Image000051.jpg,14,14,PEDESTRIAN_CROSSING,301,542,315,556
1277108163Image000051.jpg,35,37,PASS_RIGHT_SIDE,355,496,390,533
1277108163Image000051.jpg,18,18,PASS_RIGHT_SIDE,424,546,442,564
1277108163Image000051.jpg,34,34,PEDESTRIAN_CROSSING,626,472,660,506
1277108163Image000051.jpg,16,18,PEDESTRIAN_CROSSING,566,530,582,548
1277108163Image000051.jpg,14,14,PEDESTRIAN_CROSSING,301,542,315,556
1277108163Image000051.jpg,35,37,PASS_RIGHT_SIDE,355,496,390,533
1277108163Image000051.jpg,18,18,PASS_RIGHT_SIDE,424,546,442,564
1277108163Image000056.jpg,38,39,PEDESTRIAN_CROSSING,643,462,681,501
1277108163Image000056.jpg,18,20,PEDESTRIAN_CROSSING,567,531,585,551
1277108163Image000056.jpg,15,17,PEDESTRIAN_CROSSING,287,542,302,559
1277108163Image000056.jpg,40,41,PASS_RIGHT_SIDE,332,490,372,531
1277108163Image000056.jpg,21,21,PASS_RIGHT_SIDE,416,546,437,567
1277108163Image000056.jpg,38,39,PEDESTRIAN_CROSSING,643,462,681,501
1277108163Image000056.jpg,18,20,PEDESTRIAN_CROSSING,567,531,585,551
1277108163Image000056.jpg,15,17,PEDESTRIAN_CROSSING,287,542,302,559
1277108163Image000056.jpg,40,41,PASS_RIGHT_SIDE,332,490,372,531
1277108163Image000056.jpg,21,21,PASS_RIGHT_SIDE,416,546,437,567
1277108163Image000056.jpg,38,39,PEDESTRIAN_CROSSING,643,462,681,501
1277108163Image000056.jpg,18,20,PEDESTRIAN_CROSSING,567,531,585,551
1277108163Image000056.jpg,15,17,PEDESTRIAN_CROSSING,287,542,302,559
1277108163Image000056.jpg,40,41,PASS_RIGHT_SIDE,332,490,372,531
1277108163Image000056.jpg,21,21,PASS_RIGHT_SIDE,416,546,437,567
1277108163Image000056.jpg,38,39,PEDESTRIAN_CROSSING,643,462,681,501
1277108163Image000056.jpg,18,20,PEDESTRIAN_CROSSING,567,531,585,551
1277108163Image000056.jpg,15,17,PEDESTRIAN_CROSSING,287,542,302,559
1277108163Image000056.jpg,40,41,PASS_RIGHT_SIDE,332,490,372,531
1277108163Image000056.jpg,21,21,PASS_RIGHT_SIDE,416,546,437,567
1277108163Image000056.jpg,38,39,PEDESTRIAN_CROSSING,643,462,681,501
1277108163Image000056.jpg,18,20,PEDESTRIAN_CROSSING,567,531,585,551
1277108163Image000056.jpg,15,17,PEDESTRIAN_CROSSING,287,542,302,559
1277108163Image000056.jpg,40,41,PASS_RIGHT_SIDE,332,490,372,531
1277108163Image000056.jpg,21,21,PASS_RIGHT_SIDE,416,546,437,567
1277108163Image000056.jpg,38,39,PEDESTRIAN_CROSSING,643,462,681,501
1277108163Image000056.jpg,18,20,PEDESTRIAN_CROSSING,567,531,585,551
1277108163Image000056.jpg,15,17,PEDESTRIAN_CROSSING,287,542,302,559
1277108163Image000056.jpg,40,41,PASS_RIGHT_SIDE,332,490,372,531
1277108163Image000056.jpg,21,21,PASS_RIGHT_SIDE,416,546,437,567
1277108163Image000061.jpg,47,48,PEDESTRIAN_CROSSING,671,433,718,481
1277108163Image000061.jpg,21,21,PEDESTRIAN_CROSSING,566,525,587,546
1277108163Image000061.jpg,16,17,PEDESTRIAN_CROSSING,258,538,274,555
1277108163Image000061.jpg,50,52,PASS_RIGHT_SIDE,283,465,333,517
1277108163Image000061.jpg,24,24,PASS_RIGHT_SIDE,398,542,422,566
1277108163Image000061.jpg,47,48,PEDESTRIAN_CROSSING,671,433,718,481
1277108163Image000061.jpg,21,21,PEDESTRIAN_CROSSING,566,525,587,546
1277108163Image000061.jpg,16,17,PEDESTRIAN_CROSSING,258,538,274,555
1277108163Image000061.jpg,50,52,PASS_RIGHT_SIDE,283,465,333,517
1277108163Image000061.jpg,24,24,PASS_RIGHT_SIDE,398,542,422,566
1277108163Image000061.jpg,47,48,PEDESTRIAN_CROSSING,671,433,718,481
1277108163Image000061.jpg,21,21,PEDESTRIAN_CROSSING,566,525,587,546
1277108163Image000061.jpg,16,17,PEDESTRIAN_CROSSING,258,538,274,555
1277108163Image000061.jpg,50,52,PASS_RIGHT_SIDE,283,465,333,517
1277108163Image000061.jpg,24,24,PASS_RIGHT_SIDE,398,542,422,566
1277108163Image000061.jpg,47,48,PEDESTRIAN_CROSSING,671,433,718,481
1277108163Image000061.jpg,21,21,PEDESTRIAN_CROSSING,566,525,587,546
1277108163Image000061.jpg,16,17,PEDESTRIAN_CROSSING,258,538,274,555
1277108163Image000061.jpg,50,52,PASS_RIGHT_SIDE,283,465,333,517
1277108163Image000061.jpg,24,24,PASS_RIGHT_SIDE,398,542,422,566
1277108163Image000061.jpg,47,48,PEDESTRIAN_CROSSING,671,433,718,481
1277108163Image000061.jpg,21,21,PEDESTRIAN_CROSSING,566,525,587,546
1277108163Image000061.jpg,16,17,PEDESTRIAN_CROSSING,258,538,274,555
1277108163Image000061.jpg,50,52,PASS_RIGHT_SIDE,283,465,333,517
1277108163Image000061.jpg,24,24,PASS_RIGHT_SIDE,398,542,422,566
1277108163Image000061.jpg,47,48,PEDESTRIAN_CROSSING,671,433,718,481
1277108163Image000061.jpg,21,21,PEDESTRIAN_CROSSING,566,525,587,546
1277108163Image000061.jpg,16,17,PEDESTRIAN_CROSSING,258,538,274,555
1277108163Image000061.jpg,50,52,PASS_RIGHT_SIDE,283,465,333,517
1277108163Image000061.jpg,24,24,PASS_RIGHT_SIDE,398,542,422,566
1277108163Image000068.jpg,65,68,PEDESTRIAN_CROSSING,736,372,801,440
1277108163Image000068.jpg,23,23,PEDESTRIAN_CROSSING,566,515,589,538
1277108163Image000068.jpg,69,70,PASS_RIGHT_SIDE,180,417,249,487
1277108163Image000068.jpg,28,29,PASS_RIGHT_SIDE,373,534,401,563
1277108163Image000068.jpg,65,68,PEDESTRIAN_CROSSING,736,372,801,440
1277108163Image000068.jpg,23,23,PEDESTRIAN_CROSSING,566,515,589,538
1277108163Image000068.jpg,69,70,PASS_RIGHT_SIDE,180,417,249,487
1277108163Image000068.jpg,28,29,PASS_RIGHT_SIDE,373,534,401,563
1277108163Image000068.jpg,65,68,PEDESTRIAN_CROSSING,736,372,801,440
1277108163Image000068.jpg,23,23,PEDESTRIAN_CROSSING,566,515,589,538
1277108163Image000068.jpg,69,70,PASS_RIGHT_SIDE,180,417,249,487
1277108163Image000068.jpg,28,29,PASS_RIGHT_SIDE,373,534,401,563
1277108163Image000068.jpg,65,68,PEDESTRIAN_CROSSING,736,372,801,440
1277108163Image000068.jpg,23,23,PEDESTRIAN_CROSSING,566,515,589,538
1277108163Image000068.jpg,69,70,PASS_RIGHT_SIDE,180,417,249,487
1277108163Image000068.jpg,28,29,PASS_RIGHT_SIDE,373,534,401,563
1277108163Image000068.jpg,65,68,PEDESTRIAN_CROSSING,736,372,801,440
1277108163Image000068.jpg,23,23,PEDESTRIAN_CROSSING,566,515,589,538
1277108163Image000068.jpg,69,70,PASS_RIGHT_SIDE,180,417,249,487
1277108163Image000068.jpg,28,29,PASS_RIGHT_SIDE,373,534,401,563
1277108163Image000075.jpg,128,139,PEDESTRIAN_CROSSING,981,148,1109,287
1277108163Image000075.jpg,29,27,PEDESTRIAN_CROSSING,562,496,591,523
1277108163Image000075.jpg,25,25,PEDESTRIAN_CROSSING,139,515,164,540
1277108163Image000075.jpg,33,32,PASS_RIGHT_SIDE,326,520,359,552
1277108163Image000075.jpg,24,25,50_SIGN,700,504,724,529
1277108163Image000075.jpg,128,139,PEDESTRIAN_CROSSING,981,148,1109,287
1277108163Image000075.jpg,29,27,PEDESTRIAN_CROSSING,562,496,591,523
1277108163Image000075.jpg,25,25,PEDESTRIAN_CROSSING,139,515,164,540
1277108163Image000075.jpg,33,32,PASS_RIGHT_SIDE,326,520,359,552
1277108163Image000075.jpg,24,25,50_SIGN,700,504,724,529
1277108163Image000075.jpg,128,139,PEDESTRIAN_CROSSING,981,148,1109,287
1277108163Image000075.jpg,29,27,PEDESTRIAN_CROSSING,562,496,591,523
1277108163Image000075.jpg,25,25,PEDESTRIAN_CROSSING,139,515,164,540
1277108163Image000075.jpg,33,32,PASS_RIGHT_SIDE,326,520,359,552
1277108163Image000075.jpg,24,25,50_SIGN,700,504,724,529
1277108163Image000075.jpg,128,139,PEDESTRIAN_CROSSING,981,148,1109,287
1277108163Image000075.jpg,29,27,PEDESTRIAN_CROSSING,562,496,591,523
1277108163Image000075.jpg,25,25,PEDESTRIAN_CROSSING,139,515,164,540
1277108163Image000075.jpg,33,32,PASS_RIGHT_SIDE,326,520,359,552
1277108163Image000075.jpg,24,25,50_SIGN,700,504,724,529
1277108163Image000075.jpg,128,139,PEDESTRIAN_CROSSING,981,148,1109,287
1277108163Image000075.jpg,29,27,PEDESTRIAN_CROSSING,562,496,591,523
1277108163Image000075.jpg,25,25,PEDESTRIAN_CROSSING,139,515,164,540
1277108163Image000075.jpg,33,32,PASS_RIGHT_SIDE,326,520,359,552
1277108163Image000075.jpg,24,25,50_SIGN,700,504,724,529
1277108163Image000075.jpg,128,139,PEDESTRIAN_CROSSING,981,148,1109,287
1277108163Image000075.jpg,29,27,PEDESTRIAN_CROSSING,562,496,591,523
1277108163Image000075.jpg,25,25,PEDESTRIAN_CROSSING,139,515,164,540
1277108163Image000075.jpg,33,32,PASS_RIGHT_SIDE,326,520,359,552
1277108163Image000075.jpg,24,25,50_SIGN,700,504,724,529
1277108163Image000085.jpg,35,36,PEDESTRIAN_CROSSING,577,494,612,530
1277108163Image000085.jpg,30,30,PEDESTRIAN_CROSSING,55,511,85,541
1277108163Image000085.jpg,39,39,PASS_RIGHT_SIDE,276,518,315,557
1277108163Image000085.jpg,30,30,50_SIGN,733,511,763,541
1277108163Image000085.jpg,35,36,PEDESTRIAN_CROSSING,577,494,612,530
1277108163Image000085.jpg,30,30,PEDESTRIAN_CROSSING,55,511,85,541
1277108163Image000085.jpg,39,39,PASS_RIGHT_SIDE,276,518,315,557
1277108163Image000085.jpg,30,30,50_SIGN,733,511,763,541
1277108163Image000085.jpg,35,36,PEDESTRIAN_CROSSING,577,494,612,530
1277108163Image000085.jpg,30,30,PEDESTRIAN_CROSSING,55,511,85,541
1277108163Image000085.jpg,39,39,PASS_RIGHT_SIDE,276,518,315,557
1277108163Image000085.jpg,30,30,50_SIGN,733,511,763,541
1277108163Image000085.jpg,35,36,PEDESTRIAN_CROSSING,577,494,612,530
1277108163Image000085.jpg,30,30,PEDESTRIAN_CROSSING,55,511,85,541
1277108163Image000085.jpg,39,39,PASS_RIGHT_SIDE,276,518,315,557
1277108163Image000085.jpg,30,30,50_SIGN,733,511,763,541
1277108163Image000085.jpg,35,36,PEDESTRIAN_CROSSING,577,494,612,530
1277108163Image000085.jpg,30,30,PEDESTRIAN_CROSSING,55,511,85,541
1277108163Image000085.jpg,39,39,PASS_RIGHT_SIDE,276,518,315,557
1277108163Image000085.jpg,30,30,50_SIGN,733,511,763,541
1277108163Image000090.jpg,36,38,PEDESTRIAN_CROSSING,591,485,627,523
1277108163Image000090.jpg,33,34,PEDESTRIAN_CROSSING,32,502,65,536
1277108163Image000090.jpg,41,44,PASS_RIGHT_SIDE,266,510,307,554
1277108163Image000090.jpg,31,35,50_SIGN,752,505,783,540
1277108163Image000090.jpg,36,38,PEDESTRIAN_CROSSING,591,485,627,523
1277108163Image000090.jpg,33,34,PEDESTRIAN_CROSSING,32,502,65,536
1277108163Image000090.jpg,41,44,PASS_RIGHT_SIDE,266,510,307,554
1277108163Image000090.jpg,31,35,50_SIGN,752,505,783,540
1277108163Image000090.jpg,36,38,PEDESTRIAN_CROSSING,591,485,627,523
1277108163Image000090.jpg,33,34,PEDESTRIAN_CROSSING,32,502,65,536
1277108163Image000090.jpg,41,44,PASS_RIGHT_SIDE,266,510,307,554
1277108163Image000090.jpg,31,35,50_SIGN,752,505,783,540
1277108163Image000090.jpg,36,38,PEDESTRIAN_CROSSING,591,485,627,523
1277108163Image000090.jpg,33,34,PEDESTRIAN_CROSSING,32,502,65,536
1277108163Image000090.jpg,41,44,PASS_RIGHT_SIDE,266,510,307,554
1277108163Image000090.jpg,31,35,50_SIGN,752,505,783,540
1277108163Image000090.jpg,36,38,PEDESTRIAN_CROSSING,591,485,627,523
1277108163Image000090.jpg,33,34,PEDESTRIAN_CROSSING,32,502,65,536
1277108163Image000090.jpg,41,44,PASS_RIGHT_SIDE,266,510,307,554
1277108163Image000090.jpg,31,35,50_SIGN,752,505,783,540
1277108163Image000095.jpg,38,43,PEDESTRIAN_CROSSING,612,455,650,498
1277108163Image000095.jpg,27,35,PEDESTRIAN_CROSSING,1,480,28,515
1277108163Image000095.jpg,50,48,PASS_RIGHT_SIDE,247,486,297,534
1277108163Image000095.jpg,34,31,50_SIGN,782,487,816,518
1277108163Image000095.jpg,38,43,PEDESTRIAN_CROSSING,612,455,650,498
1277108163Image000095.jpg,27,35,PEDESTRIAN_CROSSING,1,480,28,515
1277108163Image000095.jpg,50,48,PASS_RIGHT_SIDE,247,486,297,534
1277108163Image000095.jpg,34,31,50_SIGN,782,487,816,518
1277108163Image000095.jpg,38,43,PEDESTRIAN_CROSSING,612,455,650,498
1277108163Image000095.jpg,27,35,PEDESTRIAN_CROSSING,1,480,28,515
1277108163Image000095.jpg,50,48,PASS_RIGHT_SIDE,247,486,297,534
1277108163Image000095.jpg,34,31,50_SIGN,782,487,816,518
1277108163Image000095.jpg,38,43,PEDESTRIAN_CROSSING,612,455,650,498
1277108163Image000095.jpg,27,35,PEDESTRIAN_CROSSING,1,480,28,515
1277108163Image000095.jpg,50,48,PASS_RIGHT_SIDE,247,486,297,534
1277108163Image000095.jpg,34,31,50_SIGN,782,487,816,518
1277108163Image000095.jpg,38,43,PEDESTRIAN_CROSSING,612,455,650,498
1277108163Image000095.jpg,27,35,PEDESTRIAN_CROSSING,1,480,28,515
1277108163Image000095.jpg,50,48,PASS_RIGHT_SIDE,247,486,297,534
1277108163Image000095.jpg,34,31,50_SIGN,782,487,816,518
1277108163Image000100.jpg,47,48,PEDESTRIAN_CROSSING,641,453,688,501
1277108163Image000100.jpg,55,55,PASS_RIGHT_SIDE,219,488,274,543
1277108163Image000100.jpg,33,37,50_SIGN,823,492,856,529
1277108163Image000100.jpg,47,48,PEDESTRIAN_CROSSING,641,453,688,501
1277108163Image000100.jpg,55,55,PASS_RIGHT_SIDE,219,488,274,543
1277108163Image000100.jpg,33,37,50_SIGN,823,492,856,529
1277108163Image000100.jpg,47,48,PEDESTRIAN_CROSSING,641,453,688,501
1277108163Image000100.jpg,55,55,PASS_RIGHT_SIDE,219,488,274,543
1277108163Image000100.jpg,33,37,50_SIGN,823,492,856,529
1277108163Image000100.jpg,47,48,PEDESTRIAN_CROSSING,641,453,688,501
1277108163Image000100.jpg,55,55,PASS_RIGHT_SIDE,219,488,274,543
1277108163Image000100.jpg,33,37,50_SIGN,823,492,856,529
1277108163Image000105.jpg,63,67,PEDESTRIAN_CROSSING,703,390,766,457
1277108163Image000105.jpg,76,70,PASS_RIGHT_SIDE,151,443,227,513
1277108163Image000105.jpg,42,41,50_SIGN,891,458,933,499
1277108163Image000105.jpg,63,67,PEDESTRIAN_CROSSING,703,390,766,457
1277108163Image000105.jpg,76,70,PASS_RIGHT_SIDE,151,443,227,513
1277108163Image000105.jpg,42,41,50_SIGN,891,458,933,499
1277108163Image000105.jpg,63,67,PEDESTRIAN_CROSSING,703,390,766,457
1277108163Image000105.jpg,76,70,PASS_RIGHT_SIDE,151,443,227,513
1277108163Image000105.jpg,42,41,50_SIGN,891,458,933,499
1277108163Image000105.jpg,63,67,PEDESTRIAN_CROSSING,703,390,766,457
1277108163Image000105.jpg,76,70,PASS_RIGHT_SIDE,151,443,227,513
1277108163Image000105.jpg,42,41,50_SIGN,891,458,933,499
1277108163Image000110.jpg,85,86,PEDESTRIAN_CROSSING,763,318,848,404
1277108163Image000110.jpg,86,87,PASS_RIGHT_SIDE,74,391,160,478
1277108163Image000110.jpg,44,46,50_SIGN,951,426,995,472
1277108163Image000110.jpg,85,86,PEDESTRIAN_CROSSING,763,318,848,404
1277108163Image000110.jpg,86,87,PASS_RIGHT_SIDE,74,391,160,478
1277108163Image000110.jpg,44,46,50_SIGN,951,426,995,472
1277108163Image000110.jpg,85,86,PEDESTRIAN_CROSSING,763,318,848,404
1277108163Image000110.jpg,86,87,PASS_RIGHT_SIDE,74,391,160,478
1277108163Image000110.jpg,44,46,50_SIGN,951,426,995,472
1277108163Image000110.jpg,85,86,PEDESTRIAN_CROSSING,763,318,848,404
1277108163Image000110.jpg,86,87,PASS_RIGHT_SIDE,74,391,160,478
1277108163Image000110.jpg,44,46,50_SIGN,951,426,995,472
1277108163Image000115.jpg,122,112,PEDESTRIAN_CROSSING,894,214,1016,326
1277108163Image000115.jpg,53,53,50_SIGN,1034,397,1087,450
1277108163Image000115.jpg,13,14,PRIORITY_ROAD,830,515,843,529
1277108163Image000115.jpg,122,112,PEDESTRIAN_CROSSING,894,214,1016,326
1277108163Image000115.jpg,53,53,50_SIGN,1034,397,1087,450
1277108163Image000115.jpg,13,14,PRIORITY_ROAD,830,515,843,529
1277108163Image000115.jpg,122,112,PEDESTRIAN_CROSSING,894,214,1016,326
1277108163Image000115.jpg,53,53,50_SIGN,1034,397,1087,450
1277108163Image000115.jpg,13,14,PRIORITY_ROAD,830,515,843,529
1277108163Image000115.jpg,122,112,PEDESTRIAN_CROSSING,894,214,1016,326
1277108163Image000115.jpg,53,53,50_SIGN,1034,397,1087,450
1277108163Image000115.jpg,13,14,PRIORITY_ROAD,830,515,843,529
1277108163Image000120.jpg,179,179,PEDESTRIAN_CROSSING,1040,66,1219,245
1277108163Image000120.jpg,73,61,50_SIGN,1083,383,1156,444
1277108163Image000120.jpg,179,179,PEDESTRIAN_CROSSING,1040,66,1219,245
1277108163Image000120.jpg,73,61,50_SIGN,1083,383,1156,444
1277108163Image000120.jpg,179,179,PEDESTRIAN_CROSSING,1040,66,1219,245
1277108163Image000120.jpg,73,61,50_SIGN,1083,383,1156,444
1277108163Image000130.jpg,60,67,50_SIGN,1140,372,1200,439
1277108163Image000130.jpg,12,12,PRIORITY_ROAD,831,530,843,542
1277108163Image000130.jpg,8,9,PEDESTRIAN_CROSSING,800,535,808,544
1277108163Image000130.jpg,8,9,PASS_RIGHT_SIDE,865,539,873,548
1277108163Image000130.jpg,7,8,PEDESTRIAN_CROSSING,906,534,913,542
1277108163Image000130.jpg,8,6,PASS_RIGHT_SIDE,905,542,913,548
1277108163Image000130.jpg,8,8,PASS_RIGHT_SIDE,933,540,941,548
1277108163Image000130.jpg,60,67,50_SIGN,1140,372,1200,439
1277108163Image000130.jpg,12,12,PRIORITY_ROAD,831,530,843,542
1277108163Image000130.jpg,8,9,PEDESTRIAN_CROSSING,800,535,808,544
1277108163Image000130.jpg,8,9,PASS_RIGHT_SIDE,865,539,873,548
1277108163Image000130.jpg,7,8,PEDESTRIAN_CROSSING,906,534,913,542
1277108163Image000130.jpg,8,6,PASS_RIGHT_SIDE,905,542,913,548
1277108163Image000130.jpg,8,8,PASS_RIGHT_SIDE,933,540,941,548
1277108163Image000130.jpg,60,67,50_SIGN,1140,372,1200,439
1277108163Image000130.jpg,12,12,PRIORITY_ROAD,831,530,843,542
1277108163Image000130.jpg,8,9,PEDESTRIAN_CROSSING,800,535,808,544
1277108163Image000130.jpg,8,9,PASS_RIGHT_SIDE,865,539,873,548
1277108163Image000130.jpg,7,8,PEDESTRIAN_CROSSING,906,534,913,542
1277108163Image000130.jpg,8,6,PASS_RIGHT_SIDE,905,542,913,548
1277108163Image000130.jpg,8,8,PASS_RIGHT_SIDE,933,540,941,548
1277108163Image000130.jpg,60,67,50_SIGN,1140,372,1200,439
1277108163Image000130.jpg,12,12,PRIORITY_ROAD,831,530,843,542
1277108163Image000130.jpg,8,9,PEDESTRIAN_CROSSING,800,535,808,544
1277108163Image000130.jpg,8,9,PASS_RIGHT_SIDE,865,539,873,548
1277108163Image000130.jpg,7,8,PEDESTRIAN_CROSSING,906,534,913,542
1277108163Image000130.jpg,8,6,PASS_RIGHT_SIDE,905,542,913,548
1277108163Image000130.jpg,8,8,PASS_RIGHT_SIDE,933,540,941,548
1277108163Image000130.jpg,60,67,50_SIGN,1140,372,1200,439
1277108163Image000130.jpg,12,12,PRIORITY_ROAD,831,530,843,542
1277108163Image000130.jpg,8,9,PEDESTRIAN_CROSSING,800,535,808,544
1277108163Image000130.jpg,8,9,PASS_RIGHT_SIDE,865,539,873,548
1277108163Image000130.jpg,7,8,PEDESTRIAN_CROSSING,906,534,913,542
1277108163Image000130.jpg,8,6,PASS_RIGHT_SIDE,905,542,913,548
1277108163Image000130.jpg,8,8,PASS_RIGHT_SIDE,933,540,941,548
1277108163Image000130.jpg,60,67,50_SIGN,1140,372,1200,439
1277108163Image000130.jpg,12,12,PRIORITY_ROAD,831,530,843,542
1277108163Image000130.jpg,8,9,PEDESTRIAN_CROSSING,800,535,808,544
1277108163Image000130.jpg,8,9,PASS_RIGHT_SIDE,865,539,873,548
1277108163Image000130.jpg,7,8,PEDESTRIAN_CROSSING,906,534,913,542
1277108163Image000130.jpg,8,6,PASS_RIGHT_SIDE,905,542,913,548
1277108163Image000130.jpg,8,8,PASS_RIGHT_SIDE,933,540,941,548
1277108163Image000130.jpg,60,67,50_SIGN,1140,372,1200,439
1277108163Image000130.jpg,12,12,PRIORITY_ROAD,831,530,843,542
1277108163Image000130.jpg,8,9,PEDESTRIAN_CROSSING,800,535,808,544
1277108163Image000130.jpg,8,9,PASS_RIGHT_SIDE,865,539,873,548
1277108163Image000130.jpg,7,8,PEDESTRIAN_CROSSING,906,534,913,542
1277108163Image000130.jpg,8,6,PASS_RIGHT_SIDE,905,542,913,548
1277108163Image000130.jpg,8,8,PASS_RIGHT_SIDE,933,540,941,548
1277108163Image000130.jpg,60,67,50_SIGN,1140,372,1200,439
1277108163Image000130.jpg,12,12,PRIORITY_ROAD,831,530,843,542
1277108163Image000130.jpg,8,9,PEDESTRIAN_CROSSING,800,535,808,544
1277108163Image000130.jpg,8,9,PASS_RIGHT_SIDE,865,539,873,548
1277108163Image000130.jpg,7,8,PEDESTRIAN_CROSSING,906,534,913,542
1277108163Image000130.jpg,8,6,PASS_RIGHT_SIDE,905,542,913,548
1277108163Image000130.jpg,8,8,PASS_RIGHT_SIDE,933,540,941,548
1277108189Image000002.jpg,38,38,PRIORITY_ROAD,903,484,941,522
1277108189Image000002.jpg,12,13,PEDESTRIAN_CROSSING,785,529,797,542
1277108189Image000002.jpg,12,14,50_SIGN,791,544,803,558
1277108189Image000002.jpg,10,12,PEDESTRIAN_CROSSING,565,536,575,548
1277108189Image000002.jpg,16,15,PASS_RIGHT_SIDE,665,543,681,558
1277108189Image000002.jpg,10,10,PEDESTRIAN_CROSSING,689,540,699,550
1277108189Image000002.jpg,10,9,PASS_RIGHT_SIDE,688,550,698,559
1277108189Image000002.jpg,6,7,PASS_RIGHT_SIDE,698,552,704,559
1277108189Image000002.jpg,6,8,PEDESTRIAN_CROSSING,704,548,710,556
1277108189Image000002.jpg,5,6,PASS_RIGHT_SIDE,704,556,709,562
1277108189Image000002.jpg,38,38,PRIORITY_ROAD,903,484,941,522
1277108189Image000002.jpg,12,13,PEDESTRIAN_CROSSING,785,529,797,542
1277108189Image000002.jpg,12,14,50_SIGN,791,544,803,558
1277108189Image000002.jpg,10,12,PEDESTRIAN_CROSSING,565,536,575,548
1277108189Image000002.jpg,16,15,PASS_RIGHT_SIDE,665,543,681,558
1277108189Image000002.jpg,10,10,PEDESTRIAN_CROSSING,689,540,699,550
1277108189Image000002.jpg,10,9,PASS_RIGHT_SIDE,688,550,698,559
1277108189Image000002.jpg,6,7,PASS_RIGHT_SIDE,698,552,704,559
1277108189Image000002.jpg,6,8,PEDESTRIAN_CROSSING,704,548,710,556
1277108189Image000002.jpg,5,6,PASS_RIGHT_SIDE,704,556,709,562
1277108189Image000002.jpg,38,38,PRIORITY_ROAD,903,484,941,522
1277108189Image000002.jpg,12,13,PEDESTRIAN_CROSSING,785,529,797,542
1277108189Image000002.jpg,12,14,50_SIGN,791,544,803,558
1277108189Image000002.jpg,10,12,PEDESTRIAN_CROSSING,565,536,575,548
1277108189Image000002.jpg,16,15,PASS_RIGHT_SIDE,665,543,681,558
1277108189Image000002.jpg,10,10,PEDESTRIAN_CROSSING,689,540,699,550
1277108189Image000002.jpg,10,9,PASS_RIGHT_SIDE,688,550,698,559
1277108189Image000002.jpg,6,7,PASS_RIGHT_SIDE,698,552,704,559
1277108189Image000002.jpg,6,8,PEDESTRIAN_CROSSING,704,548,710,556
1277108189Image000002.jpg,5,6,PASS_RIGHT_SIDE,704,556,709,562
1277108189Image000002.jpg,38,38,PRIORITY_ROAD,903,484,941,522
1277108189Image000002.jpg,12,13,PEDESTRIAN_CROSSING,785,529,797,542
1277108189Image000002.jpg,12,14,50_SIGN,791,544,803,558
1277108189Image000002.jpg,10,12,PEDESTRIAN_CROSSING,565,536,575,548
1277108189Image000002.jpg,16,15,PASS_RIGHT_SIDE,665,543,681,558
1277108189Image000002.jpg,10,10,PEDESTRIAN_CROSSING,689,540,699,550
1277108189Image000002.jpg,10,9,PASS_RIGHT_SIDE,688,550,698,559
1277108189Image000002.jpg,6,7,PASS_RIGHT_SIDE,698,552,704,559
1277108189Image000002.jpg,6,8,PEDESTRIAN_CROSSING,704,548,710,556
1277108189Image000002.jpg,5,6,PASS_RIGHT_SIDE,704,556,709,562
1277108189Image000002.jpg,38,38,PRIORITY_ROAD,903,484,941,522
1277108189Image000002.jpg,12,13,PEDESTRIAN_CROSSING,785,529,797,542
1277108189Image000002.jpg,12,14,50_SIGN,791,544,803,558
1277108189Image000002.jpg,10,12,PEDESTRIAN_CROSSING,565,536,575,548
1277108189Image000002.jpg,16,15,PASS_RIGHT_SIDE,665,543,681,558
1277108189Image000002.jpg,10,10,PEDESTRIAN_CROSSING,689,540,699,550
1277108189Image000002.jpg,10,9,PASS_RIGHT_SIDE,688,550,698,559
1277108189Image000002.jpg,6,7,PASS_RIGHT_SIDE,698,552,704,559
1277108189Image000002.jpg,6,8,PEDESTRIAN_CROSSING,704,548,710,556
1277108189Image000002.jpg,5,6,PASS_RIGHT_SIDE,704,556,709,562
1277108189Image000002.jpg,38,38,PRIORITY_ROAD,903,484,941,522
1277108189Image000002.jpg,12,13,PEDESTRIAN_CROSSING,785,529,797,542
1277108189Image000002.jpg,12,14,50_SIGN,791,544,803,558
1277108189Image000002.jpg,10,12,PEDESTRIAN_CROSSING,565,536,575,548
1277108189Image000002.jpg,16,15,PASS_RIGHT_SIDE,665,543,681,558
1277108189Image000002.jpg,10,10,PEDESTRIAN_CROSSING,689,540,699,550
1277108189Image000002.jpg,10,9,PASS_RIGHT_SIDE,688,550,698,559
1277108189Image000002.jpg,6,7,PASS_RIGHT_SIDE,698,552,704,559
1277108189Image000002.jpg,6,8,PEDESTRIAN_CROSSING,704,548,710,556
1277108189Image000002.jpg,5,6,PASS_RIGHT_SIDE,704,556,709,562
1277108189Image000002.jpg,38,38,PRIORITY_ROAD,903,484,941,522
1277108189Image000002.jpg,12,13,PEDESTRIAN_CROSSING,785,529,797,542
1277108189Image000002.jpg,12,14,50_SIGN,791,544,803,558
1277108189Image000002.jpg,10,12,PEDESTRIAN_CROSSING,565,536,575,548
1277108189Image000002.jpg,16,15,PASS_RIGHT_SIDE,665,543,681,558
1277108189Image000002.jpg,10,10,PEDESTRIAN_CROSSING,689,540,699,550
1277108189Image000002.jpg,10,9,PASS_RIGHT_SIDE,688,550,698,559
1277108189Image000002.jpg,6,7,PASS_RIGHT_SIDE,698,552,704,559
1277108189Image000002.jpg,6,8,PEDESTRIAN_CROSSING,704,548,710,556
1277108189Image000002.jpg,5,6,PASS_RIGHT_SIDE,704,556,709,562
1277108189Image000002.jpg,38,38,PRIORITY_ROAD,903,484,941,522
1277108189Image000002.jpg,12,13,PEDESTRIAN_CROSSING,785,529,797,542
1277108189Image000002.jpg,12,14,50_SIGN,791,544,803,558
1277108189Image000002.jpg,10,12,PEDESTRIAN_CROSSING,565,536,575,548
1277108189Image000002.jpg,16,15,PASS_RIGHT_SIDE,665,543,681,558
1277108189Image000002.jpg,10,10,PEDESTRIAN_CROSSING,689,540,699,550
1277108189Image000002.jpg,10,9,PASS_RIGHT_SIDE,688,550,698,559
1277108189Image000002.jpg,6,7,PASS_RIGHT_SIDE,698,552,704,559
1277108189Image000002.jpg,6,8,PEDESTRIAN_CROSSING,704,548,710,556
1277108189Image000002.jpg,5,6,PASS_RIGHT_SIDE,704,556,709,562
1277108189Image000002.jpg,38,38,PRIORITY_ROAD,903,484,941,522
1277108189Image000002.jpg,12,13,PEDESTRIAN_CROSSING,785,529,797,542
1277108189Image000002.jpg,12,14,50_SIGN,791,544,803,558
1277108189Image000002.jpg,10,12,PEDESTRIAN_CROSSING,565,536,575,548
1277108189Image000002.jpg,16,15,PASS_RIGHT_SIDE,665,543,681,558
1277108189Image000002.jpg,10,10,PEDESTRIAN_CROSSING,689,540,699,550
1277108189Image000002.jpg,10,9,PASS_RIGHT_SIDE,688,550,698,559
1277108189Image000002.jpg,6,7,PASS_RIGHT_SIDE,698,552,704,559
1277108189Image000002.jpg,6,8,PEDESTRIAN_CROSSING,704,548,710,556
1277108189Image000002.jpg,5,6,PASS_RIGHT_SIDE,704,556,709,562
1277108189Image000002.jpg,38,38,PRIORITY_ROAD,903,484,941,522
1277108189Image000002.jpg,12,13,PEDESTRIAN_CROSSING,785,529,797,542
1277108189Image000002.jpg,12,14,50_SIGN,791,544,803,558
1277108189Image000002.jpg,10,12,PEDESTRIAN_CROSSING,565,536,575,548
1277108189Image000002.jpg,16,15,PASS_RIGHT_SIDE,665,543,681,558
1277108189Image000002.jpg,10,10,PEDESTRIAN_CROSSING,689,540,699,550
1277108189Image000002.jpg,10,9,PASS_RIGHT_SIDE,688,550,698,559
1277108189Image000002.jpg,6,7,PASS_RIGHT_SIDE,698,552,704,559
1277108189Image000002.jpg,6,8,PEDESTRIAN_CROSSING,704,548,710,556
1277108189Image000002.jpg,5,6,PASS_RIGHT_SIDE,704,556,709,562
1277108189Image000002.jpg,38,38,PRIORITY_ROAD,903,484,941,522
1277108189Image000002.jpg,12,13,PEDESTRIAN_CROSSING,785,529,797,542
1277108189Image000002.jpg,12,14,50_SIGN,791,544,803,558
1277108189Image000002.jpg,10,12,PEDESTRIAN_CROSSING,565,536,575,548
1277108189Image000002.jpg,16,15,PASS_RIGHT_SIDE,665,543,681,558
1277108189Image000002.jpg,10,10,PEDESTRIAN_CROSSING,689,540,699,550
1277108189Image000002.jpg,10,9,PASS_RIGHT_SIDE,688,550,698,559
1277108189Image000002.jpg,6,7,PASS_RIGHT_SIDE,698,552,704,559
1277108189Image000002.jpg,6,8,PEDESTRIAN_CROSSING,704,548,710,556
1277108189Image000002.jpg,5,6,PASS_RIGHT_SIDE,704,556,709,562
1277108189Image000007.jpg,42,45,PRIORITY_ROAD,922,473,964,518
1277108189Image000007.jpg,13,14,PEDESTRIAN_CROSSING,767,529,780,543
1277108189Image000007.jpg,9,12,50_SIGN,774,546,783,558
1277108189Image000007.jpg,10,11,PEDESTRIAN_CROSSING,541,536,551,547
1277108189Image000007.jpg,17,16,PASS_RIGHT_SIDE,644,543,661,559
1277108189Image000007.jpg,12,11,PEDESTRIAN_CROSSING,667,538,679,549
1277108189Image000007.jpg,10,10,PASS_RIGHT_SIDE,667,549,677,559
1277108189Image000007.jpg,6,8,PASS_RIGHT_SIDE,676,551,682,559
1277108189Image000007.jpg,4,6,PEDESTRIAN_CROSSING,682,549,686,555
1277108189Image000007.jpg,6,7,PASS_RIGHT_SIDE,682,556,688,563
1277108189Image000007.jpg,42,45,PRIORITY_ROAD,922,473,964,518
1277108189Image000007.jpg,13,14,PEDESTRIAN_CROSSING,767,529,780,543
1277108189Image000007.jpg,9,12,50_SIGN,774,546,783,558
1277108189Image000007.jpg,10,11,PEDESTRIAN_CROSSING,541,536,551,547
1277108189Image000007.jpg,17,16,PASS_RIGHT_SIDE,644,543,661,559
1277108189Image000007.jpg,12,11,PEDESTRIAN_CROSSING,667,538,679,549
1277108189Image000007.jpg,10,10,PASS_RIGHT_SIDE,667,549,677,559
1277108189Image000007.jpg,6,8,PASS_RIGHT_SIDE,676,551,682,559
1277108189Image000007.jpg,4,6,PEDESTRIAN_CROSSING,682,549,686,555
1277108189Image000007.jpg,6,7,PASS_RIGHT_SIDE,682,556,688,563
1277108189Image000007.jpg,42,45,PRIORITY_ROAD,922,473,964,518
1277108189Image000007.jpg,13,14,PEDESTRIAN_CROSSING,767,529,780,543
1277108189Image000007.jpg,9,12,50_SIGN,774,546,783,558
1277108189Image000007.jpg,10,11,PEDESTRIAN_CROSSING,541,536,551,547
1277108189Image000007.jpg,17,16,PASS_RIGHT_SIDE,644,543,661,559
1277108189Image000007.jpg,12,11,PEDESTRIAN_CROSSING,667,538,679,549
1277108189Image000007.jpg,10,10,PASS_RIGHT_SIDE,667,549,677,559
1277108189Image000007.jpg,6,8,PASS_RIGHT_SIDE,676,551,682,559
1277108189Image000007.jpg,4,6,PEDESTRIAN_CROSSING,682,549,686,555
1277108189Image000007.jpg,6,7,PASS_RIGHT_SIDE,682,556,688,563
1277108189Image000007.jpg,42,45,PRIORITY_ROAD,922,473,964,518
1277108189Image000007.jpg,13,14,PEDESTRIAN_CROSSING,767,529,780,543
1277108189Image000007.jpg,9,12,50_SIGN,774,546,783,558
1277108189Image000007.jpg,10,11,PEDESTRIAN_CROSSING,541,536,551,547
1277108189Image000007.jpg,17,16,PASS_RIGHT_SIDE,644,543,661,559
1277108189Image000007.jpg,12,11,PEDESTRIAN_CROSSING,667,538,679,549
1277108189Image000007.jpg,10,10,PASS_RIGHT_SIDE,667,549,677,559
1277108189Image000007.jpg,6,8,PASS_RIGHT_SIDE,676,551,682,559
1277108189Image000007.jpg,4,6,PEDESTRIAN_CROSSING,682,549,686,555
1277108189Image000007.jpg,6,7,PASS_RIGHT_SIDE,682,556,688,563
1277108189Image000007.jpg,42,45,PRIORITY_ROAD,922,473,964,518
1277108189Image000007.jpg,13,14,PEDESTRIAN_CROSSING,767,529,780,543
1277108189Image000007.jpg,9,12,50_SIGN,774,546,783,558
1277108189Image000007.jpg,10,11,PEDESTRIAN_CROSSING,541,536,551,547
1277108189Image000007.jpg,17,16,PASS_RIGHT_SIDE,644,543,661,559
1277108189Image000007.jpg,12,11,PEDESTRIAN_CROSSING,667,538,679,549
1277108189Image000007.jpg,10,10,PASS_RIGHT_SIDE,667,549,677,559
1277108189Image000007.jpg,6,8,PASS_RIGHT_SIDE,676,551,682,559
1277108189Image000007.jpg,4,6,PEDESTRIAN_CROSSING,682,549,686,555
1277108189Image000007.jpg,6,7,PASS_RIGHT_SIDE,682,556,688,563
1277108189Image000007.jpg,42,45,PRIORITY_ROAD,922,473,964,518
1277108189Image000007.jpg,13,14,PEDESTRIAN_CROSSING,767,529,780,543
1277108189Image000007.jpg,9,12,50_SIGN,774,546,783,558
1277108189Image000007.jpg,10,11,PEDESTRIAN_CROSSING,541,536,551,547
1277108189Image000007.jpg,17,16,PASS_RIGHT_SIDE,644,543,661,559
1277108189Image000007.jpg,12,11,PEDESTRIAN_CROSSING,667,538,679,549
1277108189Image000007.jpg,10,10,PASS_RIGHT_SIDE,667,549,677,559
1277108189Image000007.jpg,6,8,PASS_RIGHT_SIDE,676,551,682,559
1277108189Image000007.jpg,4,6,PEDESTRIAN_CROSSING,682,549,686,555
1277108189Image000007.jpg,6,7,PASS_RIGHT_SIDE,682,556,688,563
1277108189Image000007.jpg,42,45,PRIORITY_ROAD,922,473,964,518
1277108189Image000007.jpg,13,14,PEDESTRIAN_CROSSING,767,529,780,543
1277108189Image000007.jpg,9,12,50_SIGN,774,546,783,558
1277108189Image000007.jpg,10,11,PEDESTRIAN_CROSSING,541,536,551,547
1277108189Image000007.jpg,17,16,PASS_RIGHT_SIDE,644,543,661,559
1277108189Image000007.jpg,12,11,PEDESTRIAN_CROSSING,667,538,679,549
1277108189Image000007.jpg,10,10,PASS_RIGHT_SIDE,667,549,677,559
1277108189Image000007.jpg,6,8,PASS_RIGHT_SIDE,676,551,682,559
1277108189Image000007.jpg,4,6,PEDESTRIAN_CROSSING,682,549,686,555
1277108189Image000007.jpg,6,7,PASS_RIGHT_SIDE,682,556,688,563
1277108189Image000007.jpg,42,45,PRIORITY_ROAD,922,473,964,518
1277108189Image000007.jpg,13,14,PEDESTRIAN_CROSSING,767,529,780,543
1277108189Image000007.jpg,9,12,50_SIGN,774,546,783,558
1277108189Image000007.jpg,10,11,PEDESTRIAN_CROSSING,541,536,551,547
1277108189Image000007.jpg,17,16,PASS_RIGHT_SIDE,644,543,661,559
1277108189Image000007.jpg,12,11,PEDESTRIAN_CROSSING,667,538,679,549
1277108189Image000007.jpg,10,10,PASS_RIGHT_SIDE,667,549,677,559
1277108189Image000007.jpg,6,8,PASS_RIGHT_SIDE,676,551,682,559
1277108189Image000007.jpg,4,6,PEDESTRIAN_CROSSING,682,549,686,555
1277108189Image000007.jpg,6,7,PASS_RIGHT_SIDE,682,556,688,563
1277108189Image000007.jpg,42,45,PRIORITY_ROAD,922,473,964,518
1277108189Image000007.jpg,13,14,PEDESTRIAN_CROSSING,767,529,780,543
1277108189Image000007.jpg,9,12,50_SIGN,774,546,783,558
1277108189Image000007.jpg,10,11,PEDESTRIAN_CROSSING,541,536,551,547
1277108189Image000007.jpg,17,16,PASS_RIGHT_SIDE,644,543,661,559
1277108189Image000007.jpg,12,11,PEDESTRIAN_CROSSING,667,538,679,549
1277108189Image000007.jpg,10,10,PASS_RIGHT_SIDE,667,549,677,559
1277108189Image000007.jpg,6,8,PASS_RIGHT_SIDE,676,551,682,559
1277108189Image000007.jpg,4,6,PEDESTRIAN_CROSSING,682,549,686,555
1277108189Image000007.jpg,6,7,PASS_RIGHT_SIDE,682,556,688,563
1277108189Image000007.jpg,42,45,PRIORITY_ROAD,922,473,964,518
1277108189Image000007.jpg,13,14,PEDESTRIAN_CROSSING,767,529,780,543
1277108189Image000007.jpg,9,12,50_SIGN,774,546,783,558
1277108189Image000007.jpg,10,11,PEDESTRIAN_CROSSING,541,536,551,547
1277108189Image000007.jpg,17,16,PASS_RIGHT_SIDE,644,543,661,559
1277108189Image000007.jpg,12,11,PEDESTRIAN_CROSSING,667,538,679,549
1277108189Image000007.jpg,10,10,PASS_RIGHT_SIDE,667,549,677,559
1277108189Image000007.jpg,6,8,PASS_RIGHT_SIDE,676,551,682,559
1277108189Image000007.jpg,4,6,PEDESTRIAN_CROSSING,682,549,686,555
1277108189Image000007.jpg,6,7,PASS_RIGHT_SIDE,682,556,688,563
1277108189Image000007.jpg,42,45,PRIORITY_ROAD,922,473,964,518
1277108189Image000007.jpg,13,14,PEDESTRIAN_CROSSING,767,529,780,543
1277108189Image000007.jpg,9,12,50_SIGN,774,546,783,558
1277108189Image000007.jpg,10,11,PEDESTRIAN_CROSSING,541,536,551,547
1277108189Image000007.jpg,17,16,PASS_RIGHT_SIDE,644,543,661,559
1277108189Image000007.jpg,12,11,PEDESTRIAN_CROSSING,667,538,679,549
1277108189Image000007.jpg,10,10,PASS_RIGHT_SIDE,667,549,677,559
1277108189Image000007.jpg,6,8,PASS_RIGHT_SIDE,676,551,682,559
1277108189Image000007.jpg,4,6,PEDESTRIAN_CROSSING,682,549,686,555
1277108189Image000007.jpg,6,7,PASS_RIGHT_SIDE,682,556,688,563
1277108189Image000012.jpg,46,50,PRIORITY_ROAD,949,455,995,505
1277108189Image000012.jpg,12,15,PEDESTRIAN_CROSSING,752,524,764,539
1277108189Image000012.jpg,11,10,50_SIGN,755,542,766,552
1277108189Image000012.jpg,13,12,PEDESTRIAN_CROSSING,517,532,530,544
1277108189Image000012.jpg,16,15,PASS_RIGHT_SIDE,625,538,641,553
1277108189Image000012.jpg,10,11,PEDESTRIAN_CROSSING,648,534,658,545
1277108189Image000012.jpg,10,9,PASS_RIGHT_SIDE,647,546,657,555
1277108189Image000012.jpg,6,7,PASS_RIGHT_SIDE,655,548,661,555
1277108189Image000012.jpg,8,9,PEDESTRIAN_CROSSING,649,536,657,545
1277108189Image000012.jpg,46,50,PRIORITY_ROAD,949,455,995,505
1277108189Image000012.jpg,12,15,PEDESTRIAN_CROSSING,752,524,764,539
1277108189Image000012.jpg,11,10,50_SIGN,755,542,766,552
1277108189Image000012.jpg,13,12,PEDESTRIAN_CROSSING,517,532,530,544
1277108189Image000012.jpg,16,15,PASS_RIGHT_SIDE,625,538,641,553
1277108189Image000012.jpg,10,11,PEDESTRIAN_CROSSING,648,534,658,545
1277108189Image000012.jpg,10,9,PASS_RIGHT_SIDE,647,546,657,555
1277108189Image000012.jpg,6,7,PASS_RIGHT_SIDE,655,548,661,555
1277108189Image000012.jpg,8,9,PEDESTRIAN_CROSSING,649,536,657,545
1277108189Image000012.jpg,46,50,PRIORITY_ROAD,949,455,995,505
1277108189Image000012.jpg,12,15,PEDESTRIAN_CROSSING,752,524,764,539
1277108189Image000012.jpg,11,10,50_SIGN,755,542,766,552
1277108189Image000012.jpg,13,12,PEDESTRIAN_CROSSING,517,532,530,544
1277108189Image000012.jpg,16,15,PASS_RIGHT_SIDE,625,538,641,553
1277108189Image000012.jpg,10,11,PEDESTRIAN_CROSSING,648,534,658,545
1277108189Image000012.jpg,10,9,PASS_RIGHT_SIDE,647,546,657,555
1277108189Image000012.jpg,6,7,PASS_RIGHT_SIDE,655,548,661,555
1277108189Image000012.jpg,8,9,PEDESTRIAN_CROSSING,649,536,657,545
1277108189Image000012.jpg,46,50,PRIORITY_ROAD,949,455,995,505
1277108189Image000012.jpg,12,15,PEDESTRIAN_CROSSING,752,524,764,539
1277108189Image000012.jpg,11,10,50_SIGN,755,542,766,552
1277108189Image000012.jpg,13,12,PEDESTRIAN_CROSSING,517,532,530,544
1277108189Image000012.jpg,16,15,PASS_RIGHT_SIDE,625,538,641,553
1277108189Image000012.jpg,10,11,PEDESTRIAN_CROSSING,648,534,658,545
1277108189Image000012.jpg,10,9,PASS_RIGHT_SIDE,647,546,657,555
1277108189Image000012.jpg,6,7,PASS_RIGHT_SIDE,655,548,661,555
1277108189Image000012.jpg,8,9,PEDESTRIAN_CROSSING,649,536,657,545
1277108189Image000012.jpg,46,50,PRIORITY_ROAD,949,455,995,505
1277108189Image000012.jpg,12,15,PEDESTRIAN_CROSSING,752,524,764,539
1277108189Image000012.jpg,11,10,50_SIGN,755,542,766,552
1277108189Image000012.jpg,13,12,PEDESTRIAN_CROSSING,517,532,530,544
1277108189Image000012.jpg,16,15,PASS_RIGHT_SIDE,625,538,641,553
1277108189Image000012.jpg,10,11,PEDESTRIAN_CROSSING,648,534,658,545
1277108189Image000012.jpg,10,9,PASS_RIGHT_SIDE,647,546,657,555
1277108189Image000012.jpg,6,7,PASS_RIGHT_SIDE,655,548,661,555
1277108189Image000012.jpg,8,9,PEDESTRIAN_CROSSING,649,536,657,545
1277108189Image000012.jpg,46,50,PRIORITY_ROAD,949,455,995,505
1277108189Image000012.jpg,12,15,PEDESTRIAN_CROSSING,752,524,764,539
1277108189Image000012.jpg,11,10,50_SIGN,755,542,766,552
1277108189Image000012.jpg,13,12,PEDESTRIAN_CROSSING,517,532,530,544
1277108189Image000012.jpg,16,15,PASS_RIGHT_SIDE,625,538,641,553
1277108189Image000012.jpg,10,11,PEDESTRIAN_CROSSING,648,534,658,545
1277108189Image000012.jpg,10,9,PASS_RIGHT_SIDE,647,546,657,555
1277108189Image000012.jpg,6,7,PASS_RIGHT_SIDE,655,548,661,555
1277108189Image000012.jpg,8,9,PEDESTRIAN_CROSSING,649,536,657,545
1277108189Image000012.jpg,46,50,PRIORITY_ROAD,949,455,995,505
1277108189Image000012.jpg,12,15,PEDESTRIAN_CROSSING,752,524,764,539
1277108189Image000012.jpg,11,10,50_SIGN,755,542,766,552
1277108189Image000012.jpg,13,12,PEDESTRIAN_CROSSING,517,532,530,544
1277108189Image000012.jpg,16,15,PASS_RIGHT_SIDE,625,538,641,553
1277108189Image000012.jpg,10,11,PEDESTRIAN_CROSSING,648,534,658,545
1277108189Image000012.jpg,10,9,PASS_RIGHT_SIDE,647,546,657,555
1277108189Image000012.jpg,6,7,PASS_RIGHT_SIDE,655,548,661,555
1277108189Image000012.jpg,8,9,PEDESTRIAN_CROSSING,649,536,657,545
1277108189Image000012.jpg,46,50,PRIORITY_ROAD,949,455,995,505
1277108189Image000012.jpg,12,15,PEDESTRIAN_CROSSING,752,524,764,539
1277108189Image000012.jpg,11,10,50_SIGN,755,542,766,552
1277108189Image000012.jpg,13,12,PEDESTRIAN_CROSSING,517,532,530,544
1277108189Image000012.jpg,16,15,PASS_RIGHT_SIDE,625,538,641,553
1277108189Image000012.jpg,10,11,PEDESTRIAN_CROSSING,648,534,658,545
1277108189Image000012.jpg,10,9,PASS_RIGHT_SIDE,647,546,657,555
1277108189Image000012.jpg,6,7,PASS_RIGHT_SIDE,655,548,661,555
1277108189Image000012.jpg,8,9,PEDESTRIAN_CROSSING,649,536,657,545
1277108189Image000012.jpg,46,50,PRIORITY_ROAD,949,455,995,505
1277108189Image000012.jpg,12,15,PEDESTRIAN_CROSSING,752,524,764,539
1277108189Image000012.jpg,11,10,50_SIGN,755,542,766,552
1277108189Image000012.jpg,13,12,PEDESTRIAN_CROSSING,517,532,530,544
1277108189Image000012.jpg,16,15,PASS_RIGHT_SIDE,625,538,641,553
1277108189Image000012.jpg,10,11,PEDESTRIAN_CROSSING,648,534,658,545
1277108189Image000012.jpg,10,9,PASS_RIGHT_SIDE,647,546,657,555
1277108189Image000012.jpg,6,7,PASS_RIGHT_SIDE,655,548,661,555
1277108189Image000012.jpg,8,9,PEDESTRIAN_CROSSING,649,536,657,545
1277108189Image000012.jpg,46,50,PRIORITY_ROAD,949,455,995,505
1277108189Image000012.jpg,12,15,PEDESTRIAN_CROSSING,752,524,764,539
1277108189Image000012.jpg,11,10,50_SIGN,755,542,766,552
1277108189Image000012.jpg,13,12,PEDESTRIAN_CROSSING,517,532,530,544
1277108189Image000012.jpg,16,15,PASS_RIGHT_SIDE,625,538,641,553
1277108189Image000012.jpg,10,11,PEDESTRIAN_CROSSING,648,534,658,545
1277108189Image000012.jpg,10,9,PASS_RIGHT_SIDE,647,546,657,555
1277108189Image000012.jpg,6,7,PASS_RIGHT_SIDE,655,548,661,555
1277108189Image000012.jpg,8,9,PEDESTRIAN_CROSSING,649,536,657,545
1277108189Image000017.jpg,50,54,PRIORITY_ROAD,1002,456,1052,510
1277108189Image000017.jpg,13,13,PEDESTRIAN_CROSSING,735,540,748,553
1277108189Image000017.jpg,12,11,50_SIGN,733,559,745,570
1277108189Image000017.jpg,13,13,PEDESTRIAN_CROSSING,490,549,503,562
1277108189Image000017.jpg,16,18,PASS_RIGHT_SIDE,603,553,619,571
1277108189Image000017.jpg,10,11,PEDESTRIAN_CROSSING,625,551,635,562
1277108189Image000017.jpg,10,11,PASS_RIGHT_SIDE,624,562,634,573
1277108189Image000017.jpg,8,7,PEDESTRIAN_CROSSING,635,562,643,569
1277108189Image000017.jpg,8,8,PASS_RIGHT_SIDE,636,569,644,577
1277108189Image000017.jpg,50,54,PRIORITY_ROAD,1002,456,1052,510
1277108189Image000017.jpg,13,13,PEDESTRIAN_CROSSING,735,540,748,553
1277108189Image000017.jpg,12,11,50_SIGN,733,559,745,570
1277108189Image000017.jpg,13,13,PEDESTRIAN_CROSSING,490,549,503,562
1277108189Image000017.jpg,16,18,PASS_RIGHT_SIDE,603,553,619,571
1277108189Image000017.jpg,10,11,PEDESTRIAN_CROSSING,625,551,635,562
1277108189Image000017.jpg,10,11,PASS_RIGHT_SIDE,624,562,634,573
1277108189Image000017.jpg,8,7,PEDESTRIAN_CROSSING,635,562,643,569
1277108189Image000017.jpg,8,8,PASS_RIGHT_SIDE,636,569,644,577
1277108189Image000017.jpg,50,54,PRIORITY_ROAD,1002,456,1052,510
1277108189Image000017.jpg,13,13,PEDESTRIAN_CROSSING,735,540,748,553
1277108189Image000017.jpg,12,11,50_SIGN,733,559,745,570
1277108189Image000017.jpg,13,13,PEDESTRIAN_CROSSING,490,549,503,562
1277108189Image000017.jpg,16,18,PASS_RIGHT_SIDE,603,553,619,571
1277108189Image000017.jpg,10,11,PEDESTRIAN_CROSSING,625,551,635,562
1277108189Image000017.jpg,10,11,PASS_RIGHT_SIDE,624,562,634,573
1277108189Image000017.jpg,8,7,PEDESTRIAN_CROSSING,635,562,643,569
1277108189Image000017.jpg,8,8,PASS_RIGHT_SIDE,636,569,644,577
1277108189Image000017.jpg,50,54,PRIORITY_ROAD,1002,456,1052,510
1277108189Image000017.jpg,13,13,PEDESTRIAN_CROSSING,735,540,748,553
1277108189Image000017.jpg,12,11,50_SIGN,733,559,745,570
1277108189Image000017.jpg,13,13,PEDESTRIAN_CROSSING,490,549,503,562
1277108189Image000017.jpg,16,18,PASS_RIGHT_SIDE,603,553,619,571
1277108189Image000017.jpg,10,11,PEDESTRIAN_CROSSING,625,551,635,562
1277108189Image000017.jpg,10,11,PASS_RIGHT_SIDE,624,562,634,573
1277108189Image000017.jpg,8,7,PEDESTRIAN_CROSSING,635,562,643,569
1277108189Image000017.jpg,8,8,PASS_RIGHT_SIDE,636,569,644,577
1277108189Image000017.jpg,50,54,PRIORITY_ROAD,1002,456,1052,510
1277108189Image000017.jpg,13,13,PEDESTRIAN_CROSSING,735,540,748,553
1277108189Image000017.jpg,12,11,50_SIGN,733,559,745,570
1277108189Image000017.jpg,13,13,PEDESTRIAN_CROSSING,490,549,503,562
1277108189Image000017.jpg,16,18,PASS_RIGHT_SIDE,603,553,619,571
1277108189Image000017.jpg,10,11,PEDESTRIAN_CROSSING,625,551,635,562
1277108189Image000017.jpg,10,11,PASS_RIGHT_SIDE,624,562,634,573
1277108189Image000017.jpg,8,7,PEDESTRIAN_CROSSING,635,562,643,569
1277108189Image000017.jpg,8,8,PASS_RIGHT_SIDE,636,569,644,577
1277108189Image000017.jpg,50,54,PRIORITY_ROAD,1002,456,1052,510
1277108189Image000017.jpg,13,13,PEDESTRIAN_CROSSING,735,540,748,553
1277108189Image000017.jpg,12,11,50_SIGN,733,559,745,570
1277108189Image000017.jpg,13,13,PEDESTRIAN_CROSSING,490,549,503,562
1277108189Image000017.jpg,16,18,PASS_RIGHT_SIDE,603,553,619,571
1277108189Image000017.jpg,10,11,PEDESTRIAN_CROSSING,625,551,635,562
1277108189Image000017.jpg,10,11,PASS_RIGHT_SIDE,624,562,634,573
1277108189Image000017.jpg,8,7,PEDESTRIAN_CROSSING,635,562,643,569
1277108189Image000017.jpg,8,8,PASS_RIGHT_SIDE,636,569,644,577
1277108189Image000017.jpg,50,54,PRIORITY_ROAD,1002,456,1052,510
1277108189Image000017.jpg,13,13,PEDESTRIAN_CROSSING,735,540,748,553
1277108189Image000017.jpg,12,11,50_SIGN,733,559,745,570
1277108189Image000017.jpg,13,13,PEDESTRIAN_CROSSING,490,549,503,562
1277108189Image000017.jpg,16,18,PASS_RIGHT_SIDE,603,553,619,571
1277108189Image000017.jpg,10,11,PEDESTRIAN_CROSSING,625,551,635,562
1277108189Image000017.jpg,10,11,PASS_RIGHT_SIDE,624,562,634,573
1277108189Image000017.jpg,8,7,PEDESTRIAN_CROSSING,635,562,643,569
1277108189Image000017.jpg,8,8,PASS_RIGHT_SIDE,636,569,644,577
1277108189Image000017.jpg,50,54,PRIORITY_ROAD,1002,456,1052,510
1277108189Image000017.jpg,13,13,PEDESTRIAN_CROSSING,735,540,748,553
1277108189Image000017.jpg,12,11,50_SIGN,733,559,745,570
1277108189Image000017.jpg,13,13,PEDESTRIAN_CROSSING,490,549,503,562
1277108189Image000017.jpg,16,18,PASS_RIGHT_SIDE,603,553,619,571
1277108189Image000017.jpg,10,11,PEDESTRIAN_CROSSING,625,551,635,562
1277108189Image000017.jpg,10,11,PASS_RIGHT_SIDE,624,562,634,573
1277108189Image000017.jpg,8,7,PEDESTRIAN_CROSSING,635,562,643,569
1277108189Image000017.jpg,8,8,PASS_RIGHT_SIDE,636,569,644,577
1277108189Image000017.jpg,50,54,PRIORITY_ROAD,1002,456,1052,510
1277108189Image000017.jpg,13,13,PEDESTRIAN_CROSSING,735,540,748,553
1277108189Image000017.jpg,12,11,50_SIGN,733,559,745,570
1277108189Image000017.jpg,13,13,PEDESTRIAN_CROSSING,490,549,503,562
1277108189Image000017.jpg,16,18,PASS_RIGHT_SIDE,603,553,619,571
1277108189Image000017.jpg,10,11,PEDESTRIAN_CROSSING,625,551,635,562
1277108189Image000017.jpg,10,11,PASS_RIGHT_SIDE,624,562,634,573
1277108189Image000017.jpg,8,7,PEDESTRIAN_CROSSING,635,562,643,569
1277108189Image000017.jpg,8,8,PASS_RIGHT_SIDE,636,569,644,577
1277108189Image000017.jpg,50,54,PRIORITY_ROAD,1002,456,1052,510
1277108189Image000017.jpg,13,13,PEDESTRIAN_CROSSING,735,540,748,553
1277108189Image000017.jpg,12,11,50_SIGN,733,559,745,570
1277108189Image000017.jpg,13,13,PEDESTRIAN_CROSSING,490,549,503,562
1277108189Image000017.jpg,16,18,PASS_RIGHT_SIDE,603,553,619,571
1277108189Image000017.jpg,10,11,PEDESTRIAN_CROSSING,625,551,635,562
1277108189Image000017.jpg,10,11,PASS_RIGHT_SIDE,624,562,634,573
1277108189Image000017.jpg,8,7,PEDESTRIAN_CROSSING,635,562,643,569
1277108189Image000017.jpg,8,8,PASS_RIGHT_SIDE,636,569,644,577
1277108189Image000022.jpg,67,70,PRIORITY_ROAD,1102,415,1169,485
1277108189Image000022.jpg,13,14,PEDESTRIAN_CROSSING,715,532,728,546
1277108189Image000022.jpg,10,12,50_SIGN,710,552,720,564
1277108189Image000022.jpg,12,13,PEDESTRIAN_CROSSING,458,540,470,553
1277108189Image000022.jpg,16,16,PASS_RIGHT_SIDE,576,547,592,563
1277108189Image000022.jpg,11,11,PEDESTRIAN_CROSSING,597,544,608,555
1277108189Image000022.jpg,11,11,PASS_RIGHT_SIDE,597,555,608,566
1277108189Image000022.jpg,7,9,PEDESTRIAN_CROSSING,606,554,613,563
1277108189Image000022.jpg,7,8,PASS_RIGHT_SIDE,607,562,614,570
1277108189Image000022.jpg,67,70,PRIORITY_ROAD,1102,415,1169,485
1277108189Image000022.jpg,13,14,PEDESTRIAN_CROSSING,715,532,728,546
1277108189Image000022.jpg,10,12,50_SIGN,710,552,720,564
1277108189Image000022.jpg,12,13,PEDESTRIAN_CROSSING,458,540,470,553
1277108189Image000022.jpg,16,16,PASS_RIGHT_SIDE,576,547,592,563
1277108189Image000022.jpg,11,11,PEDESTRIAN_CROSSING,597,544,608,555
1277108189Image000022.jpg,11,11,PASS_RIGHT_SIDE,597,555,608,566
1277108189Image000022.jpg,7,9,PEDESTRIAN_CROSSING,606,554,613,563
1277108189Image000022.jpg,7,8,PASS_RIGHT_SIDE,607,562,614,570
1277108189Image000022.jpg,67,70,PRIORITY_ROAD,1102,415,1169,485
1277108189Image000022.jpg,13,14,PEDESTRIAN_CROSSING,715,532,728,546
1277108189Image000022.jpg,10,12,50_SIGN,710,552,720,564
1277108189Image000022.jpg,12,13,PEDESTRIAN_CROSSING,458,540,470,553
1277108189Image000022.jpg,16,16,PASS_RIGHT_SIDE,576,547,592,563
1277108189Image000022.jpg,11,11,PEDESTRIAN_CROSSING,597,544,608,555
1277108189Image000022.jpg,11,11,PASS_RIGHT_SIDE,597,555,608,566
1277108189Image000022.jpg,7,9,PEDESTRIAN_CROSSING,606,554,613,563
1277108189Image000022.jpg,7,8,PASS_RIGHT_SIDE,607,562,614,570
1277108189Image000022.jpg,67,70,PRIORITY_ROAD,1102,415,1169,485
1277108189Image000022.jpg,13,14,PEDESTRIAN_CROSSING,715,532,728,546
1277108189Image000022.jpg,10,12,50_SIGN,710,552,720,564
1277108189Image000022.jpg,12,13,PEDESTRIAN_CROSSING,458,540,470,553
1277108189Image000022.jpg,16,16,PASS_RIGHT_SIDE,576,547,592,563
1277108189Image000022.jpg,11,11,PEDESTRIAN_CROSSING,597,544,608,555
1277108189Image000022.jpg,11,11,PASS_RIGHT_SIDE,597,555,608,566
1277108189Image000022.jpg,7,9,PEDESTRIAN_CROSSING,606,554,613,563
1277108189Image000022.jpg,7,8,PASS_RIGHT_SIDE,607,562,614,570
1277108189Image000022.jpg,67,70,PRIORITY_ROAD,1102,415,1169,485
1277108189Image000022.jpg,13,14,PEDESTRIAN_CROSSING,715,532,728,546
1277108189Image000022.jpg,10,12,50_SIGN,710,552,720,564
1277108189Image000022.jpg,12,13,PEDESTRIAN_CROSSING,458,540,470,553
1277108189Image000022.jpg,16,16,PASS_RIGHT_SIDE,576,547,592,563
1277108189Image000022.jpg,11,11,PEDESTRIAN_CROSSING,597,544,608,555
1277108189Image000022.jpg,11,11,PASS_RIGHT_SIDE,597,555,608,566
1277108189Image000022.jpg,7,9,PEDESTRIAN_CROSSING,606,554,613,563
1277108189Image000022.jpg,7,8,PASS_RIGHT_SIDE,607,562,614,570
1277108189Image000022.jpg,67,70,PRIORITY_ROAD,1102,415,1169,485
1277108189Image000022.jpg,13,14,PEDESTRIAN_CROSSING,715,532,728,546
1277108189Image000022.jpg,10,12,50_SIGN,710,552,720,564
1277108189Image000022.jpg,12,13,PEDESTRIAN_CROSSING,458,540,470,553
1277108189Image000022.jpg,16,16,PASS_RIGHT_SIDE,576,547,592,563
1277108189Image000022.jpg,11,11,PEDESTRIAN_CROSSING,597,544,608,555
1277108189Image000022.jpg,11,11,PASS_RIGHT_SIDE,597,555,608,566
1277108189Image000022.jpg,7,9,PEDESTRIAN_CROSSING,606,554,613,563
1277108189Image000022.jpg,7,8,PASS_RIGHT_SIDE,607,562,614,570
1277108189Image000022.jpg,67,70,PRIORITY_ROAD,1102,415,1169,485
1277108189Image000022.jpg,13,14,PEDESTRIAN_CROSSING,715,532,728,546
1277108189Image000022.jpg,10,12,50_SIGN,710,552,720,564
1277108189Image000022.jpg,12,13,PEDESTRIAN_CROSSING,458,540,470,553
1277108189Image000022.jpg,16,16,PASS_RIGHT_SIDE,576,547,592,563
1277108189Image000022.jpg,11,11,PEDESTRIAN_CROSSING,597,544,608,555
1277108189Image000022.jpg,11,11,PASS_RIGHT_SIDE,597,555,608,566
1277108189Image000022.jpg,7,9,PEDESTRIAN_CROSSING,606,554,613,563
1277108189Image000022.jpg,7,8,PASS_RIGHT_SIDE,607,562,614,570
1277108189Image000022.jpg,67,70,PRIORITY_ROAD,1102,415,1169,485
1277108189Image000022.jpg,13,14,PEDESTRIAN_CROSSING,715,532,728,546
1277108189Image000022.jpg,10,12,50_SIGN,710,552,720,564
1277108189Image000022.jpg,12,13,PEDESTRIAN_CROSSING,458,540,470,553
1277108189Image000022.jpg,16,16,PASS_RIGHT_SIDE,576,547,592,563
1277108189Image000022.jpg,11,11,PEDESTRIAN_CROSSING,597,544,608,555
1277108189Image000022.jpg,11,11,PASS_RIGHT_SIDE,597,555,608,566
1277108189Image000022.jpg,7,9,PEDESTRIAN_CROSSING,606,554,613,563
1277108189Image000022.jpg,7,8,PASS_RIGHT_SIDE,607,562,614,570
1277108189Image000022.jpg,67,70,PRIORITY_ROAD,1102,415,1169,485
1277108189Image000022.jpg,13,14,PEDESTRIAN_CROSSING,715,532,728,546
1277108189Image000022.jpg,10,12,50_SIGN,710,552,720,564
1277108189Image000022.jpg,12,13,PEDESTRIAN_CROSSING,458,540,470,553
1277108189Image000022.jpg,16,16,PASS_RIGHT_SIDE,576,547,592,563
1277108189Image000022.jpg,11,11,PEDESTRIAN_CROSSING,597,544,608,555
1277108189Image000022.jpg,11,11,PASS_RIGHT_SIDE,597,555,608,566
1277108189Image000022.jpg,7,9,PEDESTRIAN_CROSSING,606,554,613,563
1277108189Image000022.jpg,7,8,PASS_RIGHT_SIDE,607,562,614,570
1277108189Image000022.jpg,67,70,PRIORITY_ROAD,1102,415,1169,485
1277108189Image000022.jpg,13,14,PEDESTRIAN_CROSSING,715,532,728,546
1277108189Image000022.jpg,10,12,50_SIGN,710,552,720,564
1277108189Image000022.jpg,12,13,PEDESTRIAN_CROSSING,458,540,470,553
1277108189Image000022.jpg,16,16,PASS_RIGHT_SIDE,576,547,592,563
1277108189Image000022.jpg,11,11,PEDESTRIAN_CROSSING,597,544,608,555
1277108189Image000022.jpg,11,11,PASS_RIGHT_SIDE,597,555,608,566
1277108189Image000022.jpg,7,9,PEDESTRIAN_CROSSING,606,554,613,563
1277108189Image000022.jpg,7,8,PASS_RIGHT_SIDE,607,562,614,570
1277108194Image000006.jpg,24,26,PEDESTRIAN_CROSSING,678,497,702,523
1277108194Image000006.jpg,16,14,50_SIGN,628,542,644,556
1277108194Image000006.jpg,29,28,PASS_RIGHT_SIDE,424,523,453,551
1277108194Image000006.jpg,26,26,PEDESTRIAN_CROSSING,207,509,233,535
1277108194Image000006.jpg,14,17,PEDESTRIAN_CROSSING,461,528,475,545
1277108194Image000006.jpg,14,14,PASS_RIGHT_SIDE,462,545,476,559
1277108194Image000006.jpg,24,26,PEDESTRIAN_CROSSING,678,497,702,523
1277108194Image000006.jpg,16,14,50_SIGN,628,542,644,556
1277108194Image000006.jpg,29,28,PASS_RIGHT_SIDE,424,523,453,551
1277108194Image000006.jpg,26,26,PEDESTRIAN_CROSSING,207,509,233,535
1277108194Image000006.jpg,14,17,PEDESTRIAN_CROSSING,461,528,475,545
1277108194Image000006.jpg,14,14,PASS_RIGHT_SIDE,462,545,476,559
1277108194Image000006.jpg,24,26,PEDESTRIAN_CROSSING,678,497,702,523
1277108194Image000006.jpg,16,14,50_SIGN,628,542,644,556
1277108194Image000006.jpg,29,28,PASS_RIGHT_SIDE,424,523,453,551
1277108194Image000006.jpg,26,26,PEDESTRIAN_CROSSING,207,509,233,535
1277108194Image000006.jpg,14,17,PEDESTRIAN_CROSSING,461,528,475,545
1277108194Image000006.jpg,14,14,PASS_RIGHT_SIDE,462,545,476,559
1277108194Image000006.jpg,24,26,PEDESTRIAN_CROSSING,678,497,702,523
1277108194Image000006.jpg,16,14,50_SIGN,628,542,644,556
1277108194Image000006.jpg,29,28,PASS_RIGHT_SIDE,424,523,453,551
1277108194Image000006.jpg,26,26,PEDESTRIAN_CROSSING,207,509,233,535
1277108194Image000006.jpg,14,17,PEDESTRIAN_CROSSING,461,528,475,545
1277108194Image000006.jpg,14,14,PASS_RIGHT_SIDE,462,545,476,559
1277108194Image000006.jpg,24,26,PEDESTRIAN_CROSSING,678,497,702,523
1277108194Image000006.jpg,16,14,50_SIGN,628,542,644,556
1277108194Image000006.jpg,29,28,PASS_RIGHT_SIDE,424,523,453,551
1277108194Image000006.jpg,26,26,PEDESTRIAN_CROSSING,207,509,233,535
1277108194Image000006.jpg,14,17,PEDESTRIAN_CROSSING,461,528,475,545
1277108194Image000006.jpg,14,14,PASS_RIGHT_SIDE,462,545,476,559
1277108194Image000006.jpg,24,26,PEDESTRIAN_CROSSING,678,497,702,523
1277108194Image000006.jpg,16,14,50_SIGN,628,542,644,556
1277108194Image000006.jpg,29,28,PASS_RIGHT_SIDE,424,523,453,551
1277108194Image000006.jpg,26,26,PEDESTRIAN_CROSSING,207,509,233,535
1277108194Image000006.jpg,14,17,PEDESTRIAN_CROSSING,461,528,475,545
1277108194Image000006.jpg,14,14,PASS_RIGHT_SIDE,462,545,476,559
1277108194Image000006.jpg,24,26,PEDESTRIAN_CROSSING,678,497,702,523
1277108194Image000006.jpg,16,14,50_SIGN,628,542,644,556
1277108194Image000006.jpg,29,28,PASS_RIGHT_SIDE,424,523,453,551
1277108194Image000006.jpg,26,26,PEDESTRIAN_CROSSING,207,509,233,535
1277108194Image000006.jpg,14,17,PEDESTRIAN_CROSSING,461,528,475,545
1277108194Image000006.jpg,14,14,PASS_RIGHT_SIDE,462,545,476,559
1277108194Image000011.jpg,28,27,PEDESTRIAN_CROSSING,689,488,717,515
1277108194Image000011.jpg,15,16,50_SIGN,633,537,648,553
1277108194Image000011.jpg,30,26,PEDESTRIAN_CROSSING,182,501,212,527
1277108194Image000011.jpg,30,30,PASS_RIGHT_SIDE,418,516,448,546
1277108194Image000011.jpg,15,15,PEDESTRIAN_CROSSING,459,524,474,539
1277108194Image000011.jpg,17,15,PASS_RIGHT_SIDE,458,539,475,554
1277108194Image000011.jpg,28,27,PEDESTRIAN_CROSSING,689,488,717,515
1277108194Image000011.jpg,15,16,50_SIGN,633,537,648,553
1277108194Image000011.jpg,30,26,PEDESTRIAN_CROSSING,182,501,212,527
1277108194Image000011.jpg,30,30,PASS_RIGHT_SIDE,418,516,448,546
1277108194Image000011.jpg,15,15,PEDESTRIAN_CROSSING,459,524,474,539
1277108194Image000011.jpg,17,15,PASS_RIGHT_SIDE,458,539,475,554
1277108194Image000011.jpg,28,27,PEDESTRIAN_CROSSING,689,488,717,515
1277108194Image000011.jpg,15,16,50_SIGN,633,537,648,553
1277108194Image000011.jpg,30,26,PEDESTRIAN_CROSSING,182,501,212,527
1277108194Image000011.jpg,30,30,PASS_RIGHT_SIDE,418,516,448,546
1277108194Image000011.jpg,15,15,PEDESTRIAN_CROSSING,459,524,474,539
1277108194Image000011.jpg,17,15,PASS_RIGHT_SIDE,458,539,475,554
1277108194Image000011.jpg,28,27,PEDESTRIAN_CROSSING,689,488,717,515
1277108194Image000011.jpg,15,16,50_SIGN,633,537,648,553
1277108194Image000011.jpg,30,26,PEDESTRIAN_CROSSING,182,501,212,527
1277108194Image000011.jpg,30,30,PASS_RIGHT_SIDE,418,516,448,546
1277108194Image000011.jpg,15,15,PEDESTRIAN_CROSSING,459,524,474,539
1277108194Image000011.jpg,17,15,PASS_RIGHT_SIDE,458,539,475,554
1277108194Image000011.jpg,28,27,PEDESTRIAN_CROSSING,689,488,717,515
1277108194Image000011.jpg,15,16,50_SIGN,633,537,648,553
1277108194Image000011.jpg,30,26,PEDESTRIAN_CROSSING,182,501,212,527
1277108194Image000011.jpg,30,30,PASS_RIGHT_SIDE,418,516,448,546
1277108194Image000011.jpg,15,15,PEDESTRIAN_CROSSING,459,524,474,539
1277108194Image000011.jpg,17,15,PASS_RIGHT_SIDE,458,539,475,554
1277108194Image000011.jpg,28,27,PEDESTRIAN_CROSSING,689,488,717,515
1277108194Image000011.jpg,15,16,50_SIGN,633,537,648,553
1277108194Image000011.jpg,30,26,PEDESTRIAN_CROSSING,182,501,212,527
1277108194Image000011.jpg,30,30,PASS_RIGHT_SIDE,418,516,448,546
1277108194Image000011.jpg,15,15,PEDESTRIAN_CROSSING,459,524,474,539
1277108194Image000011.jpg,17,15,PASS_RIGHT_SIDE,458,539,475,554
1277108194Image000011.jpg,28,27,PEDESTRIAN_CROSSING,689,488,717,515
1277108194Image000011.jpg,15,16,50_SIGN,633,537,648,553
1277108194Image000011.jpg,30,26,PEDESTRIAN_CROSSING,182,501,212,527
1277108194Image000011.jpg,30,30,PASS_RIGHT_SIDE,418,516,448,546
1277108194Image000011.jpg,15,15,PEDESTRIAN_CROSSING,459,524,474,539
1277108194Image000011.jpg,17,15,PASS_RIGHT_SIDE,458,539,475,554
1277108194Image000016.jpg,29,29,PEDESTRIAN_CROSSING,712,475,741,504
1277108194Image000016.jpg,33,31,PEDESTRIAN_CROSSING,143,488,176,519
1277108194Image000016.jpg,33,34,PASS_RIGHT_SIDE,406,505,439,539
1277108194Image000016.jpg,16,16,PEDESTRIAN_CROSSING,454,517,470,533
1277108194Image000016.jpg,18,16,PASS_RIGHT_SIDE,453,534,471,550
1277108194Image000016.jpg,21,17,50_SIGN,637,531,658,548
1277108194Image000016.jpg,29,29,PEDESTRIAN_CROSSING,712,475,741,504
1277108194Image000016.jpg,33,31,PEDESTRIAN_CROSSING,143,488,176,519
1277108194Image000016.jpg,33,34,PASS_RIGHT_SIDE,406,505,439,539
1277108194Image000016.jpg,16,16,PEDESTRIAN_CROSSING,454,517,470,533
1277108194Image000016.jpg,18,16,PASS_RIGHT_SIDE,453,534,471,550
1277108194Image000016.jpg,21,17,50_SIGN,637,531,658,548
1277108194Image000016.jpg,29,29,PEDESTRIAN_CROSSING,712,475,741,504
1277108194Image000016.jpg,33,31,PEDESTRIAN_CROSSING,143,488,176,519
1277108194Image000016.jpg,33,34,PASS_RIGHT_SIDE,406,505,439,539
1277108194Image000016.jpg,16,16,PEDESTRIAN_CROSSING,454,517,470,533
1277108194Image000016.jpg,18,16,PASS_RIGHT_SIDE,453,534,471,550
1277108194Image000016.jpg,21,17,50_SIGN,637,531,658,548
1277108194Image000016.jpg,29,29,PEDESTRIAN_CROSSING,712,475,741,504
1277108194Image000016.jpg,33,31,PEDESTRIAN_CROSSING,143,488,176,519
1277108194Image000016.jpg,33,34,PASS_RIGHT_SIDE,406,505,439,539
1277108194Image000016.jpg,16,16,PEDESTRIAN_CROSSING,454,517,470,533
1277108194Image000016.jpg,18,16,PASS_RIGHT_SIDE,453,534,471,550
1277108194Image000016.jpg,21,17,50_SIGN,637,531,658,548
1277108194Image000016.jpg,29,29,PEDESTRIAN_CROSSING,712,475,741,504
1277108194Image000016.jpg,33,31,PEDESTRIAN_CROSSING,143,488,176,519
1277108194Image000016.jpg,33,34,PASS_RIGHT_SIDE,406,505,439,539
1277108194Image000016.jpg,16,16,PEDESTRIAN_CROSSING,454,517,470,533
1277108194Image000016.jpg,18,16,PASS_RIGHT_SIDE,453,534,471,550
1277108194Image000016.jpg,21,17,50_SIGN,637,531,658,548
1277108194Image000016.jpg,29,29,PEDESTRIAN_CROSSING,712,475,741,504
1277108194Image000016.jpg,33,31,PEDESTRIAN_CROSSING,143,488,176,519
1277108194Image000016.jpg,33,34,PASS_RIGHT_SIDE,406,505,439,539
1277108194Image000016.jpg,16,16,PEDESTRIAN_CROSSING,454,517,470,533
1277108194Image000016.jpg,18,16,PASS_RIGHT_SIDE,453,534,471,550
1277108194Image000016.jpg,21,17,50_SIGN,637,531,658,548
1277108194Image000016.jpg,29,29,PEDESTRIAN_CROSSING,712,475,741,504
1277108194Image000016.jpg,33,31,PEDESTRIAN_CROSSING,143,488,176,519
1277108194Image000016.jpg,33,34,PASS_RIGHT_SIDE,406,505,439,539
1277108194Image000016.jpg,16,16,PEDESTRIAN_CROSSING,454,517,470,533
1277108194Image000016.jpg,18,16,PASS_RIGHT_SIDE,453,534,471,550
1277108194Image000016.jpg,21,17,50_SIGN,637,531,658,548
1277108194Image000026.jpg,40,44,PEDESTRIAN_CROSSING,771,439,811,483
1277108194Image000026.jpg,22,21,50_SIGN,629,530,651,551
1277108194Image000026.jpg,48,49,PASS_RIGHT_SIDE,329,485,377,534
1277108194Image000026.jpg,19,19,PEDESTRIAN_CROSSING,410,514,429,533
1277108194Image000026.jpg,22,22,PASS_RIGHT_SIDE,409,533,431,555
1277108194Image000026.jpg,40,44,PEDESTRIAN_CROSSING,771,439,811,483
1277108194Image000026.jpg,22,21,50_SIGN,629,530,651,551
1277108194Image000026.jpg,48,49,PASS_RIGHT_SIDE,329,485,377,534
1277108194Image000026.jpg,19,19,PEDESTRIAN_CROSSING,410,514,429,533
1277108194Image000026.jpg,22,22,PASS_RIGHT_SIDE,409,533,431,555
1277108194Image000026.jpg,40,44,PEDESTRIAN_CROSSING,771,439,811,483
1277108194Image000026.jpg,22,21,50_SIGN,629,530,651,551
1277108194Image000026.jpg,48,49,PASS_RIGHT_SIDE,329,485,377,534
1277108194Image000026.jpg,19,19,PEDESTRIAN_CROSSING,410,514,429,533
1277108194Image000026.jpg,22,22,PASS_RIGHT_SIDE,409,533,431,555
1277108194Image000026.jpg,40,44,PEDESTRIAN_CROSSING,771,439,811,483
1277108194Image000026.jpg,22,21,50_SIGN,629,530,651,551
1277108194Image000026.jpg,48,49,PASS_RIGHT_SIDE,329,485,377,534
1277108194Image000026.jpg,19,19,PEDESTRIAN_CROSSING,410,514,429,533
1277108194Image000026.jpg,22,22,PASS_RIGHT_SIDE,409,533,431,555
1277108194Image000026.jpg,40,44,PEDESTRIAN_CROSSING,771,439,811,483
1277108194Image000026.jpg,22,21,50_SIGN,629,530,651,551
1277108194Image000026.jpg,48,49,PASS_RIGHT_SIDE,329,485,377,534
1277108194Image000026.jpg,19,19,PEDESTRIAN_CROSSING,410,514,429,533
1277108194Image000026.jpg,22,22,PASS_RIGHT_SIDE,409,533,431,555
1277108194Image000026.jpg,40,44,PEDESTRIAN_CROSSING,771,439,811,483
1277108194Image000026.jpg,22,21,50_SIGN,629,530,651,551
1277108194Image000026.jpg,48,49,PASS_RIGHT_SIDE,329,485,377,534
1277108194Image000026.jpg,19,19,PEDESTRIAN_CROSSING,410,514,429,533
1277108194Image000026.jpg,22,22,PASS_RIGHT_SIDE,409,533,431,555
1277108194Image000031.jpg,50,51,PEDESTRIAN_CROSSING,797,413,847,464
1277108194Image000031.jpg,55,57,PASS_RIGHT_SIDE,267,470,322,527
1277108194Image000031.jpg,20,21,PEDESTRIAN_CROSSING,376,510,396,531
1277108194Image000031.jpg,25,23,PASS_RIGHT_SIDE,374,531,399,554
1277108194Image000031.jpg,22,23,50_SIGN,613,528,635,551
1277108194Image000031.jpg,50,51,PEDESTRIAN_CROSSING,797,413,847,464
1277108194Image000031.jpg,55,57,PASS_RIGHT_SIDE,267,470,322,527
1277108194Image000031.jpg,20,21,PEDESTRIAN_CROSSING,376,510,396,531
1277108194Image000031.jpg,25,23,PASS_RIGHT_SIDE,374,531,399,554
1277108194Image000031.jpg,22,23,50_SIGN,613,528,635,551
1277108194Image000031.jpg,50,51,PEDESTRIAN_CROSSING,797,413,847,464
1277108194Image000031.jpg,55,57,PASS_RIGHT_SIDE,267,470,322,527
1277108194Image000031.jpg,20,21,PEDESTRIAN_CROSSING,376,510,396,531
1277108194Image000031.jpg,25,23,PASS_RIGHT_SIDE,374,531,399,554
1277108194Image000031.jpg,22,23,50_SIGN,613,528,635,551
1277108194Image000031.jpg,50,51,PEDESTRIAN_CROSSING,797,413,847,464
1277108194Image000031.jpg,55,57,PASS_RIGHT_SIDE,267,470,322,527
1277108194Image000031.jpg,20,21,PEDESTRIAN_CROSSING,376,510,396,531
1277108194Image000031.jpg,25,23,PASS_RIGHT_SIDE,374,531,399,554
1277108194Image000031.jpg,22,23,50_SIGN,613,528,635,551
1277108194Image000031.jpg,50,51,PEDESTRIAN_CROSSING,797,413,847,464
1277108194Image000031.jpg,55,57,PASS_RIGHT_SIDE,267,470,322,527
1277108194Image000031.jpg,20,21,PEDESTRIAN_CROSSING,376,510,396,531
1277108194Image000031.jpg,25,23,PASS_RIGHT_SIDE,374,531,399,554
1277108194Image000031.jpg,22,23,50_SIGN,613,528,635,551
1277108194Image000031.jpg,50,51,PEDESTRIAN_CROSSING,797,413,847,464
1277108194Image000031.jpg,55,57,PASS_RIGHT_SIDE,267,470,322,527
1277108194Image000031.jpg,20,21,PEDESTRIAN_CROSSING,376,510,396,531
1277108194Image000031.jpg,25,23,PASS_RIGHT_SIDE,374,531,399,554
1277108194Image000031.jpg,22,23,50_SIGN,613,528,635,551
1277108194Image000036.jpg,57,58,PEDESTRIAN_CROSSING,826,389,883,447
1277108194Image000036.jpg,64,66,PASS_RIGHT_SIDE,209,450,273,516
1277108194Image000036.jpg,23,24,PEDESTRIAN_CROSSING,350,505,373,529
1277108194Image000036.jpg,25,26,PASS_RIGHT_SIDE,349,527,374,553
1277108194Image000036.jpg,13,14,PASS_RIGHT_SIDE,372,546,385,560
1277108194Image000036.jpg,24,26,50_SIGN,602,524,626,550
1277108194Image000036.jpg,57,58,PEDESTRIAN_CROSSING,826,389,883,447
1277108194Image000036.jpg,64,66,PASS_RIGHT_SIDE,209,450,273,516
1277108194Image000036.jpg,23,24,PEDESTRIAN_CROSSING,350,505,373,529
1277108194Image000036.jpg,25,26,PASS_RIGHT_SIDE,349,527,374,553
1277108194Image000036.jpg,13,14,PASS_RIGHT_SIDE,372,546,385,560
1277108194Image000036.jpg,24,26,50_SIGN,602,524,626,550
1277108194Image000036.jpg,57,58,PEDESTRIAN_CROSSING,826,389,883,447
1277108194Image000036.jpg,64,66,PASS_RIGHT_SIDE,209,450,273,516
1277108194Image000036.jpg,23,24,PEDESTRIAN_CROSSING,350,505,373,529
1277108194Image000036.jpg,25,26,PASS_RIGHT_SIDE,349,527,374,553
1277108194Image000036.jpg,13,14,PASS_RIGHT_SIDE,372,546,385,560
1277108194Image000036.jpg,24,26,50_SIGN,602,524,626,550
1277108194Image000036.jpg,57,58,PEDESTRIAN_CROSSING,826,389,883,447
1277108194Image000036.jpg,64,66,PASS_RIGHT_SIDE,209,450,273,516
1277108194Image000036.jpg,23,24,PEDESTRIAN_CROSSING,350,505,373,529
1277108194Image000036.jpg,25,26,PASS_RIGHT_SIDE,349,527,374,553
1277108194Image000036.jpg,13,14,PASS_RIGHT_SIDE,372,546,385,560
1277108194Image000036.jpg,24,26,50_SIGN,602,524,626,550
1277108194Image000036.jpg,57,58,PEDESTRIAN_CROSSING,826,389,883,447
1277108194Image000036.jpg,64,66,PASS_RIGHT_SIDE,209,450,273,516
1277108194Image000036.jpg,23,24,PEDESTRIAN_CROSSING,350,505,373,529
1277108194Image000036.jpg,25,26,PASS_RIGHT_SIDE,349,527,374,553
1277108194Image000036.jpg,13,14,PASS_RIGHT_SIDE,372,546,385,560
1277108194Image000036.jpg,24,26,50_SIGN,602,524,626,550
1277108194Image000036.jpg,57,58,PEDESTRIAN_CROSSING,826,389,883,447
1277108194Image000036.jpg,64,66,PASS_RIGHT_SIDE,209,450,273,516
1277108194Image000036.jpg,23,24,PEDESTRIAN_CROSSING,350,505,373,529
1277108194Image000036.jpg,25,26,PASS_RIGHT_SIDE,349,527,374,553
1277108194Image000036.jpg,13,14,PASS_RIGHT_SIDE,372,546,385,560
1277108194Image000036.jpg,24,26,50_SIGN,602,524,626,550
1277108194Image000036.jpg,57,58,PEDESTRIAN_CROSSING,826,389,883,447
1277108194Image000036.jpg,64,66,PASS_RIGHT_SIDE,209,450,273,516
1277108194Image000036.jpg,23,24,PEDESTRIAN_CROSSING,350,505,373,529
1277108194Image000036.jpg,25,26,PASS_RIGHT_SIDE,349,527,374,553
1277108194Image000036.jpg,13,14,PASS_RIGHT_SIDE,372,546,385,560
1277108194Image000036.jpg,24,26,50_SIGN,602,524,626,550
1277108194Image000041.jpg,70,72,PEDESTRIAN_CROSSING,885,348,955,420
1277108194Image000041.jpg,84,84,PASS_RIGHT_SIDE,110,422,194,506
1277108194Image000041.jpg,26,27,50_SIGN,588,523,614,550
1277108194Image000041.jpg,25,24,PEDESTRIAN_CROSSING,317,503,342,527
1277108194Image000041.jpg,27,25,PASS_RIGHT_SIDE,316,529,343,554
1277108194Image000041.jpg,13,15,PASS_RIGHT_SIDE,346,548,359,563
1277108194Image000041.jpg,11,13,PEDESTRIAN_CROSSING,357,546,368,559
1277108194Image000041.jpg,12,11,PASS_RIGHT_SIDE,356,558,368,569
1277108194Image000041.jpg,70,72,PEDESTRIAN_CROSSING,885,348,955,420
1277108194Image000041.jpg,84,84,PASS_RIGHT_SIDE,110,422,194,506
1277108194Image000041.jpg,26,27,50_SIGN,588,523,614,550
1277108194Image000041.jpg,25,24,PEDESTRIAN_CROSSING,317,503,342,527
1277108194Image000041.jpg,27,25,PASS_RIGHT_SIDE,316,529,343,554
1277108194Image000041.jpg,13,15,PASS_RIGHT_SIDE,346,548,359,563
1277108194Image000041.jpg,11,13,PEDESTRIAN_CROSSING,357,546,368,559
1277108194Image000041.jpg,12,11,PASS_RIGHT_SIDE,356,558,368,569
1277108194Image000041.jpg,70,72,PEDESTRIAN_CROSSING,885,348,955,420
1277108194Image000041.jpg,84,84,PASS_RIGHT_SIDE,110,422,194,506
1277108194Image000041.jpg,26,27,50_SIGN,588,523,614,550
1277108194Image000041.jpg,25,24,PEDESTRIAN_CROSSING,317,503,342,527
1277108194Image000041.jpg,27,25,PASS_RIGHT_SIDE,316,529,343,554
1277108194Image000041.jpg,13,15,PASS_RIGHT_SIDE,346,548,359,563
1277108194Image000041.jpg,11,13,PEDESTRIAN_CROSSING,357,546,368,559
1277108194Image000041.jpg,12,11,PASS_RIGHT_SIDE,356,558,368,569
1277108194Image000041.jpg,70,72,PEDESTRIAN_CROSSING,885,348,955,420
1277108194Image000041.jpg,84,84,PASS_RIGHT_SIDE,110,422,194,506
1277108194Image000041.jpg,26,27,50_SIGN,588,523,614,550
1277108194Image000041.jpg,25,24,PEDESTRIAN_CROSSING,317,503,342,527
1277108194Image000041.jpg,27,25,PASS_RIGHT_SIDE,316,529,343,554
1277108194Image000041.jpg,13,15,PASS_RIGHT_SIDE,346,548,359,563
1277108194Image000041.jpg,11,13,PEDESTRIAN_CROSSING,357,546,368,559
1277108194Image000041.jpg,12,11,PASS_RIGHT_SIDE,356,558,368,569
1277108194Image000041.jpg,70,72,PEDESTRIAN_CROSSING,885,348,955,420
1277108194Image000041.jpg,84,84,PASS_RIGHT_SIDE,110,422,194,506
1277108194Image000041.jpg,26,27,50_SIGN,588,523,614,550
1277108194Image000041.jpg,25,24,PEDESTRIAN_CROSSING,317,503,342,527
1277108194Image000041.jpg,27,25,PASS_RIGHT_SIDE,316,529,343,554
1277108194Image000041.jpg,13,15,PASS_RIGHT_SIDE,346,548,359,563
1277108194Image000041.jpg,11,13,PEDESTRIAN_CROSSING,357,546,368,559
1277108194Image000041.jpg,12,11,PASS_RIGHT_SIDE,356,558,368,569
1277108194Image000041.jpg,70,72,PEDESTRIAN_CROSSING,885,348,955,420
1277108194Image000041.jpg,84,84,PASS_RIGHT_SIDE,110,422,194,506
1277108194Image000041.jpg,26,27,50_SIGN,588,523,614,550
1277108194Image000041.jpg,25,24,PEDESTRIAN_CROSSING,317,503,342,527
1277108194Image000041.jpg,27,25,PASS_RIGHT_SIDE,316,529,343,554
1277108194Image000041.jpg,13,15,PASS_RIGHT_SIDE,346,548,359,563
1277108194Image000041.jpg,11,13,PEDESTRIAN_CROSSING,357,546,368,559
1277108194Image000041.jpg,12,11,PASS_RIGHT_SIDE,356,558,368,569
1277108194Image000041.jpg,70,72,PEDESTRIAN_CROSSING,885,348,955,420
1277108194Image000041.jpg,84,84,PASS_RIGHT_SIDE,110,422,194,506
1277108194Image000041.jpg,26,27,50_SIGN,588,523,614,550
1277108194Image000041.jpg,25,24,PEDESTRIAN_CROSSING,317,503,342,527
1277108194Image000041.jpg,27,25,PASS_RIGHT_SIDE,316,529,343,554
1277108194Image000041.jpg,13,15,PASS_RIGHT_SIDE,346,548,359,563
1277108194Image000041.jpg,11,13,PEDESTRIAN_CROSSING,357,546,368,559
1277108194Image000041.jpg,12,11,PASS_RIGHT_SIDE,356,558,368,569
1277108194Image000041.jpg,70,72,PEDESTRIAN_CROSSING,885,348,955,420
1277108194Image000041.jpg,84,84,PASS_RIGHT_SIDE,110,422,194,506
1277108194Image000041.jpg,26,27,50_SIGN,588,523,614,550
1277108194Image000041.jpg,25,24,PEDESTRIAN_CROSSING,317,503,342,527
1277108194Image000041.jpg,27,25,PASS_RIGHT_SIDE,316,529,343,554
1277108194Image000041.jpg,13,15,PASS_RIGHT_SIDE,346,548,359,563
1277108194Image000041.jpg,11,13,PEDESTRIAN_CROSSING,357,546,368,559
1277108194Image000041.jpg,12,11,PASS_RIGHT_SIDE,356,558,368,569
1277108194Image000041.jpg,70,72,PEDESTRIAN_CROSSING,885,348,955,420
1277108194Image000041.jpg,84,84,PASS_RIGHT_SIDE,110,422,194,506
1277108194Image000041.jpg,26,27,50_SIGN,588,523,614,550
1277108194Image000041.jpg,25,24,PEDESTRIAN_CROSSING,317,503,342,527
1277108194Image000041.jpg,27,25,PASS_RIGHT_SIDE,316,529,343,554
1277108194Image000041.jpg,13,15,PASS_RIGHT_SIDE,346,548,359,563
1277108194Image000041.jpg,11,13,PEDESTRIAN_CROSSING,357,546,368,559
1277108194Image000041.jpg,12,11,PASS_RIGHT_SIDE,356,558,368,569
1277108194Image000046.jpg,86,89,PEDESTRIAN_CROSSING,975,285,1061,374
1277108194Image000046.jpg,97,107,PASS_RIGHT_SIDE,3,377,100,484
1277108194Image000046.jpg,29,27,50_SIGN,584,518,613,545
1277108194Image000046.jpg,27,25,PEDESTRIAN_CROSSING,294,495,321,520
1277108194Image000046.jpg,29,31,PASS_RIGHT_SIDE,293,519,322,550
1277108194Image000046.jpg,16,16,PASS_RIGHT_SIDE,329,543,345,559
1277108194Image000046.jpg,11,12,PEDESTRIAN_CROSSING,343,541,354,553
1277108194Image000046.jpg,13,12,PASS_RIGHT_SIDE,342,554,355,566
1277108194Image000046.jpg,86,89,PEDESTRIAN_CROSSING,975,285,1061,374
1277108194Image000046.jpg,97,107,PASS_RIGHT_SIDE,3,377,100,484
1277108194Image000046.jpg,29,27,50_SIGN,584,518,613,545
1277108194Image000046.jpg,27,25,PEDESTRIAN_CROSSING,294,495,321,520
1277108194Image000046.jpg,29,31,PASS_RIGHT_SIDE,293,519,322,550
1277108194Image000046.jpg,16,16,PASS_RIGHT_SIDE,329,543,345,559
1277108194Image000046.jpg,11,12,PEDESTRIAN_CROSSING,343,541,354,553
1277108194Image000046.jpg,13,12,PASS_RIGHT_SIDE,342,554,355,566
1277108194Image000046.jpg,86,89,PEDESTRIAN_CROSSING,975,285,1061,374
1277108194Image000046.jpg,97,107,PASS_RIGHT_SIDE,3,377,100,484
1277108194Image000046.jpg,29,27,50_SIGN,584,518,613,545
1277108194Image000046.jpg,27,25,PEDESTRIAN_CROSSING,294,495,321,520
1277108194Image000046.jpg,29,31,PASS_RIGHT_SIDE,293,519,322,550
1277108194Image000046.jpg,16,16,PASS_RIGHT_SIDE,329,543,345,559
1277108194Image000046.jpg,11,12,PEDESTRIAN_CROSSING,343,541,354,553
1277108194Image000046.jpg,13,12,PASS_RIGHT_SIDE,342,554,355,566
1277108194Image000046.jpg,86,89,PEDESTRIAN_CROSSING,975,285,1061,374
1277108194Image000046.jpg,97,107,PASS_RIGHT_SIDE,3,377,100,484
1277108194Image000046.jpg,29,27,50_SIGN,584,518,613,545
1277108194Image000046.jpg,27,25,PEDESTRIAN_CROSSING,294,495,321,520
1277108194Image000046.jpg,29,31,PASS_RIGHT_SIDE,293,519,322,550
1277108194Image000046.jpg,16,16,PASS_RIGHT_SIDE,329,543,345,559
1277108194Image000046.jpg,11,12,PEDESTRIAN_CROSSING,343,541,354,553
1277108194Image000046.jpg,13,12,PASS_RIGHT_SIDE,342,554,355,566
1277108194Image000046.jpg,86,89,PEDESTRIAN_CROSSING,975,285,1061,374
1277108194Image000046.jpg,97,107,PASS_RIGHT_SIDE,3,377,100,484
1277108194Image000046.jpg,29,27,50_SIGN,584,518,613,545
1277108194Image000046.jpg,27,25,PEDESTRIAN_CROSSING,294,495,321,520
1277108194Image000046.jpg,29,31,PASS_RIGHT_SIDE,293,519,322,550
1277108194Image000046.jpg,16,16,PASS_RIGHT_SIDE,329,543,345,559
1277108194Image000046.jpg,11,12,PEDESTRIAN_CROSSING,343,541,354,553
1277108194Image000046.jpg,13,12,PASS_RIGHT_SIDE,342,554,355,566
1277108194Image000046.jpg,86,89,PEDESTRIAN_CROSSING,975,285,1061,374
1277108194Image000046.jpg,97,107,PASS_RIGHT_SIDE,3,377,100,484
1277108194Image000046.jpg,29,27,50_SIGN,584,518,613,545
1277108194Image000046.jpg,27,25,PEDESTRIAN_CROSSING,294,495,321,520
1277108194Image000046.jpg,29,31,PASS_RIGHT_SIDE,293,519,322,550
1277108194Image000046.jpg,16,16,PASS_RIGHT_SIDE,329,543,345,559
1277108194Image000046.jpg,11,12,PEDESTRIAN_CROSSING,343,541,354,553
1277108194Image000046.jpg,13,12,PASS_RIGHT_SIDE,342,554,355,566
1277108194Image000046.jpg,86,89,PEDESTRIAN_CROSSING,975,285,1061,374
1277108194Image000046.jpg,97,107,PASS_RIGHT_SIDE,3,377,100,484
1277108194Image000046.jpg,29,27,50_SIGN,584,518,613,545
1277108194Image000046.jpg,27,25,PEDESTRIAN_CROSSING,294,495,321,520
1277108194Image000046.jpg,29,31,PASS_RIGHT_SIDE,293,519,322,550
1277108194Image000046.jpg,16,16,PASS_RIGHT_SIDE,329,543,345,559
1277108194Image000046.jpg,11,12,PEDESTRIAN_CROSSING,343,541,354,553
1277108194Image000046.jpg,13,12,PASS_RIGHT_SIDE,342,554,355,566
1277108194Image000046.jpg,86,89,PEDESTRIAN_CROSSING,975,285,1061,374
1277108194Image000046.jpg,97,107,PASS_RIGHT_SIDE,3,377,100,484
1277108194Image000046.jpg,29,27,50_SIGN,584,518,613,545
1277108194Image000046.jpg,27,25,PEDESTRIAN_CROSSING,294,495,321,520
1277108194Image000046.jpg,29,31,PASS_RIGHT_SIDE,293,519,322,550
1277108194Image000046.jpg,16,16,PASS_RIGHT_SIDE,329,543,345,559
1277108194Image000046.jpg,11,12,PEDESTRIAN_CROSSING,343,541,354,553
1277108194Image000046.jpg,13,12,PASS_RIGHT_SIDE,342,554,355,566
1277108194Image000046.jpg,86,89,PEDESTRIAN_CROSSING,975,285,1061,374
1277108194Image000046.jpg,97,107,PASS_RIGHT_SIDE,3,377,100,484
1277108194Image000046.jpg,29,27,50_SIGN,584,518,613,545
1277108194Image000046.jpg,27,25,PEDESTRIAN_CROSSING,294,495,321,520
1277108194Image000046.jpg,29,31,PASS_RIGHT_SIDE,293,519,322,550
1277108194Image000046.jpg,16,16,PASS_RIGHT_SIDE,329,543,345,559
1277108194Image000046.jpg,11,12,PEDESTRIAN_CROSSING,343,541,354,553
1277108194Image000046.jpg,13,12,PASS_RIGHT_SIDE,342,554,355,566
1277108194Image000056.jpg,34,37,50_SIGN,604,495,638,532
1277108194Image000056.jpg,35,38,PEDESTRIAN_CROSSING,210,462,245,500
1277108194Image000056.jpg,38,37,PASS_RIGHT_SIDE,207,499,245,536
1277108194Image000056.jpg,18,19,PASS_RIGHT_SIDE,291,536,309,555
1277108194Image000056.jpg,13,13,PEDESTRIAN_CROSSING,315,536,328,549
1277108194Image000056.jpg,14,15,PASS_RIGHT_SIDE,314,550,328,565
1277108194Image000056.jpg,34,37,50_SIGN,604,495,638,532
1277108194Image000056.jpg,35,38,PEDESTRIAN_CROSSING,210,462,245,500
1277108194Image000056.jpg,38,37,PASS_RIGHT_SIDE,207,499,245,536
1277108194Image000056.jpg,18,19,PASS_RIGHT_SIDE,291,536,309,555
1277108194Image000056.jpg,13,13,PEDESTRIAN_CROSSING,315,536,328,549
1277108194Image000056.jpg,14,15,PASS_RIGHT_SIDE,314,550,328,565
1277108194Image000056.jpg,34,37,50_SIGN,604,495,638,532
1277108194Image000056.jpg,35,38,PEDESTRIAN_CROSSING,210,462,245,500
1277108194Image000056.jpg,38,37,PASS_RIGHT_SIDE,207,499,245,536
1277108194Image000056.jpg,18,19,PASS_RIGHT_SIDE,291,536,309,555
1277108194Image000056.jpg,13,13,PEDESTRIAN_CROSSING,315,536,328,549
1277108194Image000056.jpg,14,15,PASS_RIGHT_SIDE,314,550,328,565
1277108194Image000056.jpg,34,37,50_SIGN,604,495,638,532
1277108194Image000056.jpg,35,38,PEDESTRIAN_CROSSING,210,462,245,500
1277108194Image000056.jpg,38,37,PASS_RIGHT_SIDE,207,499,245,536
1277108194Image000056.jpg,18,19,PASS_RIGHT_SIDE,291,536,309,555
1277108194Image000056.jpg,13,13,PEDESTRIAN_CROSSING,315,536,328,549
1277108194Image000056.jpg,14,15,PASS_RIGHT_SIDE,314,550,328,565
1277108194Image000056.jpg,34,37,50_SIGN,604,495,638,532
1277108194Image000056.jpg,35,38,PEDESTRIAN_CROSSING,210,462,245,500
1277108194Image000056.jpg,38,37,PASS_RIGHT_SIDE,207,499,245,536
1277108194Image000056.jpg,18,19,PASS_RIGHT_SIDE,291,536,309,555
1277108194Image000056.jpg,13,13,PEDESTRIAN_CROSSING,315,536,328,549
1277108194Image000056.jpg,14,15,PASS_RIGHT_SIDE,314,550,328,565
1277108194Image000056.jpg,34,37,50_SIGN,604,495,638,532
1277108194Image000056.jpg,35,38,PEDESTRIAN_CROSSING,210,462,245,500
1277108194Image000056.jpg,38,37,PASS_RIGHT_SIDE,207,499,245,536
1277108194Image000056.jpg,18,19,PASS_RIGHT_SIDE,291,536,309,555
1277108194Image000056.jpg,13,13,PEDESTRIAN_CROSSING,315,536,328,549
1277108194Image000056.jpg,14,15,PASS_RIGHT_SIDE,314,550,328,565
1277108194Image000056.jpg,34,37,50_SIGN,604,495,638,532
1277108194Image000056.jpg,35,38,PEDESTRIAN_CROSSING,210,462,245,500
1277108194Image000056.jpg,38,37,PASS_RIGHT_SIDE,207,499,245,536
1277108194Image000056.jpg,18,19,PASS_RIGHT_SIDE,291,536,309,555
1277108194Image000056.jpg,13,13,PEDESTRIAN_CROSSING,315,536,328,549
1277108194Image000056.jpg,14,15,PASS_RIGHT_SIDE,314,550,328,565
1277108194Image000061.jpg,39,38,50_SIGN,620,493,659,531
1277108194Image000061.jpg,42,40,PEDESTRIAN_CROSSING,173,455,215,495
1277108194Image000061.jpg,47,43,PASS_RIGHT_SIDE,173,496,220,539
1277108194Image000061.jpg,20,21,PASS_RIGHT_SIDE,282,538,302,559
1277108194Image000061.jpg,14,14,PEDESTRIAN_CROSSING,311,541,325,555
1277108194Image000061.jpg,16,14,PASS_RIGHT_SIDE,310,555,326,569
1277108194Image000061.jpg,39,38,50_SIGN,620,493,659,531
1277108194Image000061.jpg,42,40,PEDESTRIAN_CROSSING,173,455,215,495
1277108194Image000061.jpg,47,43,PASS_RIGHT_SIDE,173,496,220,539
1277108194Image000061.jpg,20,21,PASS_RIGHT_SIDE,282,538,302,559
1277108194Image000061.jpg,14,14,PEDESTRIAN_CROSSING,311,541,325,555
1277108194Image000061.jpg,16,14,PASS_RIGHT_SIDE,310,555,326,569
1277108194Image000061.jpg,39,38,50_SIGN,620,493,659,531
1277108194Image000061.jpg,42,40,PEDESTRIAN_CROSSING,173,455,215,495
1277108194Image000061.jpg,47,43,PASS_RIGHT_SIDE,173,496,220,539
1277108194Image000061.jpg,20,21,PASS_RIGHT_SIDE,282,538,302,559
1277108194Image000061.jpg,14,14,PEDESTRIAN_CROSSING,311,541,325,555
1277108194Image000061.jpg,16,14,PASS_RIGHT_SIDE,310,555,326,569
1277108194Image000061.jpg,39,38,50_SIGN,620,493,659,531
1277108194Image000061.jpg,42,40,PEDESTRIAN_CROSSING,173,455,215,495
1277108194Image000061.jpg,47,43,PASS_RIGHT_SIDE,173,496,220,539
1277108194Image000061.jpg,20,21,PASS_RIGHT_SIDE,282,538,302,559
1277108194Image000061.jpg,14,14,PEDESTRIAN_CROSSING,311,541,325,555
1277108194Image000061.jpg,16,14,PASS_RIGHT_SIDE,310,555,326,569
1277108194Image000061.jpg,39,38,50_SIGN,620,493,659,531
1277108194Image000061.jpg,42,40,PEDESTRIAN_CROSSING,173,455,215,495
1277108194Image000061.jpg,47,43,PASS_RIGHT_SIDE,173,496,220,539
1277108194Image000061.jpg,20,21,PASS_RIGHT_SIDE,282,538,302,559
1277108194Image000061.jpg,14,14,PEDESTRIAN_CROSSING,311,541,325,555
1277108194Image000061.jpg,16,14,PASS_RIGHT_SIDE,310,555,326,569
1277108194Image000061.jpg,39,38,50_SIGN,620,493,659,531
1277108194Image000061.jpg,42,40,PEDESTRIAN_CROSSING,173,455,215,495
1277108194Image000061.jpg,47,43,PASS_RIGHT_SIDE,173,496,220,539
1277108194Image000061.jpg,20,21,PASS_RIGHT_SIDE,282,538,302,559
1277108194Image000061.jpg,14,14,PEDESTRIAN_CROSSING,311,541,325,555
1277108194Image000061.jpg,16,14,PASS_RIGHT_SIDE,310,555,326,569
1277108194Image000061.jpg,39,38,50_SIGN,620,493,659,531
1277108194Image000061.jpg,42,40,PEDESTRIAN_CROSSING,173,455,215,495
1277108194Image000061.jpg,47,43,PASS_RIGHT_SIDE,173,496,220,539
1277108194Image000061.jpg,20,21,PASS_RIGHT_SIDE,282,538,302,559
1277108194Image000061.jpg,14,14,PEDESTRIAN_CROSSING,311,541,325,555
1277108194Image000061.jpg,16,14,PASS_RIGHT_SIDE,310,555,326,569
1277108194Image000066.jpg,44,49,50_SIGN,680,471,724,520
1277108194Image000066.jpg,49,49,PEDESTRIAN_CROSSING,126,420,175,469
1277108194Image000066.jpg,54,55,PASS_RIGHT_SIDE,126,472,180,527
1277108194Image000066.jpg,20,23,PASS_RIGHT_SIDE,294,532,314,555
1277108194Image000066.jpg,13,14,PEDESTRIAN_CROSSING,329,536,342,550
1277108194Image000066.jpg,12,14,PASS_RIGHT_SIDE,329,551,341,565
1277108194Image000066.jpg,44,49,50_SIGN,680,471,724,520
1277108194Image000066.jpg,49,49,PEDESTRIAN_CROSSING,126,420,175,469
1277108194Image000066.jpg,54,55,PASS_RIGHT_SIDE,126,472,180,527
1277108194Image000066.jpg,20,23,PASS_RIGHT_SIDE,294,532,314,555
1277108194Image000066.jpg,13,14,PEDESTRIAN_CROSSING,329,536,342,550
1277108194Image000066.jpg,12,14,PASS_RIGHT_SIDE,329,551,341,565
1277108194Image000066.jpg,44,49,50_SIGN,680,471,724,520
1277108194Image000066.jpg,49,49,PEDESTRIAN_CROSSING,126,420,175,469
1277108194Image000066.jpg,54,55,PASS_RIGHT_SIDE,126,472,180,527
1277108194Image000066.jpg,20,23,PASS_RIGHT_SIDE,294,532,314,555
1277108194Image000066.jpg,13,14,PEDESTRIAN_CROSSING,329,536,342,550
1277108194Image000066.jpg,12,14,PASS_RIGHT_SIDE,329,551,341,565
1277108194Image000066.jpg,44,49,50_SIGN,680,471,724,520
1277108194Image000066.jpg,49,49,PEDESTRIAN_CROSSING,126,420,175,469
1277108194Image000066.jpg,54,55,PASS_RIGHT_SIDE,126,472,180,527
1277108194Image000066.jpg,20,23,PASS_RIGHT_SIDE,294,532,314,555
1277108194Image000066.jpg,13,14,PEDESTRIAN_CROSSING,329,536,342,550
1277108194Image000066.jpg,12,14,PASS_RIGHT_SIDE,329,551,341,565
1277108194Image000066.jpg,44,49,50_SIGN,680,471,724,520
1277108194Image000066.jpg,49,49,PEDESTRIAN_CROSSING,126,420,175,469
1277108194Image000066.jpg,54,55,PASS_RIGHT_SIDE,126,472,180,527
1277108194Image000066.jpg,20,23,PASS_RIGHT_SIDE,294,532,314,555
1277108194Image000066.jpg,13,14,PEDESTRIAN_CROSSING,329,536,342,550
1277108194Image000066.jpg,12,14,PASS_RIGHT_SIDE,329,551,341,565
1277108194Image000066.jpg,44,49,50_SIGN,680,471,724,520
1277108194Image000066.jpg,49,49,PEDESTRIAN_CROSSING,126,420,175,469
1277108194Image000066.jpg,54,55,PASS_RIGHT_SIDE,126,472,180,527
1277108194Image000066.jpg,20,23,PASS_RIGHT_SIDE,294,532,314,555
1277108194Image000066.jpg,13,14,PEDESTRIAN_CROSSING,329,536,342,550
1277108194Image000066.jpg,12,14,PASS_RIGHT_SIDE,329,551,341,565
1277108194Image000066.jpg,44,49,50_SIGN,680,471,724,520
1277108194Image000066.jpg,49,49,PEDESTRIAN_CROSSING,126,420,175,469
1277108194Image000066.jpg,54,55,PASS_RIGHT_SIDE,126,472,180,527
1277108194Image000066.jpg,20,23,PASS_RIGHT_SIDE,294,532,314,555
1277108194Image000066.jpg,13,14,PEDESTRIAN_CROSSING,329,536,342,550
1277108194Image000066.jpg,12,14,PASS_RIGHT_SIDE,329,551,341,565
1277108194Image000071.jpg,50,52,50_SIGN,710,455,760,507
1277108194Image000071.jpg,58,59,PEDESTRIAN_CROSSING,66,385,124,444
1277108194Image000071.jpg,64,62,PASS_RIGHT_SIDE,64,447,128,509
1277108194Image000071.jpg,26,24,PASS_RIGHT_SIDE,283,525,309,549
1277108194Image000071.jpg,13,15,PEDESTRIAN_CROSSING,325,529,338,544
1277108194Image000071.jpg,14,13,PASS_RIGHT_SIDE,323,547,337,560
1277108194Image000071.jpg,50,52,50_SIGN,710,455,760,507
1277108194Image000071.jpg,58,59,PEDESTRIAN_CROSSING,66,385,124,444
1277108194Image000071.jpg,64,62,PASS_RIGHT_SIDE,64,447,128,509
1277108194Image000071.jpg,26,24,PASS_RIGHT_SIDE,283,525,309,549
1277108194Image000071.jpg,13,15,PEDESTRIAN_CROSSING,325,529,338,544
1277108194Image000071.jpg,14,13,PASS_RIGHT_SIDE,323,547,337,560
1277108194Image000071.jpg,50,52,50_SIGN,710,455,760,507
1277108194Image000071.jpg,58,59,PEDESTRIAN_CROSSING,66,385,124,444
1277108194Image000071.jpg,64,62,PASS_RIGHT_SIDE,64,447,128,509
1277108194Image000071.jpg,26,24,PASS_RIGHT_SIDE,283,525,309,549
1277108194Image000071.jpg,13,15,PEDESTRIAN_CROSSING,325,529,338,544
1277108194Image000071.jpg,14,13,PASS_RIGHT_SIDE,323,547,337,560
1277108194Image000071.jpg,50,52,50_SIGN,710,455,760,507
1277108194Image000071.jpg,58,59,PEDESTRIAN_CROSSING,66,385,124,444
1277108194Image000071.jpg,64,62,PASS_RIGHT_SIDE,64,447,128,509
1277108194Image000071.jpg,26,24,PASS_RIGHT_SIDE,283,525,309,549
1277108194Image000071.jpg,13,15,PEDESTRIAN_CROSSING,325,529,338,544
1277108194Image000071.jpg,14,13,PASS_RIGHT_SIDE,323,547,337,560
1277108194Image000071.jpg,50,52,50_SIGN,710,455,760,507
1277108194Image000071.jpg,58,59,PEDESTRIAN_CROSSING,66,385,124,444
1277108194Image000071.jpg,64,62,PASS_RIGHT_SIDE,64,447,128,509
1277108194Image000071.jpg,26,24,PASS_RIGHT_SIDE,283,525,309,549
1277108194Image000071.jpg,13,15,PEDESTRIAN_CROSSING,325,529,338,544
1277108194Image000071.jpg,14,13,PASS_RIGHT_SIDE,323,547,337,560
1277108194Image000071.jpg,50,52,50_SIGN,710,455,760,507
1277108194Image000071.jpg,58,59,PEDESTRIAN_CROSSING,66,385,124,444
1277108194Image000071.jpg,64,62,PASS_RIGHT_SIDE,64,447,128,509
1277108194Image000071.jpg,26,24,PASS_RIGHT_SIDE,283,525,309,549
1277108194Image000071.jpg,13,15,PEDESTRIAN_CROSSING,325,529,338,544
1277108194Image000071.jpg,14,13,PASS_RIGHT_SIDE,323,547,337,560
1277108194Image000071.jpg,50,52,50_SIGN,710,455,760,507
1277108194Image000071.jpg,58,59,PEDESTRIAN_CROSSING,66,385,124,444
1277108194Image000071.jpg,64,62,PASS_RIGHT_SIDE,64,447,128,509
1277108194Image000071.jpg,26,24,PASS_RIGHT_SIDE,283,525,309,549
1277108194Image000071.jpg,13,15,PEDESTRIAN_CROSSING,325,529,338,544
1277108194Image000071.jpg,14,13,PASS_RIGHT_SIDE,323,547,337,560
1277108194Image000078.jpg,61,67,50_SIGN,752,453,813,520
1277108194Image000078.jpg,25,25,PASS_RIGHT_SIDE,255,540,280,565
1277108194Image000078.jpg,13,15,PEDESTRIAN_CROSSING,306,546,319,561
1277108194Image000078.jpg,15,16,PASS_RIGHT_SIDE,304,562,319,578
1277108194Image000078.jpg,61,67,50_SIGN,752,453,813,520
1277108194Image000078.jpg,25,25,PASS_RIGHT_SIDE,255,540,280,565
1277108194Image000078.jpg,13,15,PEDESTRIAN_CROSSING,306,546,319,561
1277108194Image000078.jpg,15,16,PASS_RIGHT_SIDE,304,562,319,578
1277108194Image000078.jpg,61,67,50_SIGN,752,453,813,520
1277108194Image000078.jpg,25,25,PASS_RIGHT_SIDE,255,540,280,565
1277108194Image000078.jpg,13,15,PEDESTRIAN_CROSSING,306,546,319,561
1277108194Image000078.jpg,15,16,PASS_RIGHT_SIDE,304,562,319,578
1277108194Image000078.jpg,61,67,50_SIGN,752,453,813,520
1277108194Image000078.jpg,25,25,PASS_RIGHT_SIDE,255,540,280,565
1277108194Image000078.jpg,13,15,PEDESTRIAN_CROSSING,306,546,319,561
1277108194Image000078.jpg,15,16,PASS_RIGHT_SIDE,304,562,319,578
1277108194Image000078.jpg,61,67,50_SIGN,752,453,813,520
1277108194Image000078.jpg,25,25,PASS_RIGHT_SIDE,255,540,280,565
1277108194Image000078.jpg,13,15,PEDESTRIAN_CROSSING,306,546,319,561
1277108194Image000078.jpg,15,16,PASS_RIGHT_SIDE,304,562,319,578
1277108194Image000085.jpg,97,102,50_SIGN,890,378,987,480
1277108194Image000085.jpg,27,27,PASS_RIGHT_SIDE,209,534,236,561
1277108194Image000085.jpg,15,17,PEDESTRIAN_CROSSING,277,542,292,559
1277108194Image000085.jpg,17,16,PASS_RIGHT_SIDE,276,560,293,576
1277108194Image000085.jpg,97,102,50_SIGN,890,378,987,480
1277108194Image000085.jpg,27,27,PASS_RIGHT_SIDE,209,534,236,561
1277108194Image000085.jpg,15,17,PEDESTRIAN_CROSSING,277,542,292,559
1277108194Image000085.jpg,17,16,PASS_RIGHT_SIDE,276,560,293,576
1277108194Image000085.jpg,97,102,50_SIGN,890,378,987,480
1277108194Image000085.jpg,27,27,PASS_RIGHT_SIDE,209,534,236,561
1277108194Image000085.jpg,15,17,PEDESTRIAN_CROSSING,277,542,292,559
1277108194Image000085.jpg,17,16,PASS_RIGHT_SIDE,276,560,293,576
1277108194Image000085.jpg,97,102,50_SIGN,890,378,987,480
1277108194Image000085.jpg,27,27,PASS_RIGHT_SIDE,209,534,236,561
1277108194Image000085.jpg,15,17,PEDESTRIAN_CROSSING,277,542,292,559
1277108194Image000085.jpg,17,16,PASS_RIGHT_SIDE,276,560,293,576
1277108194Image000085.jpg,97,102,50_SIGN,890,378,987,480
1277108194Image000085.jpg,27,27,PASS_RIGHT_SIDE,209,534,236,561
1277108194Image000085.jpg,15,17,PEDESTRIAN_CROSSING,277,542,292,559
1277108194Image000085.jpg,17,16,PASS_RIGHT_SIDE,276,560,293,576
1277108194Image000099.jpg,37,37,PASS_RIGHT_SIDE,145,502,182,539
1277108194Image000099.jpg,18,19,PEDESTRIAN_CROSSING,268,519,286,538
1277108194Image000099.jpg,19,18,PASS_RIGHT_SIDE,266,541,285,559
1277108194Image000099.jpg,37,37,PASS_RIGHT_SIDE,145,502,182,539
1277108194Image000099.jpg,18,19,PEDESTRIAN_CROSSING,268,519,286,538
1277108194Image000099.jpg,19,18,PASS_RIGHT_SIDE,266,541,285,559
1277108194Image000099.jpg,37,37,PASS_RIGHT_SIDE,145,502,182,539
1277108194Image000099.jpg,18,19,PEDESTRIAN_CROSSING,268,519,286,538
1277108194Image000099.jpg,19,18,PASS_RIGHT_SIDE,266,541,285,559
1277108194Image000099.jpg,37,37,PASS_RIGHT_SIDE,145,502,182,539
1277108194Image000099.jpg,18,19,PEDESTRIAN_CROSSING,268,519,286,538
1277108194Image000099.jpg,19,18,PASS_RIGHT_SIDE,266,541,285,559
1277108194Image000104.jpg,45,46,PASS_RIGHT_SIDE,71,484,116,530
1277108194Image000104.jpg,21,20,PEDESTRIAN_CROSSING,253,513,274,533
1277108194Image000104.jpg,19,22,PASS_RIGHT_SIDE,253,536,272,558
1277108194Image000104.jpg,45,46,PASS_RIGHT_SIDE,71,484,116,530
1277108194Image000104.jpg,21,20,PEDESTRIAN_CROSSING,253,513,274,533
1277108194Image000104.jpg,19,22,PASS_RIGHT_SIDE,253,536,272,558
1277108194Image000104.jpg,45,46,PASS_RIGHT_SIDE,71,484,116,530
1277108194Image000104.jpg,21,20,PEDESTRIAN_CROSSING,253,513,274,533
1277108194Image000104.jpg,19,22,PASS_RIGHT_SIDE,253,536,272,558
1277108194Image000104.jpg,45,46,PASS_RIGHT_SIDE,71,484,116,530
1277108194Image000104.jpg,21,20,PEDESTRIAN_CROSSING,253,513,274,533
1277108194Image000104.jpg,19,22,PASS_RIGHT_SIDE,253,536,272,558
1277108194Image000109.jpg,49,54,PASS_RIGHT_SIDE,2,471,51,525
1277108194Image000109.jpg,22,20,PEDESTRIAN_CROSSING,235,511,257,531
1277108194Image000109.jpg,22,22,PASS_RIGHT_SIDE,233,536,255,558
1277108194Image000109.jpg,7,7,PEDESTRIAN_CROSSING,367,552,374,559
1277108194Image000109.jpg,8,6,PASS_RIGHT_SIDE,367,558,375,564
1277108194Image000109.jpg,9,10,PRIORITY_ROAD,387,555,396,565
1277108194Image000109.jpg,49,54,PASS_RIGHT_SIDE,2,471,51,525
1277108194Image000109.jpg,22,20,PEDESTRIAN_CROSSING,235,511,257,531
1277108194Image000109.jpg,22,22,PASS_RIGHT_SIDE,233,536,255,558
1277108194Image000109.jpg,7,7,PEDESTRIAN_CROSSING,367,552,374,559
1277108194Image000109.jpg,8,6,PASS_RIGHT_SIDE,367,558,375,564
1277108194Image000109.jpg,9,10,PRIORITY_ROAD,387,555,396,565
1277108194Image000109.jpg,49,54,PASS_RIGHT_SIDE,2,471,51,525
1277108194Image000109.jpg,22,20,PEDESTRIAN_CROSSING,235,511,257,531
1277108194Image000109.jpg,22,22,PASS_RIGHT_SIDE,233,536,255,558
1277108194Image000109.jpg,7,7,PEDESTRIAN_CROSSING,367,552,374,559
1277108194Image000109.jpg,8,6,PASS_RIGHT_SIDE,367,558,375,564
1277108194Image000109.jpg,9,10,PRIORITY_ROAD,387,555,396,565
1277108194Image000109.jpg,49,54,PASS_RIGHT_SIDE,2,471,51,525
1277108194Image000109.jpg,22,20,PEDESTRIAN_CROSSING,235,511,257,531
1277108194Image000109.jpg,22,22,PASS_RIGHT_SIDE,233,536,255,558
1277108194Image000109.jpg,7,7,PEDESTRIAN_CROSSING,367,552,374,559
1277108194Image000109.jpg,8,6,PASS_RIGHT_SIDE,367,558,375,564
1277108194Image000109.jpg,9,10,PRIORITY_ROAD,387,555,396,565
1277108194Image000109.jpg,49,54,PASS_RIGHT_SIDE,2,471,51,525
1277108194Image000109.jpg,22,20,PEDESTRIAN_CROSSING,235,511,257,531
1277108194Image000109.jpg,22,22,PASS_RIGHT_SIDE,233,536,255,558
1277108194Image000109.jpg,7,7,PEDESTRIAN_CROSSING,367,552,374,559
1277108194Image000109.jpg,8,6,PASS_RIGHT_SIDE,367,558,375,564
1277108194Image000109.jpg,9,10,PRIORITY_ROAD,387,555,396,565
1277108194Image000109.jpg,49,54,PASS_RIGHT_SIDE,2,471,51,525
1277108194Image000109.jpg,22,20,PEDESTRIAN_CROSSING,235,511,257,531
1277108194Image000109.jpg,22,22,PASS_RIGHT_SIDE,233,536,255,558
1277108194Image000109.jpg,7,7,PEDESTRIAN_CROSSING,367,552,374,559
1277108194Image000109.jpg,8,6,PASS_RIGHT_SIDE,367,558,375,564
1277108194Image000109.jpg,9,10,PRIORITY_ROAD,387,555,396,565
1277108194Image000109.jpg,49,54,PASS_RIGHT_SIDE,2,471,51,525
1277108194Image000109.jpg,22,20,PEDESTRIAN_CROSSING,235,511,257,531
1277108194Image000109.jpg,22,22,PASS_RIGHT_SIDE,233,536,255,558
1277108194Image000109.jpg,7,7,PEDESTRIAN_CROSSING,367,552,374,559
1277108194Image000109.jpg,8,6,PASS_RIGHT_SIDE,367,558,375,564
1277108194Image000109.jpg,9,10,PRIORITY_ROAD,387,555,396,565
1277108194Image000119.jpg,26,26,PEDESTRIAN_CROSSING,168,494,194,520
1277108194Image000119.jpg,27,29,PASS_RIGHT_SIDE,166,524,193,553
1277108194Image000119.jpg,11,10,PRIORITY_ROAD,364,554,375,564
1277108194Image000119.jpg,8,9,PEDESTRIAN_CROSSING,348,549,356,558
1277108194Image000119.jpg,7,6,PASS_RIGHT_SIDE,348,557,355,563
1277108194Image000119.jpg,26,26,PEDESTRIAN_CROSSING,168,494,194,520
1277108194Image000119.jpg,27,29,PASS_RIGHT_SIDE,166,524,193,553
1277108194Image000119.jpg,11,10,PRIORITY_ROAD,364,554,375,564
1277108194Image000119.jpg,8,9,PEDESTRIAN_CROSSING,348,549,356,558
1277108194Image000119.jpg,7,6,PASS_RIGHT_SIDE,348,557,355,563
1277108194Image000119.jpg,26,26,PEDESTRIAN_CROSSING,168,494,194,520
1277108194Image000119.jpg,27,29,PASS_RIGHT_SIDE,166,524,193,553
1277108194Image000119.jpg,11,10,PRIORITY_ROAD,364,554,375,564
1277108194Image000119.jpg,8,9,PEDESTRIAN_CROSSING,348,549,356,558
1277108194Image000119.jpg,7,6,PASS_RIGHT_SIDE,348,557,355,563
1277108194Image000119.jpg,26,26,PEDESTRIAN_CROSSING,168,494,194,520
1277108194Image000119.jpg,27,29,PASS_RIGHT_SIDE,166,524,193,553
1277108194Image000119.jpg,11,10,PRIORITY_ROAD,364,554,375,564
1277108194Image000119.jpg,8,9,PEDESTRIAN_CROSSING,348,549,356,558
1277108194Image000119.jpg,7,6,PASS_RIGHT_SIDE,348,557,355,563
1277108194Image000119.jpg,26,26,PEDESTRIAN_CROSSING,168,494,194,520
1277108194Image000119.jpg,27,29,PASS_RIGHT_SIDE,166,524,193,553
1277108194Image000119.jpg,11,10,PRIORITY_ROAD,364,554,375,564
1277108194Image000119.jpg,8,9,PEDESTRIAN_CROSSING,348,549,356,558
1277108194Image000119.jpg,7,6,PASS_RIGHT_SIDE,348,557,355,563
1277108194Image000119.jpg,26,26,PEDESTRIAN_CROSSING,168,494,194,520
1277108194Image000119.jpg,27,29,PASS_RIGHT_SIDE,166,524,193,553
1277108194Image000119.jpg,11,10,PRIORITY_ROAD,364,554,375,564
1277108194Image000119.jpg,8,9,PEDESTRIAN_CROSSING,348,549,356,558
1277108194Image000119.jpg,7,6,PASS_RIGHT_SIDE,348,557,355,563
1277108194Image000126.jpg,28,31,PEDESTRIAN_CROSSING,124,489,152,520
1277108194Image000126.jpg,33,33,PASS_RIGHT_SIDE,121,523,154,556
1277108194Image000126.jpg,11,11,PRIORITY_ROAD,360,558,371,569
1277108194Image000126.jpg,8,7,PEDESTRIAN_CROSSING,343,555,351,562
1277108194Image000126.jpg,8,7,PASS_RIGHT_SIDE,345,561,353,568
1277108194Image000126.jpg,28,31,PEDESTRIAN_CROSSING,124,489,152,520
1277108194Image000126.jpg,33,33,PASS_RIGHT_SIDE,121,523,154,556
1277108194Image000126.jpg,11,11,PRIORITY_ROAD,360,558,371,569
1277108194Image000126.jpg,8,7,PEDESTRIAN_CROSSING,343,555,351,562
1277108194Image000126.jpg,8,7,PASS_RIGHT_SIDE,345,561,353,568
1277108194Image000126.jpg,28,31,PEDESTRIAN_CROSSING,124,489,152,520
1277108194Image000126.jpg,33,33,PASS_RIGHT_SIDE,121,523,154,556
1277108194Image000126.jpg,11,11,PRIORITY_ROAD,360,558,371,569
1277108194Image000126.jpg,8,7,PEDESTRIAN_CROSSING,343,555,351,562
1277108194Image000126.jpg,8,7,PASS_RIGHT_SIDE,345,561,353,568
1277108194Image000126.jpg,28,31,PEDESTRIAN_CROSSING,124,489,152,520
1277108194Image000126.jpg,33,33,PASS_RIGHT_SIDE,121,523,154,556
1277108194Image000126.jpg,11,11,PRIORITY_ROAD,360,558,371,569
1277108194Image000126.jpg,8,7,PEDESTRIAN_CROSSING,343,555,351,562
1277108194Image000126.jpg,8,7,PASS_RIGHT_SIDE,345,561,353,568
1277108194Image000126.jpg,28,31,PEDESTRIAN_CROSSING,124,489,152,520
1277108194Image000126.jpg,33,33,PASS_RIGHT_SIDE,121,523,154,556
1277108194Image000126.jpg,11,11,PRIORITY_ROAD,360,558,371,569
1277108194Image000126.jpg,8,7,PEDESTRIAN_CROSSING,343,555,351,562
1277108194Image000126.jpg,8,7,PASS_RIGHT_SIDE,345,561,353,568
1277108194Image000126.jpg,28,31,PEDESTRIAN_CROSSING,124,489,152,520
1277108194Image000126.jpg,33,33,PASS_RIGHT_SIDE,121,523,154,556
1277108194Image000126.jpg,11,11,PRIORITY_ROAD,360,558,371,569
1277108194Image000126.jpg,8,7,PEDESTRIAN_CROSSING,343,555,351,562
1277108194Image000126.jpg,8,7,PASS_RIGHT_SIDE,345,561,353,568
1277108194Image000133.jpg,32,35,PEDESTRIAN_CROSSING,99,474,131,509
1277108194Image000133.jpg,38,36,PASS_RIGHT_SIDE,96,514,134,550
1277108194Image000133.jpg,11,11,PRIORITY_ROAD,377,555,388,566
1277108194Image000133.jpg,8,9,PEDESTRIAN_CROSSING,361,551,369,560
1277108194Image000133.jpg,9,7,PASS_RIGHT_SIDE,362,559,371,566
1277108194Image000133.jpg,32,35,PEDESTRIAN_CROSSING,99,474,131,509
1277108194Image000133.jpg,38,36,PASS_RIGHT_SIDE,96,514,134,550
1277108194Image000133.jpg,11,11,PRIORITY_ROAD,377,555,388,566
1277108194Image000133.jpg,8,9,PEDESTRIAN_CROSSING,361,551,369,560
1277108194Image000133.jpg,9,7,PASS_RIGHT_SIDE,362,559,371,566
1277108194Image000133.jpg,32,35,PEDESTRIAN_CROSSING,99,474,131,509
1277108194Image000133.jpg,38,36,PASS_RIGHT_SIDE,96,514,134,550
1277108194Image000133.jpg,11,11,PRIORITY_ROAD,377,555,388,566
1277108194Image000133.jpg,8,9,PEDESTRIAN_CROSSING,361,551,369,560
1277108194Image000133.jpg,9,7,PASS_RIGHT_SIDE,362,559,371,566
1277108194Image000133.jpg,32,35,PEDESTRIAN_CROSSING,99,474,131,509
1277108194Image000133.jpg,38,36,PASS_RIGHT_SIDE,96,514,134,550
1277108194Image000133.jpg,11,11,PRIORITY_ROAD,377,555,388,566
1277108194Image000133.jpg,8,9,PEDESTRIAN_CROSSING,361,551,369,560
1277108194Image000133.jpg,9,7,PASS_RIGHT_SIDE,362,559,371,566
1277108194Image000133.jpg,32,35,PEDESTRIAN_CROSSING,99,474,131,509
1277108194Image000133.jpg,38,36,PASS_RIGHT_SIDE,96,514,134,550
1277108194Image000133.jpg,11,11,PRIORITY_ROAD,377,555,388,566
1277108194Image000133.jpg,8,9,PEDESTRIAN_CROSSING,361,551,369,560
1277108194Image000133.jpg,9,7,PASS_RIGHT_SIDE,362,559,371,566
1277108194Image000133.jpg,32,35,PEDESTRIAN_CROSSING,99,474,131,509
1277108194Image000133.jpg,38,36,PASS_RIGHT_SIDE,96,514,134,550
1277108194Image000133.jpg,11,11,PRIORITY_ROAD,377,555,388,566
1277108194Image000133.jpg,8,9,PEDESTRIAN_CROSSING,361,551,369,560
1277108194Image000133.jpg,9,7,PASS_RIGHT_SIDE,362,559,371,566
1277108194Image000140.jpg,38,45,PEDESTRIAN_CROSSING,55,460,93,505
1277108194Image000140.jpg,43,46,PASS_RIGHT_SIDE,52,509,95,555
1277108194Image000140.jpg,11,12,PRIORITY_ROAD,413,560,424,572
1277108194Image000140.jpg,9,9,PEDESTRIAN_CROSSING,400,556,409,565
1277108194Image000140.jpg,9,6,PASS_RIGHT_SIDE,400,565,409,571
1277108194Image000140.jpg,38,45,PEDESTRIAN_CROSSING,55,460,93,505
1277108194Image000140.jpg,43,46,PASS_RIGHT_SIDE,52,509,95,555
1277108194Image000140.jpg,11,12,PRIORITY_ROAD,413,560,424,572
1277108194Image000140.jpg,9,9,PEDESTRIAN_CROSSING,400,556,409,565
1277108194Image000140.jpg,9,6,PASS_RIGHT_SIDE,400,565,409,571
1277108194Image000140.jpg,38,45,PEDESTRIAN_CROSSING,55,460,93,505
1277108194Image000140.jpg,43,46,PASS_RIGHT_SIDE,52,509,95,555
1277108194Image000140.jpg,11,12,PRIORITY_ROAD,413,560,424,572
1277108194Image000140.jpg,9,9,PEDESTRIAN_CROSSING,400,556,409,565
1277108194Image000140.jpg,9,6,PASS_RIGHT_SIDE,400,565,409,571
1277108194Image000140.jpg,38,45,PEDESTRIAN_CROSSING,55,460,93,505
1277108194Image000140.jpg,43,46,PASS_RIGHT_SIDE,52,509,95,555
1277108194Image000140.jpg,11,12,PRIORITY_ROAD,413,560,424,572
1277108194Image000140.jpg,9,9,PEDESTRIAN_CROSSING,400,556,409,565
1277108194Image000140.jpg,9,6,PASS_RIGHT_SIDE,400,565,409,571
1277108194Image000140.jpg,38,45,PEDESTRIAN_CROSSING,55,460,93,505
1277108194Image000140.jpg,43,46,PASS_RIGHT_SIDE,52,509,95,555
1277108194Image000140.jpg,11,12,PRIORITY_ROAD,413,560,424,572
1277108194Image000140.jpg,9,9,PEDESTRIAN_CROSSING,400,556,409,565
1277108194Image000140.jpg,9,6,PASS_RIGHT_SIDE,400,565,409,571
1277108194Image000140.jpg,38,45,PEDESTRIAN_CROSSING,55,460,93,505
1277108194Image000140.jpg,43,46,PASS_RIGHT_SIDE,52,509,95,555
1277108194Image000140.jpg,11,12,PRIORITY_ROAD,413,560,424,572
1277108194Image000140.jpg,9,9,PEDESTRIAN_CROSSING,400,556,409,565
1277108194Image000140.jpg,9,6,PASS_RIGHT_SIDE,400,565,409,571
1277108220Image000009.jpg,31,33,PEDESTRIAN_CROSSING,351,481,382,514
1277108220Image000009.jpg,35,34,PASS_RIGHT_SIDE,352,517,387,551
1277108220Image000009.jpg,14,14,PRIORITY_ROAD,524,558,538,572
1277108220Image000009.jpg,9,10,PEDESTRIAN_CROSSING,448,560,457,570
1277108220Image000009.jpg,9,7,PASS_RIGHT_SIDE,448,569,457,576
1277108220Image000009.jpg,31,33,PEDESTRIAN_CROSSING,351,481,382,514
1277108220Image000009.jpg,35,34,PASS_RIGHT_SIDE,352,517,387,551
1277108220Image000009.jpg,14,14,PRIORITY_ROAD,524,558,538,572
1277108220Image000009.jpg,9,10,PEDESTRIAN_CROSSING,448,560,457,570
1277108220Image000009.jpg,9,7,PASS_RIGHT_SIDE,448,569,457,576
1277108220Image000009.jpg,31,33,PEDESTRIAN_CROSSING,351,481,382,514
1277108220Image000009.jpg,35,34,PASS_RIGHT_SIDE,352,517,387,551
1277108220Image000009.jpg,14,14,PRIORITY_ROAD,524,558,538,572
1277108220Image000009.jpg,9,10,PEDESTRIAN_CROSSING,448,560,457,570
1277108220Image000009.jpg,9,7,PASS_RIGHT_SIDE,448,569,457,576
1277108220Image000009.jpg,31,33,PEDESTRIAN_CROSSING,351,481,382,514
1277108220Image000009.jpg,35,34,PASS_RIGHT_SIDE,352,517,387,551
1277108220Image000009.jpg,14,14,PRIORITY_ROAD,524,558,538,572
1277108220Image000009.jpg,9,10,PEDESTRIAN_CROSSING,448,560,457,570
1277108220Image000009.jpg,9,7,PASS_RIGHT_SIDE,448,569,457,576
1277108220Image000009.jpg,31,33,PEDESTRIAN_CROSSING,351,481,382,514
1277108220Image000009.jpg,35,34,PASS_RIGHT_SIDE,352,517,387,551
1277108220Image000009.jpg,14,14,PRIORITY_ROAD,524,558,538,572
1277108220Image000009.jpg,9,10,PEDESTRIAN_CROSSING,448,560,457,570
1277108220Image000009.jpg,9,7,PASS_RIGHT_SIDE,448,569,457,576
1277108220Image000009.jpg,31,33,PEDESTRIAN_CROSSING,351,481,382,514
1277108220Image000009.jpg,35,34,PASS_RIGHT_SIDE,352,517,387,551
1277108220Image000009.jpg,14,14,PRIORITY_ROAD,524,558,538,572
1277108220Image000009.jpg,9,10,PEDESTRIAN_CROSSING,448,560,457,570
1277108220Image000009.jpg,9,7,PASS_RIGHT_SIDE,448,569,457,576
1277108220Image000014.jpg,39,39,PEDESTRIAN_CROSSING,313,463,352,502
1277108220Image000014.jpg,40,42,PASS_RIGHT_SIDE,314,501,354,543
1277108220Image000014.jpg,15,14,PRIORITY_ROAD,514,554,529,568
1277108220Image000014.jpg,10,9,PEDESTRIAN_CROSSING,434,558,444,567
1277108220Image000014.jpg,8,8,PASS_RIGHT_SIDE,435,566,443,574
1277108220Image000014.jpg,39,39,PEDESTRIAN_CROSSING,313,463,352,502
1277108220Image000014.jpg,40,42,PASS_RIGHT_SIDE,314,501,354,543
1277108220Image000014.jpg,15,14,PRIORITY_ROAD,514,554,529,568
1277108220Image000014.jpg,10,9,PEDESTRIAN_CROSSING,434,558,444,567
1277108220Image000014.jpg,8,8,PASS_RIGHT_SIDE,435,566,443,574
1277108220Image000014.jpg,39,39,PEDESTRIAN_CROSSING,313,463,352,502
1277108220Image000014.jpg,40,42,PASS_RIGHT_SIDE,314,501,354,543
1277108220Image000014.jpg,15,14,PRIORITY_ROAD,514,554,529,568
1277108220Image000014.jpg,10,9,PEDESTRIAN_CROSSING,434,558,444,567
1277108220Image000014.jpg,8,8,PASS_RIGHT_SIDE,435,566,443,574
1277108220Image000014.jpg,39,39,PEDESTRIAN_CROSSING,313,463,352,502
1277108220Image000014.jpg,40,42,PASS_RIGHT_SIDE,314,501,354,543
1277108220Image000014.jpg,15,14,PRIORITY_ROAD,514,554,529,568
1277108220Image000014.jpg,10,9,PEDESTRIAN_CROSSING,434,558,444,567
1277108220Image000014.jpg,8,8,PASS_RIGHT_SIDE,435,566,443,574
1277108220Image000014.jpg,39,39,PEDESTRIAN_CROSSING,313,463,352,502
1277108220Image000014.jpg,40,42,PASS_RIGHT_SIDE,314,501,354,543
1277108220Image000014.jpg,15,14,PRIORITY_ROAD,514,554,529,568
1277108220Image000014.jpg,10,9,PEDESTRIAN_CROSSING,434,558,444,567
1277108220Image000014.jpg,8,8,PASS_RIGHT_SIDE,435,566,443,574
1277108220Image000014.jpg,39,39,PEDESTRIAN_CROSSING,313,463,352,502
1277108220Image000014.jpg,40,42,PASS_RIGHT_SIDE,314,501,354,543
1277108220Image000014.jpg,15,14,PRIORITY_ROAD,514,554,529,568
1277108220Image000014.jpg,10,9,PEDESTRIAN_CROSSING,434,558,444,567
1277108220Image000014.jpg,8,8,PASS_RIGHT_SIDE,435,566,443,574
1277108220Image000022.jpg,53,51,PEDESTRIAN_CROSSING,214,423,267,474
1277108220Image000022.jpg,56,57,PASS_RIGHT_SIDE,214,475,270,532
1277108220Image000022.jpg,16,17,PRIORITY_ROAD,487,550,503,567
1277108220Image000022.jpg,9,9,PEDESTRIAN_CROSSING,402,558,411,567
1277108220Image000022.jpg,8,7,PASS_RIGHT_SIDE,403,568,411,575
1277108220Image000022.jpg,53,51,PEDESTRIAN_CROSSING,214,423,267,474
1277108220Image000022.jpg,56,57,PASS_RIGHT_SIDE,214,475,270,532
1277108220Image000022.jpg,16,17,PRIORITY_ROAD,487,550,503,567
1277108220Image000022.jpg,9,9,PEDESTRIAN_CROSSING,402,558,411,567
1277108220Image000022.jpg,8,7,PASS_RIGHT_SIDE,403,568,411,575
1277108220Image000022.jpg,53,51,PEDESTRIAN_CROSSING,214,423,267,474
1277108220Image000022.jpg,56,57,PASS_RIGHT_SIDE,214,475,270,532
1277108220Image000022.jpg,16,17,PRIORITY_ROAD,487,550,503,567
1277108220Image000022.jpg,9,9,PEDESTRIAN_CROSSING,402,558,411,567
1277108220Image000022.jpg,8,7,PASS_RIGHT_SIDE,403,568,411,575
1277108220Image000022.jpg,53,51,PEDESTRIAN_CROSSING,214,423,267,474
1277108220Image000022.jpg,56,57,PASS_RIGHT_SIDE,214,475,270,532
1277108220Image000022.jpg,16,17,PRIORITY_ROAD,487,550,503,567
1277108220Image000022.jpg,9,9,PEDESTRIAN_CROSSING,402,558,411,567
1277108220Image000022.jpg,8,7,PASS_RIGHT_SIDE,403,568,411,575
1277108220Image000022.jpg,53,51,PEDESTRIAN_CROSSING,214,423,267,474
1277108220Image000022.jpg,56,57,PASS_RIGHT_SIDE,214,475,270,532
1277108220Image000022.jpg,16,17,PRIORITY_ROAD,487,550,503,567
1277108220Image000022.jpg,9,9,PEDESTRIAN_CROSSING,402,558,411,567
1277108220Image000022.jpg,8,7,PASS_RIGHT_SIDE,403,568,411,575
1277108220Image000022.jpg,53,51,PEDESTRIAN_CROSSING,214,423,267,474
1277108220Image000022.jpg,56,57,PASS_RIGHT_SIDE,214,475,270,532
1277108220Image000022.jpg,16,17,PRIORITY_ROAD,487,550,503,567
1277108220Image000022.jpg,9,9,PEDESTRIAN_CROSSING,402,558,411,567
1277108220Image000022.jpg,8,7,PASS_RIGHT_SIDE,403,568,411,575
1277108220Image000030.jpg,72,81,PEDESTRIAN_CROSSING,4,325,76,406
1277108220Image000030.jpg,78,94,PASS_RIGHT_SIDE,2,410,80,504
1277108220Image000030.jpg,19,17,PRIORITY_ROAD,450,552,469,569
1277108220Image000030.jpg,9,9,PEDESTRIAN_CROSSING,363,559,372,568
1277108220Image000030.jpg,10,7,PASS_RIGHT_SIDE,363,570,373,577
1277108220Image000030.jpg,72,81,PEDESTRIAN_CROSSING,4,325,76,406
1277108220Image000030.jpg,78,94,PASS_RIGHT_SIDE,2,410,80,504
1277108220Image000030.jpg,19,17,PRIORITY_ROAD,450,552,469,569
1277108220Image000030.jpg,9,9,PEDESTRIAN_CROSSING,363,559,372,568
1277108220Image000030.jpg,10,7,PASS_RIGHT_SIDE,363,570,373,577
1277108220Image000030.jpg,72,81,PEDESTRIAN_CROSSING,4,325,76,406
1277108220Image000030.jpg,78,94,PASS_RIGHT_SIDE,2,410,80,504
1277108220Image000030.jpg,19,17,PRIORITY_ROAD,450,552,469,569
1277108220Image000030.jpg,9,9,PEDESTRIAN_CROSSING,363,559,372,568
1277108220Image000030.jpg,10,7,PASS_RIGHT_SIDE,363,570,373,577
1277108220Image000030.jpg,72,81,PEDESTRIAN_CROSSING,4,325,76,406
1277108220Image000030.jpg,78,94,PASS_RIGHT_SIDE,2,410,80,504
1277108220Image000030.jpg,19,17,PRIORITY_ROAD,450,552,469,569
1277108220Image000030.jpg,9,9,PEDESTRIAN_CROSSING,363,559,372,568
1277108220Image000030.jpg,10,7,PASS_RIGHT_SIDE,363,570,373,577
1277108220Image000030.jpg,72,81,PEDESTRIAN_CROSSING,4,325,76,406
1277108220Image000030.jpg,78,94,PASS_RIGHT_SIDE,2,410,80,504
1277108220Image000030.jpg,19,17,PRIORITY_ROAD,450,552,469,569
1277108220Image000030.jpg,9,9,PEDESTRIAN_CROSSING,363,559,372,568
1277108220Image000030.jpg,10,7,PASS_RIGHT_SIDE,363,570,373,577
1277108220Image000030.jpg,72,81,PEDESTRIAN_CROSSING,4,325,76,406
1277108220Image000030.jpg,78,94,PASS_RIGHT_SIDE,2,410,80,504
1277108220Image000030.jpg,19,17,PRIORITY_ROAD,450,552,469,569
1277108220Image000030.jpg,9,9,PEDESTRIAN_CROSSING,363,559,372,568
1277108220Image000030.jpg,10,7,PASS_RIGHT_SIDE,363,570,373,577
1277108220Image000035.jpg,26,24,PRIORITY_ROAD,546,500,572,524
1277108220Image000035.jpg,10,9,PEDESTRIAN_CROSSING,448,516,458,525
1277108220Image000035.jpg,10,11,PASS_RIGHT_SIDE,448,524,458,535
1277108220Image000035.jpg,26,24,PRIORITY_ROAD,546,500,572,524
1277108220Image000035.jpg,10,9,PEDESTRIAN_CROSSING,448,516,458,525
1277108220Image000035.jpg,10,11,PASS_RIGHT_SIDE,448,524,458,535
1277108220Image000035.jpg,26,24,PRIORITY_ROAD,546,500,572,524
1277108220Image000035.jpg,10,9,PEDESTRIAN_CROSSING,448,516,458,525
1277108220Image000035.jpg,10,11,PASS_RIGHT_SIDE,448,524,458,535
1277108220Image000035.jpg,26,24,PRIORITY_ROAD,546,500,572,524
1277108220Image000035.jpg,10,9,PEDESTRIAN_CROSSING,448,516,458,525
1277108220Image000035.jpg,10,11,PASS_RIGHT_SIDE,448,524,458,535
1277108220Image000040.jpg,34,33,PRIORITY_ROAD,735,489,769,522
1277108220Image000040.jpg,13,14,PEDESTRIAN_CROSSING,563,524,576,538
1277108220Image000040.jpg,10,11,PASS_RIGHT_SIDE,565,536,575,547
1277108220Image000040.jpg,6,5,PEDESTRIAN_CROSSING,587,545,593,550
1277108220Image000040.jpg,5,4,PASS_RIGHT_SIDE,591,549,596,553
1277108220Image000040.jpg,34,33,PRIORITY_ROAD,735,489,769,522
1277108220Image000040.jpg,13,14,PEDESTRIAN_CROSSING,563,524,576,538
1277108220Image000040.jpg,10,11,PASS_RIGHT_SIDE,565,536,575,547
1277108220Image000040.jpg,6,5,PEDESTRIAN_CROSSING,587,545,593,550
1277108220Image000040.jpg,5,4,PASS_RIGHT_SIDE,591,549,596,553
1277108220Image000040.jpg,34,33,PRIORITY_ROAD,735,489,769,522
1277108220Image000040.jpg,13,14,PEDESTRIAN_CROSSING,563,524,576,538
1277108220Image000040.jpg,10,11,PASS_RIGHT_SIDE,565,536,575,547
1277108220Image000040.jpg,6,5,PEDESTRIAN_CROSSING,587,545,593,550
1277108220Image000040.jpg,5,4,PASS_RIGHT_SIDE,591,549,596,553
1277108220Image000040.jpg,34,33,PRIORITY_ROAD,735,489,769,522
1277108220Image000040.jpg,13,14,PEDESTRIAN_CROSSING,563,524,576,538
1277108220Image000040.jpg,10,11,PASS_RIGHT_SIDE,565,536,575,547
1277108220Image000040.jpg,6,5,PEDESTRIAN_CROSSING,587,545,593,550
1277108220Image000040.jpg,5,4,PASS_RIGHT_SIDE,591,549,596,553
1277108220Image000040.jpg,34,33,PRIORITY_ROAD,735,489,769,522
1277108220Image000040.jpg,13,14,PEDESTRIAN_CROSSING,563,524,576,538
1277108220Image000040.jpg,10,11,PASS_RIGHT_SIDE,565,536,575,547
1277108220Image000040.jpg,6,5,PEDESTRIAN_CROSSING,587,545,593,550
1277108220Image000040.jpg,5,4,PASS_RIGHT_SIDE,591,549,596,553
1277108220Image000040.jpg,34,33,PRIORITY_ROAD,735,489,769,522
1277108220Image000040.jpg,13,14,PEDESTRIAN_CROSSING,563,524,576,538
1277108220Image000040.jpg,10,11,PASS_RIGHT_SIDE,565,536,575,547
1277108220Image000040.jpg,6,5,PEDESTRIAN_CROSSING,587,545,593,550
1277108220Image000040.jpg,5,4,PASS_RIGHT_SIDE,591,549,596,553
1277108220Image000045.jpg,49,50,PRIORITY_ROAD,811,463,860,513
1277108220Image000045.jpg,12,12,PEDESTRIAN_CROSSING,544,535,556,547
1277108220Image000045.jpg,11,11,PASS_RIGHT_SIDE,545,547,556,558
1277108220Image000045.jpg,4,5,PEDESTRIAN_CROSSING,565,556,569,561
1277108220Image000045.jpg,5,5,PASS_RIGHT_SIDE,568,559,573,564
1277108220Image000045.jpg,49,50,PRIORITY_ROAD,811,463,860,513
1277108220Image000045.jpg,12,12,PEDESTRIAN_CROSSING,544,535,556,547
1277108220Image000045.jpg,11,11,PASS_RIGHT_SIDE,545,547,556,558
1277108220Image000045.jpg,4,5,PEDESTRIAN_CROSSING,565,556,569,561
1277108220Image000045.jpg,5,5,PASS_RIGHT_SIDE,568,559,573,564
1277108220Image000045.jpg,49,50,PRIORITY_ROAD,811,463,860,513
1277108220Image000045.jpg,12,12,PEDESTRIAN_CROSSING,544,535,556,547
1277108220Image000045.jpg,11,11,PASS_RIGHT_SIDE,545,547,556,558
1277108220Image000045.jpg,4,5,PEDESTRIAN_CROSSING,565,556,569,561
1277108220Image000045.jpg,5,5,PASS_RIGHT_SIDE,568,559,573,564
1277108220Image000045.jpg,49,50,PRIORITY_ROAD,811,463,860,513
1277108220Image000045.jpg,12,12,PEDESTRIAN_CROSSING,544,535,556,547
1277108220Image000045.jpg,11,11,PASS_RIGHT_SIDE,545,547,556,558
1277108220Image000045.jpg,4,5,PEDESTRIAN_CROSSING,565,556,569,561
1277108220Image000045.jpg,5,5,PASS_RIGHT_SIDE,568,559,573,564
1277108220Image000045.jpg,49,50,PRIORITY_ROAD,811,463,860,513
1277108220Image000045.jpg,12,12,PEDESTRIAN_CROSSING,544,535,556,547
1277108220Image000045.jpg,11,11,PASS_RIGHT_SIDE,545,547,556,558
1277108220Image000045.jpg,4,5,PEDESTRIAN_CROSSING,565,556,569,561
1277108220Image000045.jpg,5,5,PASS_RIGHT_SIDE,568,559,573,564
1277108220Image000045.jpg,49,50,PRIORITY_ROAD,811,463,860,513
1277108220Image000045.jpg,12,12,PEDESTRIAN_CROSSING,544,535,556,547
1277108220Image000045.jpg,11,11,PASS_RIGHT_SIDE,545,547,556,558
1277108220Image000045.jpg,4,5,PEDESTRIAN_CROSSING,565,556,569,561
1277108220Image000045.jpg,5,5,PASS_RIGHT_SIDE,568,559,573,564
1277108231Image000004.jpg,29,28,PEDESTRIAN_CROSSING,391,455,420,483
1277108231Image000004.jpg,29,27,PASS_RIGHT_SIDE,393,484,422,511
1277108231Image000004.jpg,4,5,PEDESTRIAN_CROSSING,463,545,467,550
1277108231Image000004.jpg,7,8,PASS_RIGHT_SIDE,465,548,472,556
1277108231Image000004.jpg,29,28,PEDESTRIAN_CROSSING,391,455,420,483
1277108231Image000004.jpg,29,27,PASS_RIGHT_SIDE,393,484,422,511
1277108231Image000004.jpg,4,5,PEDESTRIAN_CROSSING,463,545,467,550
1277108231Image000004.jpg,7,8,PASS_RIGHT_SIDE,465,548,472,556
1277108231Image000004.jpg,29,28,PEDESTRIAN_CROSSING,391,455,420,483
1277108231Image000004.jpg,29,27,PASS_RIGHT_SIDE,393,484,422,511
1277108231Image000004.jpg,4,5,PEDESTRIAN_CROSSING,463,545,467,550
1277108231Image000004.jpg,7,8,PASS_RIGHT_SIDE,465,548,472,556
1277108231Image000004.jpg,29,28,PEDESTRIAN_CROSSING,391,455,420,483
1277108231Image000004.jpg,29,27,PASS_RIGHT_SIDE,393,484,422,511
1277108231Image000004.jpg,4,5,PEDESTRIAN_CROSSING,463,545,467,550
1277108231Image000004.jpg,7,8,PASS_RIGHT_SIDE,465,548,472,556
1277108231Image000004.jpg,29,28,PEDESTRIAN_CROSSING,391,455,420,483
1277108231Image000004.jpg,29,27,PASS_RIGHT_SIDE,393,484,422,511
1277108231Image000004.jpg,4,5,PEDESTRIAN_CROSSING,463,545,467,550
1277108231Image000004.jpg,7,8,PASS_RIGHT_SIDE,465,548,472,556
1277108231Image000016.jpg,17,67,PEDESTRIAN_CROSSING,1218,280,1235,347
1277108231Image000016.jpg,59,57,PEDESTRIAN_CROSSING,151,385,210,442
1277108231Image000016.jpg,57,57,PASS_RIGHT_SIDE,153,444,210,501
1277108231Image000016.jpg,6,6,PEDESTRIAN_CROSSING,352,577,358,583
1277108231Image000016.jpg,7,9,PASS_RIGHT_SIDE,357,580,364,589
1277108231Image000016.jpg,17,67,PEDESTRIAN_CROSSING,1218,280,1235,347
1277108231Image000016.jpg,59,57,PEDESTRIAN_CROSSING,151,385,210,442
1277108231Image000016.jpg,57,57,PASS_RIGHT_SIDE,153,444,210,501
1277108231Image000016.jpg,6,6,PEDESTRIAN_CROSSING,352,577,358,583
1277108231Image000016.jpg,7,9,PASS_RIGHT_SIDE,357,580,364,589
1277108231Image000016.jpg,17,67,PEDESTRIAN_CROSSING,1218,280,1235,347
1277108231Image000016.jpg,59,57,PEDESTRIAN_CROSSING,151,385,210,442
1277108231Image000016.jpg,57,57,PASS_RIGHT_SIDE,153,444,210,501
1277108231Image000016.jpg,6,6,PEDESTRIAN_CROSSING,352,577,358,583
1277108231Image000016.jpg,7,9,PASS_RIGHT_SIDE,357,580,364,589
1277108231Image000016.jpg,17,67,PEDESTRIAN_CROSSING,1218,280,1235,347
1277108231Image000016.jpg,59,57,PEDESTRIAN_CROSSING,151,385,210,442
1277108231Image000016.jpg,57,57,PASS_RIGHT_SIDE,153,444,210,501
1277108231Image000016.jpg,6,6,PEDESTRIAN_CROSSING,352,577,358,583
1277108231Image000016.jpg,7,9,PASS_RIGHT_SIDE,357,580,364,589
1277108231Image000016.jpg,17,67,PEDESTRIAN_CROSSING,1218,280,1235,347
1277108231Image000016.jpg,59,57,PEDESTRIAN_CROSSING,151,385,210,442
1277108231Image000016.jpg,57,57,PASS_RIGHT_SIDE,153,444,210,501
1277108231Image000016.jpg,6,6,PEDESTRIAN_CROSSING,352,577,358,583
1277108231Image000016.jpg,7,9,PASS_RIGHT_SIDE,357,580,364,589
1277108231Image000016.jpg,17,67,PEDESTRIAN_CROSSING,1218,280,1235,347
1277108231Image000016.jpg,59,57,PEDESTRIAN_CROSSING,151,385,210,442
1277108231Image000016.jpg,57,57,PASS_RIGHT_SIDE,153,444,210,501
1277108231Image000016.jpg,6,6,PEDESTRIAN_CROSSING,352,577,358,583
1277108231Image000016.jpg,7,9,PASS_RIGHT_SIDE,357,580,364,589
1277108231Image000021.jpg,69,67,PEDESTRIAN_CROSSING,68,333,137,400
1277108231Image000021.jpg,69,70,PASS_RIGHT_SIDE,67,402,136,472
1277108231Image000021.jpg,6,7,PEDESTRIAN_CROSSING,338,567,344,574
1277108231Image000021.jpg,7,6,PASS_RIGHT_SIDE,342,573,349,579
1277108231Image000021.jpg,69,67,PEDESTRIAN_CROSSING,68,333,137,400
1277108231Image000021.jpg,69,70,PASS_RIGHT_SIDE,67,402,136,472
1277108231Image000021.jpg,6,7,PEDESTRIAN_CROSSING,338,567,344,574
1277108231Image000021.jpg,7,6,PASS_RIGHT_SIDE,342,573,349,579
1277108231Image000021.jpg,69,67,PEDESTRIAN_CROSSING,68,333,137,400
1277108231Image000021.jpg,69,70,PASS_RIGHT_SIDE,67,402,136,472
1277108231Image000021.jpg,6,7,PEDESTRIAN_CROSSING,338,567,344,574
1277108231Image000021.jpg,7,6,PASS_RIGHT_SIDE,342,573,349,579
1277108231Image000021.jpg,69,67,PEDESTRIAN_CROSSING,68,333,137,400
1277108231Image000021.jpg,69,70,PASS_RIGHT_SIDE,67,402,136,472
1277108231Image000021.jpg,6,7,PEDESTRIAN_CROSSING,338,567,344,574
1277108231Image000021.jpg,7,6,PASS_RIGHT_SIDE,342,573,349,579
1277108231Image000021.jpg,69,67,PEDESTRIAN_CROSSING,68,333,137,400
1277108231Image000021.jpg,69,70,PASS_RIGHT_SIDE,67,402,136,472
1277108231Image000021.jpg,6,7,PEDESTRIAN_CROSSING,338,567,344,574
1277108231Image000021.jpg,7,6,PASS_RIGHT_SIDE,342,573,349,579
1277108231Image000026.jpg,44,87,PEDESTRIAN_CROSSING,2,226,46,313
1277108231Image000026.jpg,42,83,PASS_RIGHT_SIDE,1,320,43,403
1277108231Image000026.jpg,6,6,PEDESTRIAN_CROSSING,340,535,346,541
1277108231Image000026.jpg,8,6,PASS_RIGHT_SIDE,343,540,351,546
1277108231Image000026.jpg,44,87,PEDESTRIAN_CROSSING,2,226,46,313
1277108231Image000026.jpg,42,83,PASS_RIGHT_SIDE,1,320,43,403
1277108231Image000026.jpg,6,6,PEDESTRIAN_CROSSING,340,535,346,541
1277108231Image000026.jpg,8,6,PASS_RIGHT_SIDE,343,540,351,546
1277108231Image000026.jpg,44,87,PEDESTRIAN_CROSSING,2,226,46,313
1277108231Image000026.jpg,42,83,PASS_RIGHT_SIDE,1,320,43,403
1277108231Image000026.jpg,6,6,PEDESTRIAN_CROSSING,340,535,346,541
1277108231Image000026.jpg,8,6,PASS_RIGHT_SIDE,343,540,351,546
1277108231Image000026.jpg,44,87,PEDESTRIAN_CROSSING,2,226,46,313
1277108231Image000026.jpg,42,83,PASS_RIGHT_SIDE,1,320,43,403
1277108231Image000026.jpg,6,6,PEDESTRIAN_CROSSING,340,535,346,541
1277108231Image000026.jpg,8,6,PASS_RIGHT_SIDE,343,540,351,546
1277108231Image000026.jpg,44,87,PEDESTRIAN_CROSSING,2,226,46,313
1277108231Image000026.jpg,42,83,PASS_RIGHT_SIDE,1,320,43,403
1277108231Image000026.jpg,6,6,PEDESTRIAN_CROSSING,340,535,346,541
1277108231Image000026.jpg,8,6,PASS_RIGHT_SIDE,343,540,351,546
1277108231Image000031.jpg,6,6,PEDESTRIAN_CROSSING,363,536,369,542
1277108231Image000031.jpg,7,8,PASS_RIGHT_SIDE,367,540,374,548
1277108231Image000031.jpg,6,6,PEDESTRIAN_CROSSING,363,536,369,542
1277108231Image000031.jpg,7,8,PASS_RIGHT_SIDE,367,540,374,548
1277108231Image000031.jpg,6,6,PEDESTRIAN_CROSSING,363,536,369,542
1277108231Image000031.jpg,7,8,PASS_RIGHT_SIDE,367,540,374,548
1277108231Image000038.jpg,6,7,PEDESTRIAN_CROSSING,420,532,426,539
1277108231Image000038.jpg,9,9,PASS_RIGHT_SIDE,423,536,432,545
1277108231Image000038.jpg,6,7,PEDESTRIAN_CROSSING,420,532,426,539
1277108231Image000038.jpg,9,9,PASS_RIGHT_SIDE,423,536,432,545
1277108231Image000038.jpg,6,7,PEDESTRIAN_CROSSING,420,532,426,539
1277108231Image000038.jpg,9,9,PASS_RIGHT_SIDE,423,536,432,545
1277108231Image000045.jpg,7,9,PEDESTRIAN_CROSSING,499,553,506,562
1277108231Image000045.jpg,8,8,PASS_RIGHT_SIDE,504,559,512,567
1277108231Image000045.jpg,7,9,PEDESTRIAN_CROSSING,499,553,506,562
1277108231Image000045.jpg,8,8,PASS_RIGHT_SIDE,504,559,512,567
1277108231Image000045.jpg,7,9,PEDESTRIAN_CROSSING,499,553,506,562
1277108231Image000045.jpg,8,8,PASS_RIGHT_SIDE,504,559,512,567
1277108245Image000003.jpg,22,22,PASS_RIGHT_SIDE,425,531,447,553
1277108245Image000003.jpg,20,21,PEDESTRIAN_CROSSING,413,520,433,541
1277108245Image000003.jpg,22,22,PASS_RIGHT_SIDE,425,531,447,553
1277108245Image000003.jpg,20,21,PEDESTRIAN_CROSSING,413,520,433,541
1277108245Image000008.jpg,23,23,PASS_RIGHT_SIDE,415,533,438,556
1277108245Image000008.jpg,19,20,PEDESTRIAN_CROSSING,403,520,422,540
1277108245Image000008.jpg,23,23,PASS_RIGHT_SIDE,415,533,438,556
1277108245Image000008.jpg,19,20,PEDESTRIAN_CROSSING,403,520,422,540
1277108245Image000013.jpg,24,26,PASS_RIGHT_SIDE,416,533,440,559
1277108245Image000013.jpg,22,21,PEDESTRIAN_CROSSING,404,520,426,541
1277108245Image000013.jpg,24,26,PASS_RIGHT_SIDE,416,533,440,559
1277108245Image000013.jpg,22,21,PEDESTRIAN_CROSSING,404,520,426,541
1277108245Image000013.jpg,24,26,PASS_RIGHT_SIDE,416,533,440,559
1277108245Image000013.jpg,22,21,PEDESTRIAN_CROSSING,404,520,426,541
1277108245Image000018.jpg,29,27,PASS_RIGHT_SIDE,425,521,454,548
1277108245Image000018.jpg,23,24,PEDESTRIAN_CROSSING,412,508,435,532
1277108245Image000018.jpg,29,27,PASS_RIGHT_SIDE,425,521,454,548
1277108245Image000018.jpg,23,24,PEDESTRIAN_CROSSING,412,508,435,532
1277108245Image000018.jpg,29,27,PASS_RIGHT_SIDE,425,521,454,548
1277108245Image000018.jpg,23,24,PEDESTRIAN_CROSSING,412,508,435,532
1277108245Image000023.jpg,33,31,PASS_RIGHT_SIDE,421,505,454,536
1277108245Image000023.jpg,26,26,PEDESTRIAN_CROSSING,408,493,434,519
1277108245Image000023.jpg,33,31,PASS_RIGHT_SIDE,421,505,454,536
1277108245Image000023.jpg,26,26,PEDESTRIAN_CROSSING,408,493,434,519
1277108245Image000023.jpg,33,31,PASS_RIGHT_SIDE,421,505,454,536
1277108245Image000023.jpg,26,26,PEDESTRIAN_CROSSING,408,493,434,519
1277108245Image000028.jpg,39,40,PASS_RIGHT_SIDE,406,489,445,529
1277108245Image000028.jpg,31,30,PEDESTRIAN_CROSSING,391,476,422,506
1277108245Image000028.jpg,39,40,PASS_RIGHT_SIDE,406,489,445,529
1277108245Image000028.jpg,31,30,PEDESTRIAN_CROSSING,391,476,422,506
1277108245Image000033.jpg,52,53,PASS_RIGHT_SIDE,292,449,344,502
1277108245Image000033.jpg,42,42,PEDESTRIAN_CROSSING,280,435,322,477
1277108245Image000033.jpg,52,53,PASS_RIGHT_SIDE,292,449,344,502
1277108245Image000033.jpg,42,42,PEDESTRIAN_CROSSING,280,435,322,477
1277108245Image000038.jpg,66,63,PASS_RIGHT_SIDE,211,430,277,493
1277108245Image000038.jpg,48,48,PEDESTRIAN_CROSSING,207,417,255,465
1277108245Image000038.jpg,66,63,PASS_RIGHT_SIDE,211,430,277,493
1277108245Image000038.jpg,48,48,PEDESTRIAN_CROSSING,207,417,255,465
1277108245Image000043.jpg,100,103,PASS_RIGHT_SIDE,19,395,119,498
1277108245Image000043.jpg,65,67,PEDESTRIAN_CROSSING,50,395,115,462
1277108245Image000043.jpg,100,103,PASS_RIGHT_SIDE,19,395,119,498
1277108245Image000043.jpg,65,67,PEDESTRIAN_CROSSING,50,395,115,462
1277108245Image000118.jpg,12,12,PEDESTRIAN_CROSSING,619,552,631,564
1277108245Image000118.jpg,12,14,PASS_RIGHT_SIDE,618,563,630,577
1277108245Image000118.jpg,12,12,PEDESTRIAN_CROSSING,619,552,631,564
1277108245Image000118.jpg,12,14,PASS_RIGHT_SIDE,618,563,630,577
1277108245Image000118.jpg,12,12,PEDESTRIAN_CROSSING,619,552,631,564
1277108245Image000118.jpg,12,14,PASS_RIGHT_SIDE,618,563,630,577
1277108245Image000128.jpg,13,14,PEDESTRIAN_CROSSING,542,549,555,563
1277108245Image000128.jpg,13,13,PASS_RIGHT_SIDE,543,563,556,576
1277108245Image000128.jpg,13,14,PEDESTRIAN_CROSSING,542,549,555,563
1277108245Image000128.jpg,13,13,PASS_RIGHT_SIDE,543,563,556,576
1277108245Image000128.jpg,13,14,PEDESTRIAN_CROSSING,542,549,555,563
1277108245Image000128.jpg,13,13,PASS_RIGHT_SIDE,543,563,556,576
1277108245Image000133.jpg,13,14,PEDESTRIAN_CROSSING,491,545,504,559
1277108245Image000133.jpg,16,14,PASS_RIGHT_SIDE,490,559,506,573
1277108245Image000133.jpg,13,14,PEDESTRIAN_CROSSING,491,545,504,559
1277108245Image000133.jpg,16,14,PASS_RIGHT_SIDE,490,559,506,573
1277108245Image000133.jpg,13,14,PEDESTRIAN_CROSSING,491,545,504,559
1277108245Image000133.jpg,16,14,PASS_RIGHT_SIDE,490,559,506,573
1277108245Image000138.jpg,13,14,PEDESTRIAN_CROSSING,429,540,442,554
1277108245Image000138.jpg,15,16,PASS_RIGHT_SIDE,428,555,443,571
1277108245Image000138.jpg,13,14,PEDESTRIAN_CROSSING,429,540,442,554
1277108245Image000138.jpg,15,16,PASS_RIGHT_SIDE,428,555,443,571
1277108245Image000138.jpg,13,14,PEDESTRIAN_CROSSING,429,540,442,554
1277108245Image000138.jpg,15,16,PASS_RIGHT_SIDE,428,555,443,571
1277108245Image000148.jpg,18,19,PEDESTRIAN_CROSSING,366,525,384,544
1277108245Image000148.jpg,20,20,PASS_RIGHT_SIDE,366,544,386,564
1277108245Image000148.jpg,18,19,PEDESTRIAN_CROSSING,366,525,384,544
1277108245Image000148.jpg,20,20,PASS_RIGHT_SIDE,366,544,386,564
1277108245Image000148.jpg,18,19,PEDESTRIAN_CROSSING,366,525,384,544
1277108245Image000148.jpg,20,20,PASS_RIGHT_SIDE,366,544,386,564
1277108245Image000153.jpg,20,20,PEDESTRIAN_CROSSING,351,515,371,535
1277108245Image000153.jpg,21,22,PASS_RIGHT_SIDE,351,535,372,557
1277108245Image000153.jpg,20,20,PEDESTRIAN_CROSSING,351,515,371,535
1277108245Image000153.jpg,21,22,PASS_RIGHT_SIDE,351,535,372,557
1277108245Image000153.jpg,20,20,PEDESTRIAN_CROSSING,351,515,371,535
1277108245Image000153.jpg,21,22,PASS_RIGHT_SIDE,351,535,372,557
1277108245Image000158.jpg,22,22,PEDESTRIAN_CROSSING,345,513,367,535
1277108245Image000158.jpg,25,24,PASS_RIGHT_SIDE,343,534,368,558
1277108245Image000158.jpg,22,22,PEDESTRIAN_CROSSING,345,513,367,535
1277108245Image000158.jpg,25,24,PASS_RIGHT_SIDE,343,534,368,558
1277108245Image000158.jpg,22,22,PEDESTRIAN_CROSSING,345,513,367,535
1277108245Image000158.jpg,25,24,PASS_RIGHT_SIDE,343,534,368,558
1277108245Image000163.jpg,24,25,PEDESTRIAN_CROSSING,333,507,357,532
1277108245Image000163.jpg,28,28,PASS_RIGHT_SIDE,329,532,357,560
1277108245Image000163.jpg,24,25,PEDESTRIAN_CROSSING,333,507,357,532
1277108245Image000163.jpg,28,28,PASS_RIGHT_SIDE,329,532,357,560
1277108245Image000163.jpg,24,25,PEDESTRIAN_CROSSING,333,507,357,532
1277108245Image000163.jpg,28,28,PASS_RIGHT_SIDE,329,532,357,560
1277108274Image000118.jpg,9,11,PEDESTRIAN_CROSSING,802,521,811,532
1277108274Image000118.jpg,10,12,PASS_RIGHT_SIDE,801,531,811,543
1277108274Image000118.jpg,9,11,PEDESTRIAN_CROSSING,802,521,811,532
1277108274Image000118.jpg,10,12,PASS_RIGHT_SIDE,801,531,811,543
1277108274Image000128.jpg,11,12,PEDESTRIAN_CROSSING,792,524,803,536
1277108274Image000128.jpg,10,11,PASS_RIGHT_SIDE,792,535,802,546
1277108274Image000128.jpg,11,12,PEDESTRIAN_CROSSING,792,524,803,536
1277108274Image000128.jpg,10,11,PASS_RIGHT_SIDE,792,535,802,546
1277108376Image000003.jpg,131,174,GIVE_WAY,1148,234,1279,408
1277108403Image000002.jpg,57,48,OTHER,647,449,704,497
1277108403Image000002.jpg,15,17,PASS_RIGHT_SIDE,517,545,532,562
1277108403Image000002.jpg,57,48,OTHER,647,449,704,497
1277108403Image000002.jpg,15,17,PASS_RIGHT_SIDE,517,545,532,562
1277108403Image000002.jpg,57,48,OTHER,647,449,704,497
1277108403Image000002.jpg,15,17,PASS_RIGHT_SIDE,517,545,532,562
1277108403Image000007.jpg,62,57,OTHER,689,427,751,484
1277108403Image000007.jpg,15,17,PASS_RIGHT_SIDE,533,544,548,561
1277108403Image000007.jpg,62,57,OTHER,689,427,751,484
1277108403Image000007.jpg,15,17,PASS_RIGHT_SIDE,533,544,548,561
1277108403Image000007.jpg,62,57,OTHER,689,427,751,484
1277108403Image000007.jpg,15,17,PASS_RIGHT_SIDE,533,544,548,561
1277108403Image000012.jpg,91,80,OTHER,784,367,875,447
1277108403Image000012.jpg,19,20,PASS_RIGHT_SIDE,558,537,577,557
1277108403Image000012.jpg,91,80,OTHER,784,367,875,447
1277108403Image000012.jpg,19,20,PASS_RIGHT_SIDE,558,537,577,557
1277108403Image000012.jpg,91,80,OTHER,784,367,875,447
1277108403Image000012.jpg,19,20,PASS_RIGHT_SIDE,558,537,577,557
1277108403Image000017.jpg,118,108,OTHER,916,290,1034,398
1277108403Image000017.jpg,19,20,PASS_RIGHT_SIDE,579,532,598,552
1277108403Image000017.jpg,118,108,OTHER,916,290,1034,398
1277108403Image000017.jpg,19,20,PASS_RIGHT_SIDE,579,532,598,552
1277108403Image000017.jpg,118,108,OTHER,916,290,1034,398
1277108403Image000017.jpg,19,20,PASS_RIGHT_SIDE,579,532,598,552
1277108403Image000022.jpg,157,158,OTHER,1121,162,1278,320
1277108403Image000022.jpg,20,20,PASS_RIGHT_SIDE,594,533,614,553
1277108403Image000022.jpg,157,158,OTHER,1121,162,1278,320
1277108403Image000022.jpg,20,20,PASS_RIGHT_SIDE,594,533,614,553
1277108403Image000022.jpg,157,158,OTHER,1121,162,1278,320
1277108403Image000022.jpg,20,20,PASS_RIGHT_SIDE,594,533,614,553
1277108408Image000003.jpg,51,53,PASS_RIGHT_SIDE,622,464,673,517
1277108408Image000003.jpg,30,32,PEDESTRIAN_CROSSING,875,472,905,504
1277108408Image000003.jpg,51,53,PASS_RIGHT_SIDE,622,464,673,517
1277108408Image000003.jpg,30,32,PEDESTRIAN_CROSSING,875,472,905,504
1277108408Image000008.jpg,56,61,PASS_RIGHT_SIDE,575,440,631,501
1277108408Image000008.jpg,35,35,PEDESTRIAN_CROSSING,842,457,877,492
1277108408Image000008.jpg,56,61,PASS_RIGHT_SIDE,575,440,631,501
1277108408Image000008.jpg,35,35,PEDESTRIAN_CROSSING,842,457,877,492
1277108408Image000013.jpg,70,73,PASS_RIGHT_SIDE,454,422,524,495
1277108408Image000013.jpg,38,39,PEDESTRIAN_CROSSING,754,452,792,491
1277108408Image000013.jpg,70,73,PASS_RIGHT_SIDE,454,422,524,495
1277108408Image000013.jpg,38,39,PEDESTRIAN_CROSSING,754,452,792,491
1277108408Image000018.jpg,90,88,PASS_RIGHT_SIDE,270,402,360,490
1277108408Image000018.jpg,41,41,PEDESTRIAN_CROSSING,632,453,673,494
1277108408Image000018.jpg,90,88,PASS_RIGHT_SIDE,270,402,360,490
1277108408Image000018.jpg,41,41,PEDESTRIAN_CROSSING,632,453,673,494
1277108408Image000023.jpg,114,124,PASS_RIGHT_SIDE,12,329,126,453
1277108408Image000023.jpg,45,44,PEDESTRIAN_CROSSING,490,429,535,473
1277108408Image000023.jpg,114,124,PASS_RIGHT_SIDE,12,329,126,453
1277108408Image000023.jpg,45,44,PEDESTRIAN_CROSSING,490,429,535,473
1277108408Image000028.jpg,54,53,PEDESTRIAN_CROSSING,365,396,419,449
1277108408Image000028.jpg,15,16,PRIORITY_ROAD,1132,516,1147,532
1277108408Image000028.jpg,54,53,PEDESTRIAN_CROSSING,365,396,419,449
1277108408Image000028.jpg,15,16,PRIORITY_ROAD,1132,516,1147,532
1277108408Image000033.jpg,59,61,PEDESTRIAN_CROSSING,290,372,349,433
1277108408Image000033.jpg,16,15,PRIORITY_ROAD,1104,513,1120,528
1277108408Image000033.jpg,59,61,PEDESTRIAN_CROSSING,290,372,349,433
1277108408Image000033.jpg,16,15,PRIORITY_ROAD,1104,513,1120,528
1277108408Image000038.jpg,70,71,PEDESTRIAN_CROSSING,206,340,276,411
1277108408Image000038.jpg,16,14,PRIORITY_ROAD,1086,514,1102,528
1277108408Image000038.jpg,70,71,PEDESTRIAN_CROSSING,206,340,276,411
1277108408Image000038.jpg,16,14,PRIORITY_ROAD,1086,514,1102,528
1277108408Image000043.jpg,93,96,PEDESTRIAN_CROSSING,24,277,117,373
1277108408Image000043.jpg,17,16,PRIORITY_ROAD,1056,521,1073,537
1277108408Image000043.jpg,93,96,PEDESTRIAN_CROSSING,24,277,117,373
1277108408Image000043.jpg,17,16,PRIORITY_ROAD,1056,521,1073,537
1277108415Image000013.jpg,47,46,PRIORITY_ROAD,712,473,759,519
1277108415Image000018.jpg,62,63,PRIORITY_ROAD,768,448,830,511
1277108415Image000023.jpg,92,92,PRIORITY_ROAD,872,394,964,486
1277108415Image000028.jpg,142,139,PRIORITY_ROAD,1113,293,1255,432
1277108438Image000006.jpg,25,24,PEDESTRIAN_CROSSING,383,501,408,525
1277108438Image000006.jpg,27,26,PASS_RIGHT_SIDE,383,525,410,551
1277108438Image000006.jpg,17,18,NO_PARKING,524,538,541,556
1277108438Image000006.jpg,25,24,PEDESTRIAN_CROSSING,383,501,408,525
1277108438Image000006.jpg,27,26,PASS_RIGHT_SIDE,383,525,410,551
1277108438Image000006.jpg,17,18,NO_PARKING,524,538,541,556
1277108438Image000006.jpg,25,24,PEDESTRIAN_CROSSING,383,501,408,525
1277108438Image000006.jpg,27,26,PASS_RIGHT_SIDE,383,525,410,551
1277108438Image000006.jpg,17,18,NO_PARKING,524,538,541,556
1277108438Image000006.jpg,25,24,PEDESTRIAN_CROSSING,383,501,408,525
1277108438Image000006.jpg,27,26,PASS_RIGHT_SIDE,383,525,410,551
1277108438Image000006.jpg,17,18,NO_PARKING,524,538,541,556
1277108438Image000011.jpg,27,25,PEDESTRIAN_CROSSING,374,495,401,520
1277108438Image000011.jpg,31,29,PASS_RIGHT_SIDE,373,524,404,553
1277108438Image000011.jpg,18,18,NO_PARKING,528,540,546,558
1277108438Image000011.jpg,27,25,PEDESTRIAN_CROSSING,374,495,401,520
1277108438Image000011.jpg,31,29,PASS_RIGHT_SIDE,373,524,404,553
1277108438Image000011.jpg,18,18,NO_PARKING,528,540,546,558
1277108438Image000011.jpg,27,25,PEDESTRIAN_CROSSING,374,495,401,520
1277108438Image000011.jpg,31,29,PASS_RIGHT_SIDE,373,524,404,553
1277108438Image000011.jpg,18,18,NO_PARKING,528,540,546,558
1277108438Image000011.jpg,27,25,PEDESTRIAN_CROSSING,374,495,401,520
1277108438Image000011.jpg,31,29,PASS_RIGHT_SIDE,373,524,404,553
1277108438Image000011.jpg,18,18,NO_PARKING,528,540,546,558
1277108438Image000016.jpg,31,30,PEDESTRIAN_CROSSING,365,481,396,511
1277108438Image000016.jpg,32,31,PASS_RIGHT_SIDE,365,512,397,543
1277108438Image000016.jpg,20,20,NO_PARKING,535,533,555,553
1277108438Image000016.jpg,31,30,PEDESTRIAN_CROSSING,365,481,396,511
1277108438Image000016.jpg,32,31,PASS_RIGHT_SIDE,365,512,397,543
1277108438Image000016.jpg,20,20,NO_PARKING,535,533,555,553
1277108438Image000016.jpg,31,30,PEDESTRIAN_CROSSING,365,481,396,511
1277108438Image000016.jpg,32,31,PASS_RIGHT_SIDE,365,512,397,543
1277108438Image000016.jpg,20,20,NO_PARKING,535,533,555,553
1277108438Image000016.jpg,31,30,PEDESTRIAN_CROSSING,365,481,396,511
1277108438Image000016.jpg,32,31,PASS_RIGHT_SIDE,365,512,397,543
1277108438Image000016.jpg,20,20,NO_PARKING,535,533,555,553
1277108438Image000026.jpg,54,54,PEDESTRIAN_CROSSING,193,390,247,444
1277108438Image000026.jpg,62,60,PASS_RIGHT_SIDE,190,447,252,507
1277108438Image000026.jpg,26,25,NO_PARKING,490,511,516,536
1277108438Image000026.jpg,54,54,PEDESTRIAN_CROSSING,193,390,247,444
1277108438Image000026.jpg,62,60,PASS_RIGHT_SIDE,190,447,252,507
1277108438Image000026.jpg,26,25,NO_PARKING,490,511,516,536
1277108438Image000026.jpg,54,54,PEDESTRIAN_CROSSING,193,390,247,444
1277108438Image000026.jpg,62,60,PASS_RIGHT_SIDE,190,447,252,507
1277108438Image000026.jpg,26,25,NO_PARKING,490,511,516,536
1277108438Image000026.jpg,54,54,PEDESTRIAN_CROSSING,193,390,247,444
1277108438Image000026.jpg,62,60,PASS_RIGHT_SIDE,190,447,252,507
1277108438Image000026.jpg,26,25,NO_PARKING,490,511,516,536
1277108438Image000031.jpg,75,73,PEDESTRIAN_CROSSING,50,330,125,403
1277108438Image000031.jpg,84,82,PASS_RIGHT_SIDE,47,407,131,489
1277108438Image000031.jpg,26,26,NO_PARKING,466,510,492,536
1277108438Image000031.jpg,75,73,PEDESTRIAN_CROSSING,50,330,125,403
1277108438Image000031.jpg,84,82,PASS_RIGHT_SIDE,47,407,131,489
1277108438Image000031.jpg,26,26,NO_PARKING,466,510,492,536
1277108438Image000031.jpg,75,73,PEDESTRIAN_CROSSING,50,330,125,403
1277108438Image000031.jpg,84,82,PASS_RIGHT_SIDE,47,407,131,489
1277108438Image000031.jpg,26,26,NO_PARKING,466,510,492,536
1277108438Image000031.jpg,75,73,PEDESTRIAN_CROSSING,50,330,125,403
1277108438Image000031.jpg,84,82,PASS_RIGHT_SIDE,47,407,131,489
1277108438Image000031.jpg,26,26,NO_PARKING,466,510,492,536
1277108438Image000041.jpg,35,31,NO_PARKING,458,494,493,525
1277108438Image000041.jpg,35,31,NO_PARKING,458,494,493,525
1277108438Image000046.jpg,48,49,NO_PARKING,592,465,640,514
1277108438Image000046.jpg,48,49,NO_PARKING,592,465,640,514
1277108438Image000051.jpg,56,51,NO_PARKING,647,448,703,499
1277108438Image000051.jpg,56,51,NO_PARKING,647,448,703,499
1277108438Image000056.jpg,75,72,NO_PARKING,709,403,784,475
1277108438Image000061.jpg,141,143,NO_PARKING,910,213,1051,356
1277108453Image000001.jpg,32,34,PEDESTRIAN_CROSSING,289,461,321,495
1277108453Image000001.jpg,35,36,PASS_RIGHT_SIDE,287,500,322,536
1277108453Image000001.jpg,20,20,PASS_RIGHT_SIDE,366,522,386,542
1277108453Image000001.jpg,13,11,PEDESTRIAN_CROSSING,404,525,417,536
1277108453Image000001.jpg,13,12,PASS_RIGHT_SIDE,404,536,417,548
1277108453Image000001.jpg,10,10,PASS_RIGHT_SIDE,424,540,434,550
1277108453Image000001.jpg,9,8,PEDESTRIAN_CROSSING,342,536,351,544
1277108453Image000001.jpg,32,34,PEDESTRIAN_CROSSING,289,461,321,495
1277108453Image000001.jpg,35,36,PASS_RIGHT_SIDE,287,500,322,536
1277108453Image000001.jpg,20,20,PASS_RIGHT_SIDE,366,522,386,542
1277108453Image000001.jpg,13,11,PEDESTRIAN_CROSSING,404,525,417,536
1277108453Image000001.jpg,13,12,PASS_RIGHT_SIDE,404,536,417,548
1277108453Image000001.jpg,10,10,PASS_RIGHT_SIDE,424,540,434,550
1277108453Image000001.jpg,9,8,PEDESTRIAN_CROSSING,342,536,351,544
1277108453Image000001.jpg,32,34,PEDESTRIAN_CROSSING,289,461,321,495
1277108453Image000001.jpg,35,36,PASS_RIGHT_SIDE,287,500,322,536
1277108453Image000001.jpg,20,20,PASS_RIGHT_SIDE,366,522,386,542
1277108453Image000001.jpg,13,11,PEDESTRIAN_CROSSING,404,525,417,536
1277108453Image000001.jpg,13,12,PASS_RIGHT_SIDE,404,536,417,548
1277108453Image000001.jpg,10,10,PASS_RIGHT_SIDE,424,540,434,550
1277108453Image000001.jpg,9,8,PEDESTRIAN_CROSSING,342,536,351,544
1277108453Image000001.jpg,32,34,PEDESTRIAN_CROSSING,289,461,321,495
1277108453Image000001.jpg,35,36,PASS_RIGHT_SIDE,287,500,322,536
1277108453Image000001.jpg,20,20,PASS_RIGHT_SIDE,366,522,386,542
1277108453Image000001.jpg,13,11,PEDESTRIAN_CROSSING,404,525,417,536
1277108453Image000001.jpg,13,12,PASS_RIGHT_SIDE,404,536,417,548
1277108453Image000001.jpg,10,10,PASS_RIGHT_SIDE,424,540,434,550
1277108453Image000001.jpg,9,8,PEDESTRIAN_CROSSING,342,536,351,544
1277108453Image000001.jpg,32,34,PEDESTRIAN_CROSSING,289,461,321,495
1277108453Image000001.jpg,35,36,PASS_RIGHT_SIDE,287,500,322,536
1277108453Image000001.jpg,20,20,PASS_RIGHT_SIDE,366,522,386,542
1277108453Image000001.jpg,13,11,PEDESTRIAN_CROSSING,404,525,417,536
1277108453Image000001.jpg,13,12,PASS_RIGHT_SIDE,404,536,417,548
1277108453Image000001.jpg,10,10,PASS_RIGHT_SIDE,424,540,434,550
1277108453Image000001.jpg,9,8,PEDESTRIAN_CROSSING,342,536,351,544
1277108453Image000001.jpg,32,34,PEDESTRIAN_CROSSING,289,461,321,495
1277108453Image000001.jpg,35,36,PASS_RIGHT_SIDE,287,500,322,536
1277108453Image000001.jpg,20,20,PASS_RIGHT_SIDE,366,522,386,542
1277108453Image000001.jpg,13,11,PEDESTRIAN_CROSSING,404,525,417,536
1277108453Image000001.jpg,13,12,PASS_RIGHT_SIDE,404,536,417,548
1277108453Image000001.jpg,10,10,PASS_RIGHT_SIDE,424,540,434,550
1277108453Image000001.jpg,9,8,PEDESTRIAN_CROSSING,342,536,351,544
1277108453Image000001.jpg,32,34,PEDESTRIAN_CROSSING,289,461,321,495
1277108453Image000001.jpg,35,36,PASS_RIGHT_SIDE,287,500,322,536
1277108453Image000001.jpg,20,20,PASS_RIGHT_SIDE,366,522,386,542
1277108453Image000001.jpg,13,11,PEDESTRIAN_CROSSING,404,525,417,536
1277108453Image000001.jpg,13,12,PASS_RIGHT_SIDE,404,536,417,548
1277108453Image000001.jpg,10,10,PASS_RIGHT_SIDE,424,540,434,550
1277108453Image000001.jpg,9,8,PEDESTRIAN_CROSSING,342,536,351,544
1277108453Image000001.jpg,32,34,PEDESTRIAN_CROSSING,289,461,321,495
1277108453Image000001.jpg,35,36,PASS_RIGHT_SIDE,287,500,322,536
1277108453Image000001.jpg,20,20,PASS_RIGHT_SIDE,366,522,386,542
1277108453Image000001.jpg,13,11,PEDESTRIAN_CROSSING,404,525,417,536
1277108453Image000001.jpg,13,12,PASS_RIGHT_SIDE,404,536,417,548
1277108453Image000001.jpg,10,10,PASS_RIGHT_SIDE,424,540,434,550
1277108453Image000001.jpg,9,8,PEDESTRIAN_CROSSING,342,536,351,544
1277108453Image000006.jpg,35,38,PEDESTRIAN_CROSSING,257,441,292,479
1277108453Image000006.jpg,41,41,PASS_RIGHT_SIDE,252,483,293,524
1277108453Image000006.jpg,24,22,PASS_RIGHT_SIDE,352,513,376,535
1277108453Image000006.jpg,12,13,PEDESTRIAN_CROSSING,396,519,408,532
1277108453Image000006.jpg,13,12,PASS_RIGHT_SIDE,396,530,409,542
1277108453Image000006.jpg,10,9,PASS_RIGHT_SIDE,418,536,428,545
1277108453Image000006.jpg,9,11,PEDESTRIAN_CROSSING,333,528,342,539
1277108453Image000006.jpg,8,10,PEDESTRIAN_CROSSING,495,527,503,537
1277108453Image000006.jpg,35,38,PEDESTRIAN_CROSSING,257,441,292,479
1277108453Image000006.jpg,41,41,PASS_RIGHT_SIDE,252,483,293,524
1277108453Image000006.jpg,24,22,PASS_RIGHT_SIDE,352,513,376,535
1277108453Image000006.jpg,12,13,PEDESTRIAN_CROSSING,396,519,408,532
1277108453Image000006.jpg,13,12,PASS_RIGHT_SIDE,396,530,409,542
1277108453Image000006.jpg,10,9,PASS_RIGHT_SIDE,418,536,428,545
1277108453Image000006.jpg,9,11,PEDESTRIAN_CROSSING,333,528,342,539
1277108453Image000006.jpg,8,10,PEDESTRIAN_CROSSING,495,527,503,537
1277108453Image000006.jpg,35,38,PEDESTRIAN_CROSSING,257,441,292,479
1277108453Image000006.jpg,41,41,PASS_RIGHT_SIDE,252,483,293,524
1277108453Image000006.jpg,24,22,PASS_RIGHT_SIDE,352,513,376,535
1277108453Image000006.jpg,12,13,PEDESTRIAN_CROSSING,396,519,408,532
1277108453Image000006.jpg,13,12,PASS_RIGHT_SIDE,396,530,409,542
1277108453Image000006.jpg,10,9,PASS_RIGHT_SIDE,418,536,428,545
1277108453Image000006.jpg,9,11,PEDESTRIAN_CROSSING,333,528,342,539
1277108453Image000006.jpg,8,10,PEDESTRIAN_CROSSING,495,527,503,537
1277108453Image000006.jpg,35,38,PEDESTRIAN_CROSSING,257,441,292,479
1277108453Image000006.jpg,41,41,PASS_RIGHT_SIDE,252,483,293,524
1277108453Image000006.jpg,24,22,PASS_RIGHT_SIDE,352,513,376,535
1277108453Image000006.jpg,12,13,PEDESTRIAN_CROSSING,396,519,408,532
1277108453Image000006.jpg,13,12,PASS_RIGHT_SIDE,396,530,409,542
1277108453Image000006.jpg,10,9,PASS_RIGHT_SIDE,418,536,428,545
1277108453Image000006.jpg,9,11,PEDESTRIAN_CROSSING,333,528,342,539
1277108453Image000006.jpg,8,10,PEDESTRIAN_CROSSING,495,527,503,537
1277108453Image000006.jpg,35,38,PEDESTRIAN_CROSSING,257,441,292,479
1277108453Image000006.jpg,41,41,PASS_RIGHT_SIDE,252,483,293,524
1277108453Image000006.jpg,24,22,PASS_RIGHT_SIDE,352,513,376,535
1277108453Image000006.jpg,12,13,PEDESTRIAN_CROSSING,396,519,408,532
1277108453Image000006.jpg,13,12,PASS_RIGHT_SIDE,396,530,409,542
1277108453Image000006.jpg,10,9,PASS_RIGHT_SIDE,418,536,428,545
1277108453Image000006.jpg,9,11,PEDESTRIAN_CROSSING,333,528,342,539
1277108453Image000006.jpg,8,10,PEDESTRIAN_CROSSING,495,527,503,537
1277108453Image000006.jpg,35,38,PEDESTRIAN_CROSSING,257,441,292,479
1277108453Image000006.jpg,41,41,PASS_RIGHT_SIDE,252,483,293,524
1277108453Image000006.jpg,24,22,PASS_RIGHT_SIDE,352,513,376,535
1277108453Image000006.jpg,12,13,PEDESTRIAN_CROSSING,396,519,408,532
1277108453Image000006.jpg,13,12,PASS_RIGHT_SIDE,396,530,409,542
1277108453Image000006.jpg,10,9,PASS_RIGHT_SIDE,418,536,428,545
1277108453Image000006.jpg,9,11,PEDESTRIAN_CROSSING,333,528,342,539
1277108453Image000006.jpg,8,10,PEDESTRIAN_CROSSING,495,527,503,537
1277108453Image000006.jpg,35,38,PEDESTRIAN_CROSSING,257,441,292,479
1277108453Image000006.jpg,41,41,PASS_RIGHT_SIDE,252,483,293,524
1277108453Image000006.jpg,24,22,PASS_RIGHT_SIDE,352,513,376,535
1277108453Image000006.jpg,12,13,PEDESTRIAN_CROSSING,396,519,408,532
1277108453Image000006.jpg,13,12,PASS_RIGHT_SIDE,396,530,409,542
1277108453Image000006.jpg,10,9,PASS_RIGHT_SIDE,418,536,428,545
1277108453Image000006.jpg,9,11,PEDESTRIAN_CROSSING,333,528,342,539
1277108453Image000006.jpg,8,10,PEDESTRIAN_CROSSING,495,527,503,537
1277108453Image000006.jpg,35,38,PEDESTRIAN_CROSSING,257,441,292,479
1277108453Image000006.jpg,41,41,PASS_RIGHT_SIDE,252,483,293,524
1277108453Image000006.jpg,24,22,PASS_RIGHT_SIDE,352,513,376,535
1277108453Image000006.jpg,12,13,PEDESTRIAN_CROSSING,396,519,408,532
1277108453Image000006.jpg,13,12,PASS_RIGHT_SIDE,396,530,409,542
1277108453Image000006.jpg,10,9,PASS_RIGHT_SIDE,418,536,428,545
1277108453Image000006.jpg,9,11,PEDESTRIAN_CROSSING,333,528,342,539
1277108453Image000006.jpg,8,10,PEDESTRIAN_CROSSING,495,527,503,537
1277108453Image000006.jpg,35,38,PEDESTRIAN_CROSSING,257,441,292,479
1277108453Image000006.jpg,41,41,PASS_RIGHT_SIDE,252,483,293,524
1277108453Image000006.jpg,24,22,PASS_RIGHT_SIDE,352,513,376,535
1277108453Image000006.jpg,12,13,PEDESTRIAN_CROSSING,396,519,408,532
1277108453Image000006.jpg,13,12,PASS_RIGHT_SIDE,396,530,409,542
1277108453Image000006.jpg,10,9,PASS_RIGHT_SIDE,418,536,428,545
1277108453Image000006.jpg,9,11,PEDESTRIAN_CROSSING,333,528,342,539
1277108453Image000006.jpg,8,10,PEDESTRIAN_CROSSING,495,527,503,537
1277108453Image000011.jpg,45,44,PEDESTRIAN_CROSSING,209,430,254,474
1277108453Image000011.jpg,47,47,PASS_RIGHT_SIDE,209,482,256,529
1277108453Image000011.jpg,22,22,PASS_RIGHT_SIDE,340,521,362,543
1277108453Image000011.jpg,13,12,PEDESTRIAN_CROSSING,388,529,401,541
1277108453Image000011.jpg,12,13,PASS_RIGHT_SIDE,389,540,401,553
1277108453Image000011.jpg,10,11,PASS_RIGHT_SIDE,412,545,422,556
1277108453Image000011.jpg,11,10,PEDESTRIAN_CROSSING,324,541,335,551
1277108453Image000011.jpg,9,8,PRIORITY_ROAD,491,548,500,556
1277108453Image000011.jpg,9,8,PEDESTRIAN_CROSSING,490,538,499,546
1277108453Image000011.jpg,45,44,PEDESTRIAN_CROSSING,209,430,254,474
1277108453Image000011.jpg,47,47,PASS_RIGHT_SIDE,209,482,256,529
1277108453Image000011.jpg,22,22,PASS_RIGHT_SIDE,340,521,362,543
1277108453Image000011.jpg,13,12,PEDESTRIAN_CROSSING,388,529,401,541
1277108453Image000011.jpg,12,13,PASS_RIGHT_SIDE,389,540,401,553
1277108453Image000011.jpg,10,11,PASS_RIGHT_SIDE,412,545,422,556
1277108453Image000011.jpg,11,10,PEDESTRIAN_CROSSING,324,541,335,551
1277108453Image000011.jpg,9,8,PRIORITY_ROAD,491,548,500,556
1277108453Image000011.jpg,9,8,PEDESTRIAN_CROSSING,490,538,499,546
1277108453Image000011.jpg,45,44,PEDESTRIAN_CROSSING,209,430,254,474
1277108453Image000011.jpg,47,47,PASS_RIGHT_SIDE,209,482,256,529
1277108453Image000011.jpg,22,22,PASS_RIGHT_SIDE,340,521,362,543
1277108453Image000011.jpg,13,12,PEDESTRIAN_CROSSING,388,529,401,541
1277108453Image000011.jpg,12,13,PASS_RIGHT_SIDE,389,540,401,553
1277108453Image000011.jpg,10,11,PASS_RIGHT_SIDE,412,545,422,556
1277108453Image000011.jpg,11,10,PEDESTRIAN_CROSSING,324,541,335,551
1277108453Image000011.jpg,9,8,PRIORITY_ROAD,491,548,500,556
1277108453Image000011.jpg,9,8,PEDESTRIAN_CROSSING,490,538,499,546
1277108453Image000011.jpg,45,44,PEDESTRIAN_CROSSING,209,430,254,474
1277108453Image000011.jpg,47,47,PASS_RIGHT_SIDE,209,482,256,529
1277108453Image000011.jpg,22,22,PASS_RIGHT_SIDE,340,521,362,543
1277108453Image000011.jpg,13,12,PEDESTRIAN_CROSSING,388,529,401,541
1277108453Image000011.jpg,12,13,PASS_RIGHT_SIDE,389,540,401,553
1277108453Image000011.jpg,10,11,PASS_RIGHT_SIDE,412,545,422,556
1277108453Image000011.jpg,11,10,PEDESTRIAN_CROSSING,324,541,335,551
1277108453Image000011.jpg,9,8,PRIORITY_ROAD,491,548,500,556
1277108453Image000011.jpg,9,8,PEDESTRIAN_CROSSING,490,538,499,546
1277108453Image000011.jpg,45,44,PEDESTRIAN_CROSSING,209,430,254,474
1277108453Image000011.jpg,47,47,PASS_RIGHT_SIDE,209,482,256,529
1277108453Image000011.jpg,22,22,PASS_RIGHT_SIDE,340,521,362,543
1277108453Image000011.jpg,13,12,PEDESTRIAN_CROSSING,388,529,401,541
1277108453Image000011.jpg,12,13,PASS_RIGHT_SIDE,389,540,401,553
1277108453Image000011.jpg,10,11,PASS_RIGHT_SIDE,412,545,422,556
1277108453Image000011.jpg,11,10,PEDESTRIAN_CROSSING,324,541,335,551
1277108453Image000011.jpg,9,8,PRIORITY_ROAD,491,548,500,556
1277108453Image000011.jpg,9,8,PEDESTRIAN_CROSSING,490,538,499,546
1277108453Image000011.jpg,45,44,PEDESTRIAN_CROSSING,209,430,254,474
1277108453Image000011.jpg,47,47,PASS_RIGHT_SIDE,209,482,256,529
1277108453Image000011.jpg,22,22,PASS_RIGHT_SIDE,340,521,362,543
1277108453Image000011.jpg,13,12,PEDESTRIAN_CROSSING,388,529,401,541
1277108453Image000011.jpg,12,13,PASS_RIGHT_SIDE,389,540,401,553
1277108453Image000011.jpg,10,11,PASS_RIGHT_SIDE,412,545,422,556
1277108453Image000011.jpg,11,10,PEDESTRIAN_CROSSING,324,541,335,551
1277108453Image000011.jpg,9,8,PRIORITY_ROAD,491,548,500,556
1277108453Image000011.jpg,9,8,PEDESTRIAN_CROSSING,490,538,499,546
1277108453Image000011.jpg,45,44,PEDESTRIAN_CROSSING,209,430,254,474
1277108453Image000011.jpg,47,47,PASS_RIGHT_SIDE,209,482,256,529
1277108453Image000011.jpg,22,22,PASS_RIGHT_SIDE,340,521,362,543
1277108453Image000011.jpg,13,12,PEDESTRIAN_CROSSING,388,529,401,541
1277108453Image000011.jpg,12,13,PASS_RIGHT_SIDE,389,540,401,553
1277108453Image000011.jpg,10,11,PASS_RIGHT_SIDE,412,545,422,556
1277108453Image000011.jpg,11,10,PEDESTRIAN_CROSSING,324,541,335,551
1277108453Image000011.jpg,9,8,PRIORITY_ROAD,491,548,500,556
1277108453Image000011.jpg,9,8,PEDESTRIAN_CROSSING,490,538,499,546
1277108453Image000011.jpg,45,44,PEDESTRIAN_CROSSING,209,430,254,474
1277108453Image000011.jpg,47,47,PASS_RIGHT_SIDE,209,482,256,529
1277108453Image000011.jpg,22,22,PASS_RIGHT_SIDE,340,521,362,543
1277108453Image000011.jpg,13,12,PEDESTRIAN_CROSSING,388,529,401,541
1277108453Image000011.jpg,12,13,PASS_RIGHT_SIDE,389,540,401,553
1277108453Image000011.jpg,10,11,PASS_RIGHT_SIDE,412,545,422,556
1277108453Image000011.jpg,11,10,PEDESTRIAN_CROSSING,324,541,335,551
1277108453Image000011.jpg,9,8,PRIORITY_ROAD,491,548,500,556
1277108453Image000011.jpg,9,8,PEDESTRIAN_CROSSING,490,538,499,546
1277108453Image000011.jpg,45,44,PEDESTRIAN_CROSSING,209,430,254,474
1277108453Image000011.jpg,47,47,PASS_RIGHT_SIDE,209,482,256,529
1277108453Image000011.jpg,22,22,PASS_RIGHT_SIDE,340,521,362,543
1277108453Image000011.jpg,13,12,PEDESTRIAN_CROSSING,388,529,401,541
1277108453Image000011.jpg,12,13,PASS_RIGHT_SIDE,389,540,401,553
1277108453Image000011.jpg,10,11,PASS_RIGHT_SIDE,412,545,422,556
1277108453Image000011.jpg,11,10,PEDESTRIAN_CROSSING,324,541,335,551
1277108453Image000011.jpg,9,8,PRIORITY_ROAD,491,548,500,556
1277108453Image000011.jpg,9,8,PEDESTRIAN_CROSSING,490,538,499,546
1277108453Image000011.jpg,45,44,PEDESTRIAN_CROSSING,209,430,254,474
1277108453Image000011.jpg,47,47,PASS_RIGHT_SIDE,209,482,256,529
1277108453Image000011.jpg,22,22,PASS_RIGHT_SIDE,340,521,362,543
1277108453Image000011.jpg,13,12,PEDESTRIAN_CROSSING,388,529,401,541
1277108453Image000011.jpg,12,13,PASS_RIGHT_SIDE,389,540,401,553
1277108453Image000011.jpg,10,11,PASS_RIGHT_SIDE,412,545,422,556
1277108453Image000011.jpg,11,10,PEDESTRIAN_CROSSING,324,541,335,551
1277108453Image000011.jpg,9,8,PRIORITY_ROAD,491,548,500,556
1277108453Image000011.jpg,9,8,PEDESTRIAN_CROSSING,490,538,499,546
1277108453Image000016.jpg,58,59,PEDESTRIAN_CROSSING,118,386,176,445
1277108453Image000016.jpg,61,62,PASS_RIGHT_SIDE,117,455,178,517
1277108453Image000016.jpg,27,24,PASS_RIGHT_SIDE,315,516,342,540
1277108453Image000016.jpg,15,14,PEDESTRIAN_CROSSING,376,525,391,539
1277108453Image000016.jpg,14,15,PASS_RIGHT_SIDE,377,538,391,553
1277108453Image000016.jpg,11,11,PASS_RIGHT_SIDE,405,545,416,556
1277108453Image000016.jpg,11,10,PEDESTRIAN_CROSSING,313,539,324,549
1277108453Image000016.jpg,9,9,PEDESTRIAN_CROSSING,487,537,496,546
1277108453Image000016.jpg,8,9,PRIORITY_ROAD,488,546,496,555
1277108453Image000016.jpg,58,59,PEDESTRIAN_CROSSING,118,386,176,445
1277108453Image000016.jpg,61,62,PASS_RIGHT_SIDE,117,455,178,517
1277108453Image000016.jpg,27,24,PASS_RIGHT_SIDE,315,516,342,540
1277108453Image000016.jpg,15,14,PEDESTRIAN_CROSSING,376,525,391,539
1277108453Image000016.jpg,14,15,PASS_RIGHT_SIDE,377,538,391,553
1277108453Image000016.jpg,11,11,PASS_RIGHT_SIDE,405,545,416,556
1277108453Image000016.jpg,11,10,PEDESTRIAN_CROSSING,313,539,324,549
1277108453Image000016.jpg,9,9,PEDESTRIAN_CROSSING,487,537,496,546
1277108453Image000016.jpg,8,9,PRIORITY_ROAD,488,546,496,555
1277108453Image000016.jpg,58,59,PEDESTRIAN_CROSSING,118,386,176,445
1277108453Image000016.jpg,61,62,PASS_RIGHT_SIDE,117,455,178,517
1277108453Image000016.jpg,27,24,PASS_RIGHT_SIDE,315,516,342,540
1277108453Image000016.jpg,15,14,PEDESTRIAN_CROSSING,376,525,391,539
1277108453Image000016.jpg,14,15,PASS_RIGHT_SIDE,377,538,391,553
1277108453Image000016.jpg,11,11,PASS_RIGHT_SIDE,405,545,416,556
1277108453Image000016.jpg,11,10,PEDESTRIAN_CROSSING,313,539,324,549
1277108453Image000016.jpg,9,9,PEDESTRIAN_CROSSING,487,537,496,546
1277108453Image000016.jpg,8,9,PRIORITY_ROAD,488,546,496,555
1277108453Image000016.jpg,58,59,PEDESTRIAN_CROSSING,118,386,176,445
1277108453Image000016.jpg,61,62,PASS_RIGHT_SIDE,117,455,178,517
1277108453Image000016.jpg,27,24,PASS_RIGHT_SIDE,315,516,342,540
1277108453Image000016.jpg,15,14,PEDESTRIAN_CROSSING,376,525,391,539
1277108453Image000016.jpg,14,15,PASS_RIGHT_SIDE,377,538,391,553
1277108453Image000016.jpg,11,11,PASS_RIGHT_SIDE,405,545,416,556
1277108453Image000016.jpg,11,10,PEDESTRIAN_CROSSING,313,539,324,549
1277108453Image000016.jpg,9,9,PEDESTRIAN_CROSSING,487,537,496,546
1277108453Image000016.jpg,8,9,PRIORITY_ROAD,488,546,496,555
1277108453Image000016.jpg,58,59,PEDESTRIAN_CROSSING,118,386,176,445
1277108453Image000016.jpg,61,62,PASS_RIGHT_SIDE,117,455,178,517
1277108453Image000016.jpg,27,24,PASS_RIGHT_SIDE,315,516,342,540
1277108453Image000016.jpg,15,14,PEDESTRIAN_CROSSING,376,525,391,539
1277108453Image000016.jpg,14,15,PASS_RIGHT_SIDE,377,538,391,553
1277108453Image000016.jpg,11,11,PASS_RIGHT_SIDE,405,545,416,556
1277108453Image000016.jpg,11,10,PEDESTRIAN_CROSSING,313,539,324,549
1277108453Image000016.jpg,9,9,PEDESTRIAN_CROSSING,487,537,496,546
1277108453Image000016.jpg,8,9,PRIORITY_ROAD,488,546,496,555
1277108453Image000016.jpg,58,59,PEDESTRIAN_CROSSING,118,386,176,445
1277108453Image000016.jpg,61,62,PASS_RIGHT_SIDE,117,455,178,517
1277108453Image000016.jpg,27,24,PASS_RIGHT_SIDE,315,516,342,540
1277108453Image000016.jpg,15,14,PEDESTRIAN_CROSSING,376,525,391,539
1277108453Image000016.jpg,14,15,PASS_RIGHT_SIDE,377,538,391,553
1277108453Image000016.jpg,11,11,PASS_RIGHT_SIDE,405,545,416,556
1277108453Image000016.jpg,11,10,PEDESTRIAN_CROSSING,313,539,324,549
1277108453Image000016.jpg,9,9,PEDESTRIAN_CROSSING,487,537,496,546
1277108453Image000016.jpg,8,9,PRIORITY_ROAD,488,546,496,555
1277108453Image000016.jpg,58,59,PEDESTRIAN_CROSSING,118,386,176,445
1277108453Image000016.jpg,61,62,PASS_RIGHT_SIDE,117,455,178,517
1277108453Image000016.jpg,27,24,PASS_RIGHT_SIDE,315,516,342,540
1277108453Image000016.jpg,15,14,PEDESTRIAN_CROSSING,376,525,391,539
1277108453Image000016.jpg,14,15,PASS_RIGHT_SIDE,377,538,391,553
1277108453Image000016.jpg,11,11,PASS_RIGHT_SIDE,405,545,416,556
1277108453Image000016.jpg,11,10,PEDESTRIAN_CROSSING,313,539,324,549
1277108453Image000016.jpg,9,9,PEDESTRIAN_CROSSING,487,537,496,546
1277108453Image000016.jpg,8,9,PRIORITY_ROAD,488,546,496,555
1277108453Image000016.jpg,58,59,PEDESTRIAN_CROSSING,118,386,176,445
1277108453Image000016.jpg,61,62,PASS_RIGHT_SIDE,117,455,178,517
1277108453Image000016.jpg,27,24,PASS_RIGHT_SIDE,315,516,342,540
1277108453Image000016.jpg,15,14,PEDESTRIAN_CROSSING,376,525,391,539
1277108453Image000016.jpg,14,15,PASS_RIGHT_SIDE,377,538,391,553
1277108453Image000016.jpg,11,11,PASS_RIGHT_SIDE,405,545,416,556
1277108453Image000016.jpg,11,10,PEDESTRIAN_CROSSING,313,539,324,549
1277108453Image000016.jpg,9,9,PEDESTRIAN_CROSSING,487,537,496,546
1277108453Image000016.jpg,8,9,PRIORITY_ROAD,488,546,496,555
1277108453Image000016.jpg,58,59,PEDESTRIAN_CROSSING,118,386,176,445
1277108453Image000016.jpg,61,62,PASS_RIGHT_SIDE,117,455,178,517
1277108453Image000016.jpg,27,24,PASS_RIGHT_SIDE,315,516,342,540
1277108453Image000016.jpg,15,14,PEDESTRIAN_CROSSING,376,525,391,539
1277108453Image000016.jpg,14,15,PASS_RIGHT_SIDE,377,538,391,553
1277108453Image000016.jpg,11,11,PASS_RIGHT_SIDE,405,545,416,556
1277108453Image000016.jpg,11,10,PEDESTRIAN_CROSSING,313,539,324,549
1277108453Image000016.jpg,9,9,PEDESTRIAN_CROSSING,487,537,496,546
1277108453Image000016.jpg,8,9,PRIORITY_ROAD,488,546,496,555
1277108453Image000016.jpg,58,59,PEDESTRIAN_CROSSING,118,386,176,445
1277108453Image000016.jpg,61,62,PASS_RIGHT_SIDE,117,455,178,517
1277108453Image000016.jpg,27,24,PASS_RIGHT_SIDE,315,516,342,540
1277108453Image000016.jpg,15,14,PEDESTRIAN_CROSSING,376,525,391,539
1277108453Image000016.jpg,14,15,PASS_RIGHT_SIDE,377,538,391,553
1277108453Image000016.jpg,11,11,PASS_RIGHT_SIDE,405,545,416,556
1277108453Image000016.jpg,11,10,PEDESTRIAN_CROSSING,313,539,324,549
1277108453Image000016.jpg,9,9,PEDESTRIAN_CROSSING,487,537,496,546
1277108453Image000016.jpg,8,9,PRIORITY_ROAD,488,546,496,555
1277108453Image000021.jpg,68,75,PEDESTRIAN_CROSSING,22,351,90,426
1277108453Image000021.jpg,78,78,PASS_RIGHT_SIDE,18,438,96,516
1277108453Image000021.jpg,29,28,PASS_RIGHT_SIDE,305,524,334,552
1277108453Image000021.jpg,14,14,PEDESTRIAN_CROSSING,377,537,391,551
1277108453Image000021.jpg,14,14,PASS_RIGHT_SIDE,377,550,391,564
1277108453Image000021.jpg,11,11,PASS_RIGHT_SIDE,406,557,417,568
1277108453Image000021.jpg,11,10,PEDESTRIAN_CROSSING,311,553,322,563
1277108453Image000021.jpg,9,8,PEDESTRIAN_CROSSING,493,548,502,556
1277108453Image000021.jpg,9,8,PRIORITY_ROAD,493,560,502,568
1277108453Image000021.jpg,12,33,PASS_RIGHT_SIDE,889,491,901,524
1277108453Image000021.jpg,68,75,PEDESTRIAN_CROSSING,22,351,90,426
1277108453Image000021.jpg,78,78,PASS_RIGHT_SIDE,18,438,96,516
1277108453Image000021.jpg,29,28,PASS_RIGHT_SIDE,305,524,334,552
1277108453Image000021.jpg,14,14,PEDESTRIAN_CROSSING,377,537,391,551
1277108453Image000021.jpg,14,14,PASS_RIGHT_SIDE,377,550,391,564
1277108453Image000021.jpg,11,11,PASS_RIGHT_SIDE,406,557,417,568
1277108453Image000021.jpg,11,10,PEDESTRIAN_CROSSING,311,553,322,563
1277108453Image000021.jpg,9,8,PEDESTRIAN_CROSSING,493,548,502,556
1277108453Image000021.jpg,9,8,PRIORITY_ROAD,493,560,502,568
1277108453Image000021.jpg,12,33,PASS_RIGHT_SIDE,889,491,901,524
1277108453Image000021.jpg,68,75,PEDESTRIAN_CROSSING,22,351,90,426
1277108453Image000021.jpg,78,78,PASS_RIGHT_SIDE,18,438,96,516
1277108453Image000021.jpg,29,28,PASS_RIGHT_SIDE,305,524,334,552
1277108453Image000021.jpg,14,14,PEDESTRIAN_CROSSING,377,537,391,551
1277108453Image000021.jpg,14,14,PASS_RIGHT_SIDE,377,550,391,564
1277108453Image000021.jpg,11,11,PASS_RIGHT_SIDE,406,557,417,568
1277108453Image000021.jpg,11,10,PEDESTRIAN_CROSSING,311,553,322,563
1277108453Image000021.jpg,9,8,PEDESTRIAN_CROSSING,493,548,502,556
1277108453Image000021.jpg,9,8,PRIORITY_ROAD,493,560,502,568
1277108453Image000021.jpg,12,33,PASS_RIGHT_SIDE,889,491,901,524
1277108453Image000021.jpg,68,75,PEDESTRIAN_CROSSING,22,351,90,426
1277108453Image000021.jpg,78,78,PASS_RIGHT_SIDE,18,438,96,516
1277108453Image000021.jpg,29,28,PASS_RIGHT_SIDE,305,524,334,552
1277108453Image000021.jpg,14,14,PEDESTRIAN_CROSSING,377,537,391,551
1277108453Image000021.jpg,14,14,PASS_RIGHT_SIDE,377,550,391,564
1277108453Image000021.jpg,11,11,PASS_RIGHT_SIDE,406,557,417,568
1277108453Image000021.jpg,11,10,PEDESTRIAN_CROSSING,311,553,322,563
1277108453Image000021.jpg,9,8,PEDESTRIAN_CROSSING,493,548,502,556
1277108453Image000021.jpg,9,8,PRIORITY_ROAD,493,560,502,568
1277108453Image000021.jpg,12,33,PASS_RIGHT_SIDE,889,491,901,524
1277108453Image000021.jpg,68,75,PEDESTRIAN_CROSSING,22,351,90,426
1277108453Image000021.jpg,78,78,PASS_RIGHT_SIDE,18,438,96,516
1277108453Image000021.jpg,29,28,PASS_RIGHT_SIDE,305,524,334,552
1277108453Image000021.jpg,14,14,PEDESTRIAN_CROSSING,377,537,391,551
1277108453Image000021.jpg,14,14,PASS_RIGHT_SIDE,377,550,391,564
1277108453Image000021.jpg,11,11,PASS_RIGHT_SIDE,406,557,417,568
1277108453Image000021.jpg,11,10,PEDESTRIAN_CROSSING,311,553,322,563
1277108453Image000021.jpg,9,8,PEDESTRIAN_CROSSING,493,548,502,556
1277108453Image000021.jpg,9,8,PRIORITY_ROAD,493,560,502,568
1277108453Image000021.jpg,12,33,PASS_RIGHT_SIDE,889,491,901,524
1277108453Image000021.jpg,68,75,PEDESTRIAN_CROSSING,22,351,90,426
1277108453Image000021.jpg,78,78,PASS_RIGHT_SIDE,18,438,96,516
1277108453Image000021.jpg,29,28,PASS_RIGHT_SIDE,305,524,334,552
1277108453Image000021.jpg,14,14,PEDESTRIAN_CROSSING,377,537,391,551
1277108453Image000021.jpg,14,14,PASS_RIGHT_SIDE,377,550,391,564
1277108453Image000021.jpg,11,11,PASS_RIGHT_SIDE,406,557,417,568
1277108453Image000021.jpg,11,10,PEDESTRIAN_CROSSING,311,553,322,563
1277108453Image000021.jpg,9,8,PEDESTRIAN_CROSSING,493,548,502,556
1277108453Image000021.jpg,9,8,PRIORITY_ROAD,493,560,502,568
1277108453Image000021.jpg,12,33,PASS_RIGHT_SIDE,889,491,901,524
1277108453Image000021.jpg,68,75,PEDESTRIAN_CROSSING,22,351,90,426
1277108453Image000021.jpg,78,78,PASS_RIGHT_SIDE,18,438,96,516
1277108453Image000021.jpg,29,28,PASS_RIGHT_SIDE,305,524,334,552
1277108453Image000021.jpg,14,14,PEDESTRIAN_CROSSING,377,537,391,551
1277108453Image000021.jpg,14,14,PASS_RIGHT_SIDE,377,550,391,564
1277108453Image000021.jpg,11,11,PASS_RIGHT_SIDE,406,557,417,568
1277108453Image000021.jpg,11,10,PEDESTRIAN_CROSSING,311,553,322,563
1277108453Image000021.jpg,9,8,PEDESTRIAN_CROSSING,493,548,502,556
1277108453Image000021.jpg,9,8,PRIORITY_ROAD,493,560,502,568
1277108453Image000021.jpg,12,33,PASS_RIGHT_SIDE,889,491,901,524
1277108453Image000021.jpg,68,75,PEDESTRIAN_CROSSING,22,351,90,426
1277108453Image000021.jpg,78,78,PASS_RIGHT_SIDE,18,438,96,516
1277108453Image000021.jpg,29,28,PASS_RIGHT_SIDE,305,524,334,552
1277108453Image000021.jpg,14,14,PEDESTRIAN_CROSSING,377,537,391,551
1277108453Image000021.jpg,14,14,PASS_RIGHT_SIDE,377,550,391,564
1277108453Image000021.jpg,11,11,PASS_RIGHT_SIDE,406,557,417,568
1277108453Image000021.jpg,11,10,PEDESTRIAN_CROSSING,311,553,322,563
1277108453Image000021.jpg,9,8,PEDESTRIAN_CROSSING,493,548,502,556
1277108453Image000021.jpg,9,8,PRIORITY_ROAD,493,560,502,568
1277108453Image000021.jpg,12,33,PASS_RIGHT_SIDE,889,491,901,524
1277108453Image000021.jpg,68,75,PEDESTRIAN_CROSSING,22,351,90,426
1277108453Image000021.jpg,78,78,PASS_RIGHT_SIDE,18,438,96,516
1277108453Image000021.jpg,29,28,PASS_RIGHT_SIDE,305,524,334,552
1277108453Image000021.jpg,14,14,PEDESTRIAN_CROSSING,377,537,391,551
1277108453Image000021.jpg,14,14,PASS_RIGHT_SIDE,377,550,391,564
1277108453Image000021.jpg,11,11,PASS_RIGHT_SIDE,406,557,417,568
1277108453Image000021.jpg,11,10,PEDESTRIAN_CROSSING,311,553,322,563
1277108453Image000021.jpg,9,8,PEDESTRIAN_CROSSING,493,548,502,556
1277108453Image000021.jpg,9,8,PRIORITY_ROAD,493,560,502,568
1277108453Image000021.jpg,12,33,PASS_RIGHT_SIDE,889,491,901,524
1277108453Image000021.jpg,68,75,PEDESTRIAN_CROSSING,22,351,90,426
1277108453Image000021.jpg,78,78,PASS_RIGHT_SIDE,18,438,96,516
1277108453Image000021.jpg,29,28,PASS_RIGHT_SIDE,305,524,334,552
1277108453Image000021.jpg,14,14,PEDESTRIAN_CROSSING,377,537,391,551
1277108453Image000021.jpg,14,14,PASS_RIGHT_SIDE,377,550,391,564
1277108453Image000021.jpg,11,11,PASS_RIGHT_SIDE,406,557,417,568
1277108453Image000021.jpg,11,10,PEDESTRIAN_CROSSING,311,553,322,563
1277108453Image000021.jpg,9,8,PEDESTRIAN_CROSSING,493,548,502,556
1277108453Image000021.jpg,9,8,PRIORITY_ROAD,493,560,502,568
1277108453Image000021.jpg,12,33,PASS_RIGHT_SIDE,889,491,901,524
1277108453Image000021.jpg,68,75,PEDESTRIAN_CROSSING,22,351,90,426
1277108453Image000021.jpg,78,78,PASS_RIGHT_SIDE,18,438,96,516
1277108453Image000021.jpg,29,28,PASS_RIGHT_SIDE,305,524,334,552
1277108453Image000021.jpg,14,14,PEDESTRIAN_CROSSING,377,537,391,551
1277108453Image000021.jpg,14,14,PASS_RIGHT_SIDE,377,550,391,564
1277108453Image000021.jpg,11,11,PASS_RIGHT_SIDE,406,557,417,568
1277108453Image000021.jpg,11,10,PEDESTRIAN_CROSSING,311,553,322,563
1277108453Image000021.jpg,9,8,PEDESTRIAN_CROSSING,493,548,502,556
1277108453Image000021.jpg,9,8,PRIORITY_ROAD,493,560,502,568
1277108453Image000021.jpg,12,33,PASS_RIGHT_SIDE,889,491,901,524
1277108453Image000026.jpg,31,31,PASS_RIGHT_SIDE,293,527,324,558
1277108453Image000026.jpg,16,15,PEDESTRIAN_CROSSING,379,543,395,558
1277108453Image000026.jpg,17,16,PASS_RIGHT_SIDE,378,556,395,572
1277108453Image000026.jpg,12,12,PASS_RIGHT_SIDE,412,564,424,576
1277108453Image000026.jpg,11,10,PEDESTRIAN_CROSSING,313,560,324,570
1277108453Image000026.jpg,12,10,PEDESTRIAN_CROSSING,500,556,512,566
1277108453Image000026.jpg,10,10,PRIORITY_ROAD,502,567,512,577
1277108453Image000026.jpg,16,38,PASS_RIGHT_SIDE,965,489,981,527
1277108453Image000026.jpg,31,31,PASS_RIGHT_SIDE,293,527,324,558
1277108453Image000026.jpg,16,15,PEDESTRIAN_CROSSING,379,543,395,558
1277108453Image000026.jpg,17,16,PASS_RIGHT_SIDE,378,556,395,572
1277108453Image000026.jpg,12,12,PASS_RIGHT_SIDE,412,564,424,576
1277108453Image000026.jpg,11,10,PEDESTRIAN_CROSSING,313,560,324,570
1277108453Image000026.jpg,12,10,PEDESTRIAN_CROSSING,500,556,512,566
1277108453Image000026.jpg,10,10,PRIORITY_ROAD,502,567,512,577
1277108453Image000026.jpg,16,38,PASS_RIGHT_SIDE,965,489,981,527
1277108453Image000026.jpg,31,31,PASS_RIGHT_SIDE,293,527,324,558
1277108453Image000026.jpg,16,15,PEDESTRIAN_CROSSING,379,543,395,558
1277108453Image000026.jpg,17,16,PASS_RIGHT_SIDE,378,556,395,572
1277108453Image000026.jpg,12,12,PASS_RIGHT_SIDE,412,564,424,576
1277108453Image000026.jpg,11,10,PEDESTRIAN_CROSSING,313,560,324,570
1277108453Image000026.jpg,12,10,PEDESTRIAN_CROSSING,500,556,512,566
1277108453Image000026.jpg,10,10,PRIORITY_ROAD,502,567,512,577
1277108453Image000026.jpg,16,38,PASS_RIGHT_SIDE,965,489,981,527
1277108453Image000026.jpg,31,31,PASS_RIGHT_SIDE,293,527,324,558
1277108453Image000026.jpg,16,15,PEDESTRIAN_CROSSING,379,543,395,558
1277108453Image000026.jpg,17,16,PASS_RIGHT_SIDE,378,556,395,572
1277108453Image000026.jpg,12,12,PASS_RIGHT_SIDE,412,564,424,576
1277108453Image000026.jpg,11,10,PEDESTRIAN_CROSSING,313,560,324,570
1277108453Image000026.jpg,12,10,PEDESTRIAN_CROSSING,500,556,512,566
1277108453Image000026.jpg,10,10,PRIORITY_ROAD,502,567,512,577
1277108453Image000026.jpg,16,38,PASS_RIGHT_SIDE,965,489,981,527
1277108453Image000026.jpg,31,31,PASS_RIGHT_SIDE,293,527,324,558
1277108453Image000026.jpg,16,15,PEDESTRIAN_CROSSING,379,543,395,558
1277108453Image000026.jpg,17,16,PASS_RIGHT_SIDE,378,556,395,572
1277108453Image000026.jpg,12,12,PASS_RIGHT_SIDE,412,564,424,576
1277108453Image000026.jpg,11,10,PEDESTRIAN_CROSSING,313,560,324,570
1277108453Image000026.jpg,12,10,PEDESTRIAN_CROSSING,500,556,512,566
1277108453Image000026.jpg,10,10,PRIORITY_ROAD,502,567,512,577
1277108453Image000026.jpg,16,38,PASS_RIGHT_SIDE,965,489,981,527
1277108453Image000026.jpg,31,31,PASS_RIGHT_SIDE,293,527,324,558
1277108453Image000026.jpg,16,15,PEDESTRIAN_CROSSING,379,543,395,558
1277108453Image000026.jpg,17,16,PASS_RIGHT_SIDE,378,556,395,572
1277108453Image000026.jpg,12,12,PASS_RIGHT_SIDE,412,564,424,576
1277108453Image000026.jpg,11,10,PEDESTRIAN_CROSSING,313,560,324,570
1277108453Image000026.jpg,12,10,PEDESTRIAN_CROSSING,500,556,512,566
1277108453Image000026.jpg,10,10,PRIORITY_ROAD,502,567,512,577
1277108453Image000026.jpg,16,38,PASS_RIGHT_SIDE,965,489,981,527
1277108453Image000026.jpg,31,31,PASS_RIGHT_SIDE,293,527,324,558
1277108453Image000026.jpg,16,15,PEDESTRIAN_CROSSING,379,543,395,558
1277108453Image000026.jpg,17,16,PASS_RIGHT_SIDE,378,556,395,572
1277108453Image000026.jpg,12,12,PASS_RIGHT_SIDE,412,564,424,576
1277108453Image000026.jpg,11,10,PEDESTRIAN_CROSSING,313,560,324,570
1277108453Image000026.jpg,12,10,PEDESTRIAN_CROSSING,500,556,512,566
1277108453Image000026.jpg,10,10,PRIORITY_ROAD,502,567,512,577
1277108453Image000026.jpg,16,38,PASS_RIGHT_SIDE,965,489,981,527
1277108453Image000026.jpg,31,31,PASS_RIGHT_SIDE,293,527,324,558
1277108453Image000026.jpg,16,15,PEDESTRIAN_CROSSING,379,543,395,558
1277108453Image000026.jpg,17,16,PASS_RIGHT_SIDE,378,556,395,572
1277108453Image000026.jpg,12,12,PASS_RIGHT_SIDE,412,564,424,576
1277108453Image000026.jpg,11,10,PEDESTRIAN_CROSSING,313,560,324,570
1277108453Image000026.jpg,12,10,PEDESTRIAN_CROSSING,500,556,512,566
1277108453Image000026.jpg,10,10,PRIORITY_ROAD,502,567,512,577
1277108453Image000026.jpg,16,38,PASS_RIGHT_SIDE,965,489,981,527
1277108453Image000026.jpg,31,31,PASS_RIGHT_SIDE,293,527,324,558
1277108453Image000026.jpg,16,15,PEDESTRIAN_CROSSING,379,543,395,558
1277108453Image000026.jpg,17,16,PASS_RIGHT_SIDE,378,556,395,572
1277108453Image000026.jpg,12,12,PASS_RIGHT_SIDE,412,564,424,576
1277108453Image000026.jpg,11,10,PEDESTRIAN_CROSSING,313,560,324,570
1277108453Image000026.jpg,12,10,PEDESTRIAN_CROSSING,500,556,512,566
1277108453Image000026.jpg,10,10,PRIORITY_ROAD,502,567,512,577
1277108453Image000026.jpg,16,38,PASS_RIGHT_SIDE,965,489,981,527
1277108453Image000031.jpg,42,43,PASS_RIGHT_SIDE,246,502,288,545
1277108453Image000031.jpg,17,17,PEDESTRIAN_CROSSING,383,532,400,549
1277108453Image000031.jpg,19,18,PASS_RIGHT_SIDE,382,550,401,568
1277108453Image000031.jpg,12,12,PASS_RIGHT_SIDE,423,560,435,572
1277108453Image000031.jpg,10,10,PEDESTRIAN_CROSSING,315,552,325,562
1277108453Image000031.jpg,11,13,PEDESTRIAN_CROSSING,523,550,534,563
1277108453Image000031.jpg,9,10,PRIORITY_ROAD,523,563,532,573
1277108453Image000031.jpg,42,43,PASS_RIGHT_SIDE,246,502,288,545
1277108453Image000031.jpg,17,17,PEDESTRIAN_CROSSING,383,532,400,549
1277108453Image000031.jpg,19,18,PASS_RIGHT_SIDE,382,550,401,568
1277108453Image000031.jpg,12,12,PASS_RIGHT_SIDE,423,560,435,572
1277108453Image000031.jpg,10,10,PEDESTRIAN_CROSSING,315,552,325,562
1277108453Image000031.jpg,11,13,PEDESTRIAN_CROSSING,523,550,534,563
1277108453Image000031.jpg,9,10,PRIORITY_ROAD,523,563,532,573
1277108453Image000031.jpg,42,43,PASS_RIGHT_SIDE,246,502,288,545
1277108453Image000031.jpg,17,17,PEDESTRIAN_CROSSING,383,532,400,549
1277108453Image000031.jpg,19,18,PASS_RIGHT_SIDE,382,550,401,568
1277108453Image000031.jpg,12,12,PASS_RIGHT_SIDE,423,560,435,572
1277108453Image000031.jpg,10,10,PEDESTRIAN_CROSSING,315,552,325,562
1277108453Image000031.jpg,11,13,PEDESTRIAN_CROSSING,523,550,534,563
1277108453Image000031.jpg,9,10,PRIORITY_ROAD,523,563,532,573
1277108453Image000031.jpg,42,43,PASS_RIGHT_SIDE,246,502,288,545
1277108453Image000031.jpg,17,17,PEDESTRIAN_CROSSING,383,532,400,549
1277108453Image000031.jpg,19,18,PASS_RIGHT_SIDE,382,550,401,568
1277108453Image000031.jpg,12,12,PASS_RIGHT_SIDE,423,560,435,572
1277108453Image000031.jpg,10,10,PEDESTRIAN_CROSSING,315,552,325,562
1277108453Image000031.jpg,11,13,PEDESTRIAN_CROSSING,523,550,534,563
1277108453Image000031.jpg,9,10,PRIORITY_ROAD,523,563,532,573
1277108453Image000031.jpg,42,43,PASS_RIGHT_SIDE,246,502,288,545
1277108453Image000031.jpg,17,17,PEDESTRIAN_CROSSING,383,532,400,549
1277108453Image000031.jpg,19,18,PASS_RIGHT_SIDE,382,550,401,568
1277108453Image000031.jpg,12,12,PASS_RIGHT_SIDE,423,560,435,572
1277108453Image000031.jpg,10,10,PEDESTRIAN_CROSSING,315,552,325,562
1277108453Image000031.jpg,11,13,PEDESTRIAN_CROSSING,523,550,534,563
1277108453Image000031.jpg,9,10,PRIORITY_ROAD,523,563,532,573
1277108453Image000031.jpg,42,43,PASS_RIGHT_SIDE,246,502,288,545
1277108453Image000031.jpg,17,17,PEDESTRIAN_CROSSING,383,532,400,549
1277108453Image000031.jpg,19,18,PASS_RIGHT_SIDE,382,550,401,568
1277108453Image000031.jpg,12,12,PASS_RIGHT_SIDE,423,560,435,572
1277108453Image000031.jpg,10,10,PEDESTRIAN_CROSSING,315,552,325,562
1277108453Image000031.jpg,11,13,PEDESTRIAN_CROSSING,523,550,534,563
1277108453Image000031.jpg,9,10,PRIORITY_ROAD,523,563,532,573
1277108453Image000031.jpg,42,43,PASS_RIGHT_SIDE,246,502,288,545
1277108453Image000031.jpg,17,17,PEDESTRIAN_CROSSING,383,532,400,549
1277108453Image000031.jpg,19,18,PASS_RIGHT_SIDE,382,550,401,568
1277108453Image000031.jpg,12,12,PASS_RIGHT_SIDE,423,560,435,572
1277108453Image000031.jpg,10,10,PEDESTRIAN_CROSSING,315,552,325,562
1277108453Image000031.jpg,11,13,PEDESTRIAN_CROSSING,523,550,534,563
1277108453Image000031.jpg,9,10,PRIORITY_ROAD,523,563,532,573
1277108453Image000031.jpg,42,43,PASS_RIGHT_SIDE,246,502,288,545
1277108453Image000031.jpg,17,17,PEDESTRIAN_CROSSING,383,532,400,549
1277108453Image000031.jpg,19,18,PASS_RIGHT_SIDE,382,550,401,568
1277108453Image000031.jpg,12,12,PASS_RIGHT_SIDE,423,560,435,572
1277108453Image000031.jpg,10,10,PEDESTRIAN_CROSSING,315,552,325,562
1277108453Image000031.jpg,11,13,PEDESTRIAN_CROSSING,523,550,534,563
1277108453Image000031.jpg,9,10,PRIORITY_ROAD,523,563,532,573
1277108453Image000041.jpg,68,71,PASS_RIGHT_SIDE,108,465,176,536
1277108453Image000041.jpg,22,21,PEDESTRIAN_CROSSING,374,527,396,548
1277108453Image000041.jpg,21,21,PASS_RIGHT_SIDE,376,548,397,569
1277108453Image000041.jpg,12,13,PEDESTRIAN_CROSSING,306,552,318,565
1277108453Image000041.jpg,15,16,PASS_RIGHT_SIDE,429,559,444,575
1277108453Image000041.jpg,12,14,PEDESTRIAN_CROSSING,541,549,553,563
1277108453Image000041.jpg,10,11,PRIORITY_ROAD,541,562,551,573
1277108453Image000041.jpg,68,71,PASS_RIGHT_SIDE,108,465,176,536
1277108453Image000041.jpg,22,21,PEDESTRIAN_CROSSING,374,527,396,548
1277108453Image000041.jpg,21,21,PASS_RIGHT_SIDE,376,548,397,569
1277108453Image000041.jpg,12,13,PEDESTRIAN_CROSSING,306,552,318,565
1277108453Image000041.jpg,15,16,PASS_RIGHT_SIDE,429,559,444,575
1277108453Image000041.jpg,12,14,PEDESTRIAN_CROSSING,541,549,553,563
1277108453Image000041.jpg,10,11,PRIORITY_ROAD,541,562,551,573
1277108453Image000041.jpg,68,71,PASS_RIGHT_SIDE,108,465,176,536
1277108453Image000041.jpg,22,21,PEDESTRIAN_CROSSING,374,527,396,548
1277108453Image000041.jpg,21,21,PASS_RIGHT_SIDE,376,548,397,569
1277108453Image000041.jpg,12,13,PEDESTRIAN_CROSSING,306,552,318,565
1277108453Image000041.jpg,15,16,PASS_RIGHT_SIDE,429,559,444,575
1277108453Image000041.jpg,12,14,PEDESTRIAN_CROSSING,541,549,553,563
1277108453Image000041.jpg,10,11,PRIORITY_ROAD,541,562,551,573
1277108453Image000041.jpg,68,71,PASS_RIGHT_SIDE,108,465,176,536
1277108453Image000041.jpg,22,21,PEDESTRIAN_CROSSING,374,527,396,548
1277108453Image000041.jpg,21,21,PASS_RIGHT_SIDE,376,548,397,569
1277108453Image000041.jpg,12,13,PEDESTRIAN_CROSSING,306,552,318,565
1277108453Image000041.jpg,15,16,PASS_RIGHT_SIDE,429,559,444,575
1277108453Image000041.jpg,12,14,PEDESTRIAN_CROSSING,541,549,553,563
1277108453Image000041.jpg,10,11,PRIORITY_ROAD,541,562,551,573
1277108453Image000041.jpg,68,71,PASS_RIGHT_SIDE,108,465,176,536
1277108453Image000041.jpg,22,21,PEDESTRIAN_CROSSING,374,527,396,548
1277108453Image000041.jpg,21,21,PASS_RIGHT_SIDE,376,548,397,569
1277108453Image000041.jpg,12,13,PEDESTRIAN_CROSSING,306,552,318,565
1277108453Image000041.jpg,15,16,PASS_RIGHT_SIDE,429,559,444,575
1277108453Image000041.jpg,12,14,PEDESTRIAN_CROSSING,541,549,553,563
1277108453Image000041.jpg,10,11,PRIORITY_ROAD,541,562,551,573
1277108453Image000041.jpg,68,71,PASS_RIGHT_SIDE,108,465,176,536
1277108453Image000041.jpg,22,21,PEDESTRIAN_CROSSING,374,527,396,548
1277108453Image000041.jpg,21,21,PASS_RIGHT_SIDE,376,548,397,569
1277108453Image000041.jpg,12,13,PEDESTRIAN_CROSSING,306,552,318,565
1277108453Image000041.jpg,15,16,PASS_RIGHT_SIDE,429,559,444,575
1277108453Image000041.jpg,12,14,PEDESTRIAN_CROSSING,541,549,553,563
1277108453Image000041.jpg,10,11,PRIORITY_ROAD,541,562,551,573
1277108453Image000041.jpg,68,71,PASS_RIGHT_SIDE,108,465,176,536
1277108453Image000041.jpg,22,21,PEDESTRIAN_CROSSING,374,527,396,548
1277108453Image000041.jpg,21,21,PASS_RIGHT_SIDE,376,548,397,569
1277108453Image000041.jpg,12,13,PEDESTRIAN_CROSSING,306,552,318,565
1277108453Image000041.jpg,15,16,PASS_RIGHT_SIDE,429,559,444,575
1277108453Image000041.jpg,12,14,PEDESTRIAN_CROSSING,541,549,553,563
1277108453Image000041.jpg,10,11,PRIORITY_ROAD,541,562,551,573
1277108453Image000041.jpg,68,71,PASS_RIGHT_SIDE,108,465,176,536
1277108453Image000041.jpg,22,21,PEDESTRIAN_CROSSING,374,527,396,548
1277108453Image000041.jpg,21,21,PASS_RIGHT_SIDE,376,548,397,569
1277108453Image000041.jpg,12,13,PEDESTRIAN_CROSSING,306,552,318,565
1277108453Image000041.jpg,15,16,PASS_RIGHT_SIDE,429,559,444,575
1277108453Image000041.jpg,12,14,PEDESTRIAN_CROSSING,541,549,553,563
1277108453Image000041.jpg,10,11,PRIORITY_ROAD,541,562,551,573
1277108453Image000046.jpg,24,22,PEDESTRIAN_CROSSING,364,512,388,534
1277108453Image000046.jpg,26,24,PASS_RIGHT_SIDE,363,535,389,559
1277108453Image000046.jpg,15,17,PASS_RIGHT_SIDE,428,548,443,565
1277108453Image000046.jpg,17,15,PEDESTRIAN_CROSSING,296,541,313,556
1277108453Image000046.jpg,14,13,PEDESTRIAN_CROSSING,551,540,565,553
1277108453Image000046.jpg,11,11,PRIORITY_ROAD,548,555,559,566
1277108453Image000046.jpg,24,22,PEDESTRIAN_CROSSING,364,512,388,534
1277108453Image000046.jpg,26,24,PASS_RIGHT_SIDE,363,535,389,559
1277108453Image000046.jpg,15,17,PASS_RIGHT_SIDE,428,548,443,565
1277108453Image000046.jpg,17,15,PEDESTRIAN_CROSSING,296,541,313,556
1277108453Image000046.jpg,14,13,PEDESTRIAN_CROSSING,551,540,565,553
1277108453Image000046.jpg,11,11,PRIORITY_ROAD,548,555,559,566
1277108453Image000046.jpg,24,22,PEDESTRIAN_CROSSING,364,512,388,534
1277108453Image000046.jpg,26,24,PASS_RIGHT_SIDE,363,535,389,559
1277108453Image000046.jpg,15,17,PASS_RIGHT_SIDE,428,548,443,565
1277108453Image000046.jpg,17,15,PEDESTRIAN_CROSSING,296,541,313,556
1277108453Image000046.jpg,14,13,PEDESTRIAN_CROSSING,551,540,565,553
1277108453Image000046.jpg,11,11,PRIORITY_ROAD,548,555,559,566
1277108453Image000046.jpg,24,22,PEDESTRIAN_CROSSING,364,512,388,534
1277108453Image000046.jpg,26,24,PASS_RIGHT_SIDE,363,535,389,559
1277108453Image000046.jpg,15,17,PASS_RIGHT_SIDE,428,548,443,565
1277108453Image000046.jpg,17,15,PEDESTRIAN_CROSSING,296,541,313,556
1277108453Image000046.jpg,14,13,PEDESTRIAN_CROSSING,551,540,565,553
1277108453Image000046.jpg,11,11,PRIORITY_ROAD,548,555,559,566
1277108453Image000046.jpg,24,22,PEDESTRIAN_CROSSING,364,512,388,534
1277108453Image000046.jpg,26,24,PASS_RIGHT_SIDE,363,535,389,559
1277108453Image000046.jpg,15,17,PASS_RIGHT_SIDE,428,548,443,565
1277108453Image000046.jpg,17,15,PEDESTRIAN_CROSSING,296,541,313,556
1277108453Image000046.jpg,14,13,PEDESTRIAN_CROSSING,551,540,565,553
1277108453Image000046.jpg,11,11,PRIORITY_ROAD,548,555,559,566
1277108453Image000046.jpg,24,22,PEDESTRIAN_CROSSING,364,512,388,534
1277108453Image000046.jpg,26,24,PASS_RIGHT_SIDE,363,535,389,559
1277108453Image000046.jpg,15,17,PASS_RIGHT_SIDE,428,548,443,565
1277108453Image000046.jpg,17,15,PEDESTRIAN_CROSSING,296,541,313,556
1277108453Image000046.jpg,14,13,PEDESTRIAN_CROSSING,551,540,565,553
1277108453Image000046.jpg,11,11,PRIORITY_ROAD,548,555,559,566
1277108453Image000046.jpg,24,22,PEDESTRIAN_CROSSING,364,512,388,534
1277108453Image000046.jpg,26,24,PASS_RIGHT_SIDE,363,535,389,559
1277108453Image000046.jpg,15,17,PASS_RIGHT_SIDE,428,548,443,565
1277108453Image000046.jpg,17,15,PEDESTRIAN_CROSSING,296,541,313,556
1277108453Image000046.jpg,14,13,PEDESTRIAN_CROSSING,551,540,565,553
1277108453Image000046.jpg,11,11,PRIORITY_ROAD,548,555,559,566
1277108453Image000051.jpg,27,27,PEDESTRIAN_CROSSING,343,502,370,529
1277108453Image000051.jpg,28,27,PASS_RIGHT_SIDE,342,530,370,557
1277108453Image000051.jpg,16,17,PASS_RIGHT_SIDE,419,546,435,563
1277108453Image000051.jpg,17,16,PEDESTRIAN_CROSSING,276,538,293,554
1277108453Image000051.jpg,16,15,PEDESTRIAN_CROSSING,548,536,564,551
1277108453Image000051.jpg,11,12,PRIORITY_ROAD,546,552,557,564
1277108453Image000051.jpg,27,27,PEDESTRIAN_CROSSING,343,502,370,529
1277108453Image000051.jpg,28,27,PASS_RIGHT_SIDE,342,530,370,557
1277108453Image000051.jpg,16,17,PASS_RIGHT_SIDE,419,546,435,563
1277108453Image000051.jpg,17,16,PEDESTRIAN_CROSSING,276,538,293,554
1277108453Image000051.jpg,16,15,PEDESTRIAN_CROSSING,548,536,564,551
1277108453Image000051.jpg,11,12,PRIORITY_ROAD,546,552,557,564
1277108453Image000051.jpg,27,27,PEDESTRIAN_CROSSING,343,502,370,529
1277108453Image000051.jpg,28,27,PASS_RIGHT_SIDE,342,530,370,557
1277108453Image000051.jpg,16,17,PASS_RIGHT_SIDE,419,546,435,563
1277108453Image000051.jpg,17,16,PEDESTRIAN_CROSSING,276,538,293,554
1277108453Image000051.jpg,16,15,PEDESTRIAN_CROSSING,548,536,564,551
1277108453Image000051.jpg,11,12,PRIORITY_ROAD,546,552,557,564
1277108453Image000051.jpg,27,27,PEDESTRIAN_CROSSING,343,502,370,529
1277108453Image000051.jpg,28,27,PASS_RIGHT_SIDE,342,530,370,557
1277108453Image000051.jpg,16,17,PASS_RIGHT_SIDE,419,546,435,563
1277108453Image000051.jpg,17,16,PEDESTRIAN_CROSSING,276,538,293,554
1277108453Image000051.jpg,16,15,PEDESTRIAN_CROSSING,548,536,564,551
1277108453Image000051.jpg,11,12,PRIORITY_ROAD,546,552,557,564
1277108453Image000051.jpg,27,27,PEDESTRIAN_CROSSING,343,502,370,529
1277108453Image000051.jpg,28,27,PASS_RIGHT_SIDE,342,530,370,557
1277108453Image000051.jpg,16,17,PASS_RIGHT_SIDE,419,546,435,563
1277108453Image000051.jpg,17,16,PEDESTRIAN_CROSSING,276,538,293,554
1277108453Image000051.jpg,16,15,PEDESTRIAN_CROSSING,548,536,564,551
1277108453Image000051.jpg,11,12,PRIORITY_ROAD,546,552,557,564
1277108453Image000051.jpg,27,27,PEDESTRIAN_CROSSING,343,502,370,529
1277108453Image000051.jpg,28,27,PASS_RIGHT_SIDE,342,530,370,557
1277108453Image000051.jpg,16,17,PASS_RIGHT_SIDE,419,546,435,563
1277108453Image000051.jpg,17,16,PEDESTRIAN_CROSSING,276,538,293,554
1277108453Image000051.jpg,16,15,PEDESTRIAN_CROSSING,548,536,564,551
1277108453Image000051.jpg,11,12,PRIORITY_ROAD,546,552,557,564
1277108453Image000051.jpg,27,27,PEDESTRIAN_CROSSING,343,502,370,529
1277108453Image000051.jpg,28,27,PASS_RIGHT_SIDE,342,530,370,557
1277108453Image000051.jpg,16,17,PASS_RIGHT_SIDE,419,546,435,563
1277108453Image000051.jpg,17,16,PEDESTRIAN_CROSSING,276,538,293,554
1277108453Image000051.jpg,16,15,PEDESTRIAN_CROSSING,548,536,564,551
1277108453Image000051.jpg,11,12,PRIORITY_ROAD,546,552,557,564
1277108453Image000063.jpg,39,39,PEDESTRIAN_CROSSING,237,442,276,481
1277108453Image000063.jpg,41,40,PASS_RIGHT_SIDE,238,482,279,522
1277108453Image000063.jpg,19,19,PEDESTRIAN_CROSSING,202,509,221,528
1277108453Image000063.jpg,19,23,PASS_RIGHT_SIDE,373,516,392,539
1277108453Image000063.jpg,19,18,PEDESTRIAN_CROSSING,531,506,550,524
1277108453Image000063.jpg,13,14,PRIORITY_ROAD,527,526,540,540
1277108453Image000063.jpg,39,39,PEDESTRIAN_CROSSING,237,442,276,481
1277108453Image000063.jpg,41,40,PASS_RIGHT_SIDE,238,482,279,522
1277108453Image000063.jpg,19,19,PEDESTRIAN_CROSSING,202,509,221,528
1277108453Image000063.jpg,19,23,PASS_RIGHT_SIDE,373,516,392,539
1277108453Image000063.jpg,19,18,PEDESTRIAN_CROSSING,531,506,550,524
1277108453Image000063.jpg,13,14,PRIORITY_ROAD,527,526,540,540
1277108453Image000063.jpg,39,39,PEDESTRIAN_CROSSING,237,442,276,481
1277108453Image000063.jpg,41,40,PASS_RIGHT_SIDE,238,482,279,522
1277108453Image000063.jpg,19,19,PEDESTRIAN_CROSSING,202,509,221,528
1277108453Image000063.jpg,19,23,PASS_RIGHT_SIDE,373,516,392,539
1277108453Image000063.jpg,19,18,PEDESTRIAN_CROSSING,531,506,550,524
1277108453Image000063.jpg,13,14,PRIORITY_ROAD,527,526,540,540
1277108453Image000063.jpg,39,39,PEDESTRIAN_CROSSING,237,442,276,481
1277108453Image000063.jpg,41,40,PASS_RIGHT_SIDE,238,482,279,522
1277108453Image000063.jpg,19,19,PEDESTRIAN_CROSSING,202,509,221,528
1277108453Image000063.jpg,19,23,PASS_RIGHT_SIDE,373,516,392,539
1277108453Image000063.jpg,19,18,PEDESTRIAN_CROSSING,531,506,550,524
1277108453Image000063.jpg,13,14,PRIORITY_ROAD,527,526,540,540
1277108453Image000063.jpg,39,39,PEDESTRIAN_CROSSING,237,442,276,481
1277108453Image000063.jpg,41,40,PASS_RIGHT_SIDE,238,482,279,522
1277108453Image000063.jpg,19,19,PEDESTRIAN_CROSSING,202,509,221,528
1277108453Image000063.jpg,19,23,PASS_RIGHT_SIDE,373,516,392,539
1277108453Image000063.jpg,19,18,PEDESTRIAN_CROSSING,531,506,550,524
1277108453Image000063.jpg,13,14,PRIORITY_ROAD,527,526,540,540
1277108453Image000063.jpg,39,39,PEDESTRIAN_CROSSING,237,442,276,481
1277108453Image000063.jpg,41,40,PASS_RIGHT_SIDE,238,482,279,522
1277108453Image000063.jpg,19,19,PEDESTRIAN_CROSSING,202,509,221,528
1277108453Image000063.jpg,19,23,PASS_RIGHT_SIDE,373,516,392,539
1277108453Image000063.jpg,19,18,PEDESTRIAN_CROSSING,531,506,550,524
1277108453Image000063.jpg,13,14,PRIORITY_ROAD,527,526,540,540
1277108453Image000068.jpg,45,44,PEDESTRIAN_CROSSING,200,433,245,477
1277108453Image000068.jpg,46,45,PASS_RIGHT_SIDE,202,480,248,525
1277108453Image000068.jpg,21,23,PASS_RIGHT_SIDE,363,525,384,548
1277108453Image000068.jpg,21,20,PEDESTRIAN_CROSSING,183,514,204,534
1277108453Image000068.jpg,19,17,PEDESTRIAN_CROSSING,534,512,553,529
1277108453Image000068.jpg,15,14,PRIORITY_ROAD,527,534,542,548
1277108453Image000068.jpg,45,44,PEDESTRIAN_CROSSING,200,433,245,477
1277108453Image000068.jpg,46,45,PASS_RIGHT_SIDE,202,480,248,525
1277108453Image000068.jpg,21,23,PASS_RIGHT_SIDE,363,525,384,548
1277108453Image000068.jpg,21,20,PEDESTRIAN_CROSSING,183,514,204,534
1277108453Image000068.jpg,19,17,PEDESTRIAN_CROSSING,534,512,553,529
1277108453Image000068.jpg,15,14,PRIORITY_ROAD,527,534,542,548
1277108453Image000068.jpg,45,44,PEDESTRIAN_CROSSING,200,433,245,477
1277108453Image000068.jpg,46,45,PASS_RIGHT_SIDE,202,480,248,525
1277108453Image000068.jpg,21,23,PASS_RIGHT_SIDE,363,525,384,548
1277108453Image000068.jpg,21,20,PEDESTRIAN_CROSSING,183,514,204,534
1277108453Image000068.jpg,19,17,PEDESTRIAN_CROSSING,534,512,553,529
1277108453Image000068.jpg,15,14,PRIORITY_ROAD,527,534,542,548
1277108453Image000068.jpg,45,44,PEDESTRIAN_CROSSING,200,433,245,477
1277108453Image000068.jpg,46,45,PASS_RIGHT_SIDE,202,480,248,525
1277108453Image000068.jpg,21,23,PASS_RIGHT_SIDE,363,525,384,548
1277108453Image000068.jpg,21,20,PEDESTRIAN_CROSSING,183,514,204,534
1277108453Image000068.jpg,19,17,PEDESTRIAN_CROSSING,534,512,553,529
1277108453Image000068.jpg,15,14,PRIORITY_ROAD,527,534,542,548
1277108453Image000068.jpg,45,44,PEDESTRIAN_CROSSING,200,433,245,477
1277108453Image000068.jpg,46,45,PASS_RIGHT_SIDE,202,480,248,525
1277108453Image000068.jpg,21,23,PASS_RIGHT_SIDE,363,525,384,548
1277108453Image000068.jpg,21,20,PEDESTRIAN_CROSSING,183,514,204,534
1277108453Image000068.jpg,19,17,PEDESTRIAN_CROSSING,534,512,553,529
1277108453Image000068.jpg,15,14,PRIORITY_ROAD,527,534,542,548
1277108453Image000068.jpg,45,44,PEDESTRIAN_CROSSING,200,433,245,477
1277108453Image000068.jpg,46,45,PASS_RIGHT_SIDE,202,480,248,525
1277108453Image000068.jpg,21,23,PASS_RIGHT_SIDE,363,525,384,548
1277108453Image000068.jpg,21,20,PEDESTRIAN_CROSSING,183,514,204,534
1277108453Image000068.jpg,19,17,PEDESTRIAN_CROSSING,534,512,553,529
1277108453Image000068.jpg,15,14,PRIORITY_ROAD,527,534,542,548
1277108453Image000078.jpg,32,82,PEDESTRIAN_CROSSING,3,319,35,401
1277108453Image000078.jpg,35,83,PASS_RIGHT_SIDE,1,403,36,486
1277108453Image000078.jpg,28,27,PASS_RIGHT_SIDE,328,513,356,540
1277108453Image000078.jpg,21,23,PEDESTRIAN_CROSSING,544,498,565,521
1277108453Image000078.jpg,16,17,PRIORITY_ROAD,535,527,551,544
1277108453Image000078.jpg,32,82,PEDESTRIAN_CROSSING,3,319,35,401
1277108453Image000078.jpg,35,83,PASS_RIGHT_SIDE,1,403,36,486
1277108453Image000078.jpg,28,27,PASS_RIGHT_SIDE,328,513,356,540
1277108453Image000078.jpg,21,23,PEDESTRIAN_CROSSING,544,498,565,521
1277108453Image000078.jpg,16,17,PRIORITY_ROAD,535,527,551,544
1277108453Image000078.jpg,32,82,PEDESTRIAN_CROSSING,3,319,35,401
1277108453Image000078.jpg,35,83,PASS_RIGHT_SIDE,1,403,36,486
1277108453Image000078.jpg,28,27,PASS_RIGHT_SIDE,328,513,356,540
1277108453Image000078.jpg,21,23,PEDESTRIAN_CROSSING,544,498,565,521
1277108453Image000078.jpg,16,17,PRIORITY_ROAD,535,527,551,544
1277108453Image000078.jpg,32,82,PEDESTRIAN_CROSSING,3,319,35,401
1277108453Image000078.jpg,35,83,PASS_RIGHT_SIDE,1,403,36,486
1277108453Image000078.jpg,28,27,PASS_RIGHT_SIDE,328,513,356,540
1277108453Image000078.jpg,21,23,PEDESTRIAN_CROSSING,544,498,565,521
1277108453Image000078.jpg,16,17,PRIORITY_ROAD,535,527,551,544
1277108453Image000078.jpg,32,82,PEDESTRIAN_CROSSING,3,319,35,401
1277108453Image000078.jpg,35,83,PASS_RIGHT_SIDE,1,403,36,486
1277108453Image000078.jpg,28,27,PASS_RIGHT_SIDE,328,513,356,540
1277108453Image000078.jpg,21,23,PEDESTRIAN_CROSSING,544,498,565,521
1277108453Image000078.jpg,16,17,PRIORITY_ROAD,535,527,551,544
1277108453Image000083.jpg,29,28,PASS_RIGHT_SIDE,319,512,348,540
1277108453Image000083.jpg,24,22,PEDESTRIAN_CROSSING,89,503,113,525
1277108453Image000083.jpg,22,21,PEDESTRIAN_CROSSING,547,497,569,518
1277108453Image000083.jpg,16,16,PRIORITY_ROAD,537,527,553,543
1277108453Image000083.jpg,29,28,PASS_RIGHT_SIDE,319,512,348,540
1277108453Image000083.jpg,24,22,PEDESTRIAN_CROSSING,89,503,113,525
1277108453Image000083.jpg,22,21,PEDESTRIAN_CROSSING,547,497,569,518
1277108453Image000083.jpg,16,16,PRIORITY_ROAD,537,527,553,543
1277108453Image000083.jpg,29,28,PASS_RIGHT_SIDE,319,512,348,540
1277108453Image000083.jpg,24,22,PEDESTRIAN_CROSSING,89,503,113,525
1277108453Image000083.jpg,22,21,PEDESTRIAN_CROSSING,547,497,569,518
1277108453Image000083.jpg,16,16,PRIORITY_ROAD,537,527,553,543
1277108453Image000083.jpg,29,28,PASS_RIGHT_SIDE,319,512,348,540
1277108453Image000083.jpg,24,22,PEDESTRIAN_CROSSING,89,503,113,525
1277108453Image000083.jpg,22,21,PEDESTRIAN_CROSSING,547,497,569,518
1277108453Image000083.jpg,16,16,PRIORITY_ROAD,537,527,553,543
1277108453Image000083.jpg,29,28,PASS_RIGHT_SIDE,319,512,348,540
1277108453Image000083.jpg,24,22,PEDESTRIAN_CROSSING,89,503,113,525
1277108453Image000083.jpg,22,21,PEDESTRIAN_CROSSING,547,497,569,518
1277108453Image000083.jpg,16,16,PRIORITY_ROAD,537,527,553,543
1277108453Image000088.jpg,26,26,PEDESTRIAN_CROSSING,71,499,97,525
1277108453Image000088.jpg,33,30,PASS_RIGHT_SIDE,312,510,345,540
1277108453Image000088.jpg,24,23,PEDESTRIAN_CROSSING,555,493,579,516
1277108453Image000088.jpg,19,18,PRIORITY_ROAD,543,526,562,544
1277108453Image000088.jpg,26,26,PEDESTRIAN_CROSSING,71,499,97,525
1277108453Image000088.jpg,33,30,PASS_RIGHT_SIDE,312,510,345,540
1277108453Image000088.jpg,24,23,PEDESTRIAN_CROSSING,555,493,579,516
1277108453Image000088.jpg,19,18,PRIORITY_ROAD,543,526,562,544
1277108453Image000088.jpg,26,26,PEDESTRIAN_CROSSING,71,499,97,525
1277108453Image000088.jpg,33,30,PASS_RIGHT_SIDE,312,510,345,540
1277108453Image000088.jpg,24,23,PEDESTRIAN_CROSSING,555,493,579,516
1277108453Image000088.jpg,19,18,PRIORITY_ROAD,543,526,562,544
1277108453Image000088.jpg,26,26,PEDESTRIAN_CROSSING,71,499,97,525
1277108453Image000088.jpg,33,30,PASS_RIGHT_SIDE,312,510,345,540
1277108453Image000088.jpg,24,23,PEDESTRIAN_CROSSING,555,493,579,516
1277108453Image000088.jpg,19,18,PRIORITY_ROAD,543,526,562,544
1277108453Image000088.jpg,26,26,PEDESTRIAN_CROSSING,71,499,97,525
1277108453Image000088.jpg,33,30,PASS_RIGHT_SIDE,312,510,345,540
1277108453Image000088.jpg,24,23,PEDESTRIAN_CROSSING,555,493,579,516
1277108453Image000088.jpg,19,18,PRIORITY_ROAD,543,526,562,544
1277108453Image000093.jpg,31,28,PEDESTRIAN_CROSSING,12,491,43,519
1277108453Image000093.jpg,38,38,PASS_RIGHT_SIDE,291,501,329,539
1277108453Image000093.jpg,27,27,PEDESTRIAN_CROSSING,579,485,606,512
1277108453Image000093.jpg,18,18,PRIORITY_ROAD,563,527,581,545
1277108453Image000093.jpg,31,28,PEDESTRIAN_CROSSING,12,491,43,519
1277108453Image000093.jpg,38,38,PASS_RIGHT_SIDE,291,501,329,539
1277108453Image000093.jpg,27,27,PEDESTRIAN_CROSSING,579,485,606,512
1277108453Image000093.jpg,18,18,PRIORITY_ROAD,563,527,581,545
1277108453Image000093.jpg,31,28,PEDESTRIAN_CROSSING,12,491,43,519
1277108453Image000093.jpg,38,38,PASS_RIGHT_SIDE,291,501,329,539
1277108453Image000093.jpg,27,27,PEDESTRIAN_CROSSING,579,485,606,512
1277108453Image000093.jpg,18,18,PRIORITY_ROAD,563,527,581,545
1277108453Image000093.jpg,31,28,PEDESTRIAN_CROSSING,12,491,43,519
1277108453Image000093.jpg,38,38,PASS_RIGHT_SIDE,291,501,329,539
1277108453Image000093.jpg,27,27,PEDESTRIAN_CROSSING,579,485,606,512
1277108453Image000093.jpg,18,18,PRIORITY_ROAD,563,527,581,545
1277108453Image000093.jpg,31,28,PEDESTRIAN_CROSSING,12,491,43,519
1277108453Image000093.jpg,38,38,PASS_RIGHT_SIDE,291,501,329,539
1277108453Image000093.jpg,27,27,PEDESTRIAN_CROSSING,579,485,606,512
1277108453Image000093.jpg,18,18,PRIORITY_ROAD,563,527,581,545
1277108453Image000098.jpg,43,43,PASS_RIGHT_SIDE,269,486,312,529
1277108453Image000098.jpg,31,30,PEDESTRIAN_CROSSING,601,471,632,501
1277108453Image000098.jpg,19,19,PRIORITY_ROAD,578,521,597,540
1277108453Image000098.jpg,43,43,PASS_RIGHT_SIDE,269,486,312,529
1277108453Image000098.jpg,31,30,PEDESTRIAN_CROSSING,601,471,632,501
1277108453Image000098.jpg,19,19,PRIORITY_ROAD,578,521,597,540
1277108453Image000098.jpg,43,43,PASS_RIGHT_SIDE,269,486,312,529
1277108453Image000098.jpg,31,30,PEDESTRIAN_CROSSING,601,471,632,501
1277108453Image000098.jpg,19,19,PRIORITY_ROAD,578,521,597,540
1277108453Image000098.jpg,43,43,PASS_RIGHT_SIDE,269,486,312,529
1277108453Image000098.jpg,31,30,PEDESTRIAN_CROSSING,601,471,632,501
1277108453Image000098.jpg,19,19,PRIORITY_ROAD,578,521,597,540
1277108453Image000103.jpg,45,48,PASS_RIGHT_SIDE,257,478,302,526
1277108453Image000103.jpg,34,33,PEDESTRIAN_CROSSING,613,462,647,495
1277108453Image000103.jpg,21,20,PRIORITY_ROAD,587,517,608,537
1277108453Image000103.jpg,45,48,PASS_RIGHT_SIDE,257,478,302,526
1277108453Image000103.jpg,34,33,PEDESTRIAN_CROSSING,613,462,647,495
1277108453Image000103.jpg,21,20,PRIORITY_ROAD,587,517,608,537
1277108453Image000103.jpg,45,48,PASS_RIGHT_SIDE,257,478,302,526
1277108453Image000103.jpg,34,33,PEDESTRIAN_CROSSING,613,462,647,495
1277108453Image000103.jpg,21,20,PRIORITY_ROAD,587,517,608,537
1277108453Image000103.jpg,45,48,PASS_RIGHT_SIDE,257,478,302,526
1277108453Image000103.jpg,34,33,PEDESTRIAN_CROSSING,613,462,647,495
1277108453Image000103.jpg,21,20,PRIORITY_ROAD,587,517,608,537
1277108453Image000108.jpg,61,60,PASS_RIGHT_SIDE,193,453,254,513
1277108453Image000108.jpg,45,42,PEDESTRIAN_CROSSING,654,431,699,473
1277108453Image000108.jpg,26,27,PRIORITY_ROAD,612,505,638,532
1277108453Image000108.jpg,61,60,PASS_RIGHT_SIDE,193,453,254,513
1277108453Image000108.jpg,45,42,PEDESTRIAN_CROSSING,654,431,699,473
1277108453Image000108.jpg,26,27,PRIORITY_ROAD,612,505,638,532
1277108453Image000108.jpg,61,60,PASS_RIGHT_SIDE,193,453,254,513
1277108453Image000108.jpg,45,42,PEDESTRIAN_CROSSING,654,431,699,473
1277108453Image000108.jpg,26,27,PRIORITY_ROAD,612,505,638,532
1277108453Image000108.jpg,61,60,PASS_RIGHT_SIDE,193,453,254,513
1277108453Image000108.jpg,45,42,PEDESTRIAN_CROSSING,654,431,699,473
1277108453Image000108.jpg,26,27,PRIORITY_ROAD,612,505,638,532
1277108453Image000113.jpg,72,76,PASS_RIGHT_SIDE,120,437,192,513
1277108453Image000113.jpg,52,50,PEDESTRIAN_CROSSING,681,425,733,475
1277108453Image000113.jpg,28,28,PRIORITY_ROAD,619,515,647,543
1277108453Image000113.jpg,72,76,PASS_RIGHT_SIDE,120,437,192,513
1277108453Image000113.jpg,52,50,PEDESTRIAN_CROSSING,681,425,733,475
1277108453Image000113.jpg,28,28,PRIORITY_ROAD,619,515,647,543
1277108453Image000113.jpg,72,76,PASS_RIGHT_SIDE,120,437,192,513
1277108453Image000113.jpg,52,50,PEDESTRIAN_CROSSING,681,425,733,475
1277108453Image000113.jpg,28,28,PRIORITY_ROAD,619,515,647,543
1277108453Image000113.jpg,72,76,PASS_RIGHT_SIDE,120,437,192,513
1277108453Image000113.jpg,52,50,PEDESTRIAN_CROSSING,681,425,733,475
1277108453Image000113.jpg,28,28,PRIORITY_ROAD,619,515,647,543
1277108453Image000118.jpg,62,108,PASS_RIGHT_SIDE,1,380,63,488
1277108453Image000118.jpg,67,63,PEDESTRIAN_CROSSING,737,387,804,450
1277108453Image000118.jpg,30,28,PRIORITY_ROAD,636,515,666,543
1277108453Image000118.jpg,62,108,PASS_RIGHT_SIDE,1,380,63,488
1277108453Image000118.jpg,67,63,PEDESTRIAN_CROSSING,737,387,804,450
1277108453Image000118.jpg,30,28,PRIORITY_ROAD,636,515,666,543
1277108453Image000118.jpg,62,108,PASS_RIGHT_SIDE,1,380,63,488
1277108453Image000118.jpg,67,63,PEDESTRIAN_CROSSING,737,387,804,450
1277108453Image000118.jpg,30,28,PRIORITY_ROAD,636,515,666,543
1277108453Image000118.jpg,62,108,PASS_RIGHT_SIDE,1,380,63,488
1277108453Image000118.jpg,67,63,PEDESTRIAN_CROSSING,737,387,804,450
1277108453Image000118.jpg,30,28,PRIORITY_ROAD,636,515,666,543
1277108453Image000123.jpg,95,93,PEDESTRIAN_CROSSING,837,289,932,382
1277108453Image000123.jpg,38,36,PRIORITY_ROAD,656,490,694,526
1277108453Image000123.jpg,95,93,PEDESTRIAN_CROSSING,837,289,932,382
1277108453Image000123.jpg,38,36,PRIORITY_ROAD,656,490,694,526
1277108453Image000133.jpg,53,50,PRIORITY_ROAD,719,452,772,502
1277108453Image000133.jpg,8,8,PEDESTRIAN_CROSSING,373,552,381,560
1277108453Image000133.jpg,7,7,PEDESTRIAN_CROSSING,334,554,341,561
1277108453Image000133.jpg,10,9,PASS_RIGHT_SIDE,306,558,316,567
1277108453Image000133.jpg,9,8,PEDESTRIAN_CROSSING,227,556,236,564
1277108453Image000133.jpg,53,50,PRIORITY_ROAD,719,452,772,502
1277108453Image000133.jpg,8,8,PEDESTRIAN_CROSSING,373,552,381,560
1277108453Image000133.jpg,7,7,PEDESTRIAN_CROSSING,334,554,341,561
1277108453Image000133.jpg,10,9,PASS_RIGHT_SIDE,306,558,316,567
1277108453Image000133.jpg,9,8,PEDESTRIAN_CROSSING,227,556,236,564
1277108453Image000133.jpg,53,50,PRIORITY_ROAD,719,452,772,502
1277108453Image000133.jpg,8,8,PEDESTRIAN_CROSSING,373,552,381,560
1277108453Image000133.jpg,7,7,PEDESTRIAN_CROSSING,334,554,341,561
1277108453Image000133.jpg,10,9,PASS_RIGHT_SIDE,306,558,316,567
1277108453Image000133.jpg,9,8,PEDESTRIAN_CROSSING,227,556,236,564
1277108453Image000133.jpg,53,50,PRIORITY_ROAD,719,452,772,502
1277108453Image000133.jpg,8,8,PEDESTRIAN_CROSSING,373,552,381,560
1277108453Image000133.jpg,7,7,PEDESTRIAN_CROSSING,334,554,341,561
1277108453Image000133.jpg,10,9,PASS_RIGHT_SIDE,306,558,316,567
1277108453Image000133.jpg,9,8,PEDESTRIAN_CROSSING,227,556,236,564
1277108453Image000133.jpg,53,50,PRIORITY_ROAD,719,452,772,502
1277108453Image000133.jpg,8,8,PEDESTRIAN_CROSSING,373,552,381,560
1277108453Image000133.jpg,7,7,PEDESTRIAN_CROSSING,334,554,341,561
1277108453Image000133.jpg,10,9,PASS_RIGHT_SIDE,306,558,316,567
1277108453Image000133.jpg,9,8,PEDESTRIAN_CROSSING,227,556,236,564
1277108453Image000138.jpg,58,66,PRIORITY_ROAD,761,429,819,495
1277108453Image000138.jpg,10,8,PEDESTRIAN_CROSSING,366,555,376,563
1277108453Image000138.jpg,7,9,PEDESTRIAN_CROSSING,329,557,336,566
1277108453Image000138.jpg,10,11,PASS_RIGHT_SIDE,299,560,309,571
1277108453Image000138.jpg,8,10,PEDESTRIAN_CROSSING,218,558,226,568
1277108453Image000138.jpg,58,66,PRIORITY_ROAD,761,429,819,495
1277108453Image000138.jpg,10,8,PEDESTRIAN_CROSSING,366,555,376,563
1277108453Image000138.jpg,7,9,PEDESTRIAN_CROSSING,329,557,336,566
1277108453Image000138.jpg,10,11,PASS_RIGHT_SIDE,299,560,309,571
1277108453Image000138.jpg,8,10,PEDESTRIAN_CROSSING,218,558,226,568
1277108453Image000138.jpg,58,66,PRIORITY_ROAD,761,429,819,495
1277108453Image000138.jpg,10,8,PEDESTRIAN_CROSSING,366,555,376,563
1277108453Image000138.jpg,7,9,PEDESTRIAN_CROSSING,329,557,336,566
1277108453Image000138.jpg,10,11,PASS_RIGHT_SIDE,299,560,309,571
1277108453Image000138.jpg,8,10,PEDESTRIAN_CROSSING,218,558,226,568
1277108453Image000138.jpg,58,66,PRIORITY_ROAD,761,429,819,495
1277108453Image000138.jpg,10,8,PEDESTRIAN_CROSSING,366,555,376,563
1277108453Image000138.jpg,7,9,PEDESTRIAN_CROSSING,329,557,336,566
1277108453Image000138.jpg,10,11,PASS_RIGHT_SIDE,299,560,309,571
1277108453Image000138.jpg,8,10,PEDESTRIAN_CROSSING,218,558,226,568
1277108453Image000138.jpg,58,66,PRIORITY_ROAD,761,429,819,495
1277108453Image000138.jpg,10,8,PEDESTRIAN_CROSSING,366,555,376,563
1277108453Image000138.jpg,7,9,PEDESTRIAN_CROSSING,329,557,336,566
1277108453Image000138.jpg,10,11,PASS_RIGHT_SIDE,299,560,309,571
1277108453Image000138.jpg,8,10,PEDESTRIAN_CROSSING,218,558,226,568
1277108453Image000143.jpg,73,76,PRIORITY_ROAD,811,409,884,485
1277108453Image000143.jpg,10,9,PEDESTRIAN_CROSSING,362,563,372,572
1277108453Image000143.jpg,9,8,PEDESTRIAN_CROSSING,322,565,331,573
1277108453Image000143.jpg,11,11,PASS_RIGHT_SIDE,293,569,304,580
1277108453Image000143.jpg,8,11,PEDESTRIAN_CROSSING,212,565,220,576
1277108453Image000143.jpg,73,76,PRIORITY_ROAD,811,409,884,485
1277108453Image000143.jpg,10,9,PEDESTRIAN_CROSSING,362,563,372,572
1277108453Image000143.jpg,9,8,PEDESTRIAN_CROSSING,322,565,331,573
1277108453Image000143.jpg,11,11,PASS_RIGHT_SIDE,293,569,304,580
1277108453Image000143.jpg,8,11,PEDESTRIAN_CROSSING,212,565,220,576
1277108453Image000143.jpg,73,76,PRIORITY_ROAD,811,409,884,485
1277108453Image000143.jpg,10,9,PEDESTRIAN_CROSSING,362,563,372,572
1277108453Image000143.jpg,9,8,PEDESTRIAN_CROSSING,322,565,331,573
1277108453Image000143.jpg,11,11,PASS_RIGHT_SIDE,293,569,304,580
1277108453Image000143.jpg,8,11,PEDESTRIAN_CROSSING,212,565,220,576
1277108453Image000143.jpg,73,76,PRIORITY_ROAD,811,409,884,485
1277108453Image000143.jpg,10,9,PEDESTRIAN_CROSSING,362,563,372,572
1277108453Image000143.jpg,9,8,PEDESTRIAN_CROSSING,322,565,331,573
1277108453Image000143.jpg,11,11,PASS_RIGHT_SIDE,293,569,304,580
1277108453Image000143.jpg,8,11,PEDESTRIAN_CROSSING,212,565,220,576
1277108453Image000143.jpg,73,76,PRIORITY_ROAD,811,409,884,485
1277108453Image000143.jpg,10,9,PEDESTRIAN_CROSSING,362,563,372,572
1277108453Image000143.jpg,9,8,PEDESTRIAN_CROSSING,322,565,331,573
1277108453Image000143.jpg,11,11,PASS_RIGHT_SIDE,293,569,304,580
1277108453Image000143.jpg,8,11,PEDESTRIAN_CROSSING,212,565,220,576
1277108477Image000001.jpg,20,22,PEDESTRIAN_CROSSING,410,516,430,538
1277108477Image000001.jpg,14,14,PEDESTRIAN_CROSSING,386,535,400,549
1277108477Image000001.jpg,22,23,PASS_RIGHT_SIDE,232,533,254,556
1277108477Image000001.jpg,17,17,PASS_RIGHT_SIDE,168,546,185,563
1277108477Image000001.jpg,21,21,PEDESTRIAN_CROSSING,50,527,71,548
1277108477Image000001.jpg,20,22,PEDESTRIAN_CROSSING,410,516,430,538
1277108477Image000001.jpg,14,14,PEDESTRIAN_CROSSING,386,535,400,549
1277108477Image000001.jpg,22,23,PASS_RIGHT_SIDE,232,533,254,556
1277108477Image000001.jpg,17,17,PASS_RIGHT_SIDE,168,546,185,563
1277108477Image000001.jpg,21,21,PEDESTRIAN_CROSSING,50,527,71,548
1277108477Image000001.jpg,20,22,PEDESTRIAN_CROSSING,410,516,430,538
1277108477Image000001.jpg,14,14,PEDESTRIAN_CROSSING,386,535,400,549
1277108477Image000001.jpg,22,23,PASS_RIGHT_SIDE,232,533,254,556
1277108477Image000001.jpg,17,17,PASS_RIGHT_SIDE,168,546,185,563
1277108477Image000001.jpg,21,21,PEDESTRIAN_CROSSING,50,527,71,548
1277108477Image000001.jpg,20,22,PEDESTRIAN_CROSSING,410,516,430,538
1277108477Image000001.jpg,14,14,PEDESTRIAN_CROSSING,386,535,400,549
1277108477Image000001.jpg,22,23,PASS_RIGHT_SIDE,232,533,254,556
1277108477Image000001.jpg,17,17,PASS_RIGHT_SIDE,168,546,185,563
1277108477Image000001.jpg,21,21,PEDESTRIAN_CROSSING,50,527,71,548
1277108477Image000001.jpg,20,22,PEDESTRIAN_CROSSING,410,516,430,538
1277108477Image000001.jpg,14,14,PEDESTRIAN_CROSSING,386,535,400,549
1277108477Image000001.jpg,22,23,PASS_RIGHT_SIDE,232,533,254,556
1277108477Image000001.jpg,17,17,PASS_RIGHT_SIDE,168,546,185,563
1277108477Image000001.jpg,21,21,PEDESTRIAN_CROSSING,50,527,71,548
1277108477Image000001.jpg,20,22,PEDESTRIAN_CROSSING,410,516,430,538
1277108477Image000001.jpg,14,14,PEDESTRIAN_CROSSING,386,535,400,549
1277108477Image000001.jpg,22,23,PASS_RIGHT_SIDE,232,533,254,556
1277108477Image000001.jpg,17,17,PASS_RIGHT_SIDE,168,546,185,563
1277108477Image000001.jpg,21,21,PEDESTRIAN_CROSSING,50,527,71,548
1277108477Image000006.jpg,23,23,PEDESTRIAN_CROSSING,436,512,459,535
1277108477Image000006.jpg,17,15,PEDESTRIAN_CROSSING,413,533,430,548
1277108477Image000006.jpg,25,26,PASS_RIGHT_SIDE,242,530,267,556
1277108477Image000006.jpg,16,18,PASS_RIGHT_SIDE,186,547,202,565
1277108477Image000006.jpg,19,21,PEDESTRIAN_CROSSING,50,526,69,547
1277108477Image000006.jpg,23,23,PEDESTRIAN_CROSSING,436,512,459,535
1277108477Image000006.jpg,17,15,PEDESTRIAN_CROSSING,413,533,430,548
1277108477Image000006.jpg,25,26,PASS_RIGHT_SIDE,242,530,267,556
1277108477Image000006.jpg,16,18,PASS_RIGHT_SIDE,186,547,202,565
1277108477Image000006.jpg,19,21,PEDESTRIAN_CROSSING,50,526,69,547
1277108477Image000006.jpg,23,23,PEDESTRIAN_CROSSING,436,512,459,535
1277108477Image000006.jpg,17,15,PEDESTRIAN_CROSSING,413,533,430,548
1277108477Image000006.jpg,25,26,PASS_RIGHT_SIDE,242,530,267,556
1277108477Image000006.jpg,16,18,PASS_RIGHT_SIDE,186,547,202,565
1277108477Image000006.jpg,19,21,PEDESTRIAN_CROSSING,50,526,69,547
1277108477Image000006.jpg,23,23,PEDESTRIAN_CROSSING,436,512,459,535
1277108477Image000006.jpg,17,15,PEDESTRIAN_CROSSING,413,533,430,548
1277108477Image000006.jpg,25,26,PASS_RIGHT_SIDE,242,530,267,556
1277108477Image000006.jpg,16,18,PASS_RIGHT_SIDE,186,547,202,565
1277108477Image000006.jpg,19,21,PEDESTRIAN_CROSSING,50,526,69,547
1277108477Image000006.jpg,23,23,PEDESTRIAN_CROSSING,436,512,459,535
1277108477Image000006.jpg,17,15,PEDESTRIAN_CROSSING,413,533,430,548
1277108477Image000006.jpg,25,26,PASS_RIGHT_SIDE,242,530,267,556
1277108477Image000006.jpg,16,18,PASS_RIGHT_SIDE,186,547,202,565
1277108477Image000006.jpg,19,21,PEDESTRIAN_CROSSING,50,526,69,547
1277108477Image000006.jpg,23,23,PEDESTRIAN_CROSSING,436,512,459,535
1277108477Image000006.jpg,17,15,PEDESTRIAN_CROSSING,413,533,430,548
1277108477Image000006.jpg,25,26,PASS_RIGHT_SIDE,242,530,267,556
1277108477Image000006.jpg,16,18,PASS_RIGHT_SIDE,186,547,202,565
1277108477Image000006.jpg,19,21,PEDESTRIAN_CROSSING,50,526,69,547
1277108477Image000011.jpg,26,25,PEDESTRIAN_CROSSING,463,506,489,531
1277108477Image000011.jpg,26,30,PASS_RIGHT_SIDE,250,525,276,555
1277108477Image000011.jpg,15,14,PEDESTRIAN_CROSSING,440,530,455,544
1277108477Image000011.jpg,17,17,PASS_RIGHT_SIDE,198,547,215,564
1277108477Image000011.jpg,21,24,PEDESTRIAN_CROSSING,43,522,64,546
1277108477Image000011.jpg,26,25,PEDESTRIAN_CROSSING,463,506,489,531
1277108477Image000011.jpg,26,30,PASS_RIGHT_SIDE,250,525,276,555
1277108477Image000011.jpg,15,14,PEDESTRIAN_CROSSING,440,530,455,544
1277108477Image000011.jpg,17,17,PASS_RIGHT_SIDE,198,547,215,564
1277108477Image000011.jpg,21,24,PEDESTRIAN_CROSSING,43,522,64,546
1277108477Image000011.jpg,26,25,PEDESTRIAN_CROSSING,463,506,489,531
1277108477Image000011.jpg,26,30,PASS_RIGHT_SIDE,250,525,276,555
1277108477Image000011.jpg,15,14,PEDESTRIAN_CROSSING,440,530,455,544
1277108477Image000011.jpg,17,17,PASS_RIGHT_SIDE,198,547,215,564
1277108477Image000011.jpg,21,24,PEDESTRIAN_CROSSING,43,522,64,546
1277108477Image000011.jpg,26,25,PEDESTRIAN_CROSSING,463,506,489,531
1277108477Image000011.jpg,26,30,PASS_RIGHT_SIDE,250,525,276,555
1277108477Image000011.jpg,15,14,PEDESTRIAN_CROSSING,440,530,455,544
1277108477Image000011.jpg,17,17,PASS_RIGHT_SIDE,198,547,215,564
1277108477Image000011.jpg,21,24,PEDESTRIAN_CROSSING,43,522,64,546
1277108477Image000011.jpg,26,25,PEDESTRIAN_CROSSING,463,506,489,531
1277108477Image000011.jpg,26,30,PASS_RIGHT_SIDE,250,525,276,555
1277108477Image000011.jpg,15,14,PEDESTRIAN_CROSSING,440,530,455,544
1277108477Image000011.jpg,17,17,PASS_RIGHT_SIDE,198,547,215,564
1277108477Image000011.jpg,21,24,PEDESTRIAN_CROSSING,43,522,64,546
1277108477Image000011.jpg,26,25,PEDESTRIAN_CROSSING,463,506,489,531
1277108477Image000011.jpg,26,30,PASS_RIGHT_SIDE,250,525,276,555
1277108477Image000011.jpg,15,14,PEDESTRIAN_CROSSING,440,530,455,544
1277108477Image000011.jpg,17,17,PASS_RIGHT_SIDE,198,547,215,564
1277108477Image000011.jpg,21,24,PEDESTRIAN_CROSSING,43,522,64,546
1277108477Image000016.jpg,29,28,PEDESTRIAN_CROSSING,489,491,518,519
1277108477Image000016.jpg,17,15,PEDESTRIAN_CROSSING,466,522,483,537
1277108477Image000016.jpg,29,31,PASS_RIGHT_SIDE,252,515,281,546
1277108477Image000016.jpg,20,18,PASS_RIGHT_SIDE,208,539,228,557
1277108477Image000016.jpg,22,24,PEDESTRIAN_CROSSING,26,512,48,536
1277108477Image000016.jpg,29,28,PEDESTRIAN_CROSSING,489,491,518,519
1277108477Image000016.jpg,17,15,PEDESTRIAN_CROSSING,466,522,483,537
1277108477Image000016.jpg,29,31,PASS_RIGHT_SIDE,252,515,281,546
1277108477Image000016.jpg,20,18,PASS_RIGHT_SIDE,208,539,228,557
1277108477Image000016.jpg,22,24,PEDESTRIAN_CROSSING,26,512,48,536
1277108477Image000016.jpg,29,28,PEDESTRIAN_CROSSING,489,491,518,519
1277108477Image000016.jpg,17,15,PEDESTRIAN_CROSSING,466,522,483,537
1277108477Image000016.jpg,29,31,PASS_RIGHT_SIDE,252,515,281,546
1277108477Image000016.jpg,20,18,PASS_RIGHT_SIDE,208,539,228,557
1277108477Image000016.jpg,22,24,PEDESTRIAN_CROSSING,26,512,48,536
1277108477Image000016.jpg,29,28,PEDESTRIAN_CROSSING,489,491,518,519
1277108477Image000016.jpg,17,15,PEDESTRIAN_CROSSING,466,522,483,537
1277108477Image000016.jpg,29,31,PASS_RIGHT_SIDE,252,515,281,546
1277108477Image000016.jpg,20,18,PASS_RIGHT_SIDE,208,539,228,557
1277108477Image000016.jpg,22,24,PEDESTRIAN_CROSSING,26,512,48,536
1277108477Image000016.jpg,29,28,PEDESTRIAN_CROSSING,489,491,518,519
1277108477Image000016.jpg,17,15,PEDESTRIAN_CROSSING,466,522,483,537
1277108477Image000016.jpg,29,31,PASS_RIGHT_SIDE,252,515,281,546
1277108477Image000016.jpg,20,18,PASS_RIGHT_SIDE,208,539,228,557
1277108477Image000016.jpg,22,24,PEDESTRIAN_CROSSING,26,512,48,536
1277108477Image000016.jpg,29,28,PEDESTRIAN_CROSSING,489,491,518,519
1277108477Image000016.jpg,17,15,PEDESTRIAN_CROSSING,466,522,483,537
1277108477Image000016.jpg,29,31,PASS_RIGHT_SIDE,252,515,281,546
1277108477Image000016.jpg,20,18,PASS_RIGHT_SIDE,208,539,228,557
1277108477Image000016.jpg,22,24,PEDESTRIAN_CROSSING,26,512,48,536
1277108477Image000021.jpg,34,34,PEDESTRIAN_CROSSING,517,478,551,512
1277108477Image000021.jpg,20,17,PEDESTRIAN_CROSSING,490,519,510,536
1277108477Image000021.jpg,35,37,PASS_RIGHT_SIDE,238,506,273,543
1277108477Image000021.jpg,21,20,PASS_RIGHT_SIDE,211,538,232,558
1277108477Image000021.jpg,34,34,PEDESTRIAN_CROSSING,517,478,551,512
1277108477Image000021.jpg,20,17,PEDESTRIAN_CROSSING,490,519,510,536
1277108477Image000021.jpg,35,37,PASS_RIGHT_SIDE,238,506,273,543
1277108477Image000021.jpg,21,20,PASS_RIGHT_SIDE,211,538,232,558
1277108477Image000021.jpg,34,34,PEDESTRIAN_CROSSING,517,478,551,512
1277108477Image000021.jpg,20,17,PEDESTRIAN_CROSSING,490,519,510,536
1277108477Image000021.jpg,35,37,PASS_RIGHT_SIDE,238,506,273,543
1277108477Image000021.jpg,21,20,PASS_RIGHT_SIDE,211,538,232,558
1277108477Image000021.jpg,34,34,PEDESTRIAN_CROSSING,517,478,551,512
1277108477Image000021.jpg,20,17,PEDESTRIAN_CROSSING,490,519,510,536
1277108477Image000021.jpg,35,37,PASS_RIGHT_SIDE,238,506,273,543
1277108477Image000021.jpg,21,20,PASS_RIGHT_SIDE,211,538,232,558
1277108477Image000021.jpg,34,34,PEDESTRIAN_CROSSING,517,478,551,512
1277108477Image000021.jpg,20,17,PEDESTRIAN_CROSSING,490,519,510,536
1277108477Image000021.jpg,35,37,PASS_RIGHT_SIDE,238,506,273,543
1277108477Image000021.jpg,21,20,PASS_RIGHT_SIDE,211,538,232,558
1277108477Image000026.jpg,40,44,PEDESTRIAN_CROSSING,546,460,586,504
1277108477Image000026.jpg,42,45,PASS_RIGHT_SIDE,215,494,257,539
1277108477Image000026.jpg,18,18,PASS_RIGHT_SIDE,212,539,230,557
1277108477Image000026.jpg,20,18,PEDESTRIAN_CROSSING,515,516,535,534
1277108477Image000026.jpg,15,14,50_SIGN,275,549,290,563
1277108477Image000026.jpg,40,44,PEDESTRIAN_CROSSING,546,460,586,504
1277108477Image000026.jpg,42,45,PASS_RIGHT_SIDE,215,494,257,539
1277108477Image000026.jpg,18,18,PASS_RIGHT_SIDE,212,539,230,557
1277108477Image000026.jpg,20,18,PEDESTRIAN_CROSSING,515,516,535,534
1277108477Image000026.jpg,15,14,50_SIGN,275,549,290,563
1277108477Image000026.jpg,40,44,PEDESTRIAN_CROSSING,546,460,586,504
1277108477Image000026.jpg,42,45,PASS_RIGHT_SIDE,215,494,257,539
1277108477Image000026.jpg,18,18,PASS_RIGHT_SIDE,212,539,230,557
1277108477Image000026.jpg,20,18,PEDESTRIAN_CROSSING,515,516,535,534
1277108477Image000026.jpg,15,14,50_SIGN,275,549,290,563
1277108477Image000026.jpg,40,44,PEDESTRIAN_CROSSING,546,460,586,504
1277108477Image000026.jpg,42,45,PASS_RIGHT_SIDE,215,494,257,539
1277108477Image000026.jpg,18,18,PASS_RIGHT_SIDE,212,539,230,557
1277108477Image000026.jpg,20,18,PEDESTRIAN_CROSSING,515,516,535,534
1277108477Image000026.jpg,15,14,50_SIGN,275,549,290,563
1277108477Image000026.jpg,40,44,PEDESTRIAN_CROSSING,546,460,586,504
1277108477Image000026.jpg,42,45,PASS_RIGHT_SIDE,215,494,257,539
1277108477Image000026.jpg,18,18,PASS_RIGHT_SIDE,212,539,230,557
1277108477Image000026.jpg,20,18,PEDESTRIAN_CROSSING,515,516,535,534
1277108477Image000026.jpg,15,14,50_SIGN,275,549,290,563
1277108477Image000031.jpg,44,43,PEDESTRIAN_CROSSING,575,440,619,483
1277108477Image000031.jpg,47,48,PASS_RIGHT_SIDE,193,476,240,524
1277108477Image000031.jpg,24,23,PASS_RIGHT_SIDE,207,526,231,549
1277108477Image000031.jpg,19,20,PEDESTRIAN_CROSSING,532,505,551,525
1277108477Image000031.jpg,15,13,50_SIGN,281,542,296,555
1277108477Image000031.jpg,17,17,PEDESTRIAN_CROSSING,45,525,62,542
1277108477Image000031.jpg,44,43,PEDESTRIAN_CROSSING,575,440,619,483
1277108477Image000031.jpg,47,48,PASS_RIGHT_SIDE,193,476,240,524
1277108477Image000031.jpg,24,23,PASS_RIGHT_SIDE,207,526,231,549
1277108477Image000031.jpg,19,20,PEDESTRIAN_CROSSING,532,505,551,525
1277108477Image000031.jpg,15,13,50_SIGN,281,542,296,555
1277108477Image000031.jpg,17,17,PEDESTRIAN_CROSSING,45,525,62,542
1277108477Image000031.jpg,44,43,PEDESTRIAN_CROSSING,575,440,619,483
1277108477Image000031.jpg,47,48,PASS_RIGHT_SIDE,193,476,240,524
1277108477Image000031.jpg,24,23,PASS_RIGHT_SIDE,207,526,231,549
1277108477Image000031.jpg,19,20,PEDESTRIAN_CROSSING,532,505,551,525
1277108477Image000031.jpg,15,13,50_SIGN,281,542,296,555
1277108477Image000031.jpg,17,17,PEDESTRIAN_CROSSING,45,525,62,542
1277108477Image000031.jpg,44,43,PEDESTRIAN_CROSSING,575,440,619,483
1277108477Image000031.jpg,47,48,PASS_RIGHT_SIDE,193,476,240,524
1277108477Image000031.jpg,24,23,PASS_RIGHT_SIDE,207,526,231,549
1277108477Image000031.jpg,19,20,PEDESTRIAN_CROSSING,532,505,551,525
1277108477Image000031.jpg,15,13,50_SIGN,281,542,296,555
1277108477Image000031.jpg,17,17,PEDESTRIAN_CROSSING,45,525,62,542
1277108477Image000031.jpg,44,43,PEDESTRIAN_CROSSING,575,440,619,483
1277108477Image000031.jpg,47,48,PASS_RIGHT_SIDE,193,476,240,524
1277108477Image000031.jpg,24,23,PASS_RIGHT_SIDE,207,526,231,549
1277108477Image000031.jpg,19,20,PEDESTRIAN_CROSSING,532,505,551,525
1277108477Image000031.jpg,15,13,50_SIGN,281,542,296,555
1277108477Image000031.jpg,17,17,PEDESTRIAN_CROSSING,45,525,62,542
1277108477Image000031.jpg,44,43,PEDESTRIAN_CROSSING,575,440,619,483
1277108477Image000031.jpg,47,48,PASS_RIGHT_SIDE,193,476,240,524
1277108477Image000031.jpg,24,23,PASS_RIGHT_SIDE,207,526,231,549
1277108477Image000031.jpg,19,20,PEDESTRIAN_CROSSING,532,505,551,525
1277108477Image000031.jpg,15,13,50_SIGN,281,542,296,555
1277108477Image000031.jpg,17,17,PEDESTRIAN_CROSSING,45,525,62,542
1277108477Image000036.jpg,56,53,PEDESTRIAN_CROSSING,610,409,666,462
1277108477Image000036.jpg,58,60,PASS_RIGHT_SIDE,150,452,208,512
1277108477Image000036.jpg,21,20,PEDESTRIAN_CROSSING,554,498,575,518
1277108477Image000036.jpg,22,21,PASS_RIGHT_SIDE,205,522,227,543
1277108477Image000036.jpg,22,20,PEDESTRIAN_CROSSING,26,516,48,536
1277108477Image000036.jpg,17,18,PRIORITY_ROAD,373,537,390,555
1277108477Image000036.jpg,18,18,50_SIGN,288,535,306,553
1277108477Image000036.jpg,11,11,PEDESTRIAN_CROSSING,273,551,284,562
1277108477Image000036.jpg,56,53,PEDESTRIAN_CROSSING,610,409,666,462
1277108477Image000036.jpg,58,60,PASS_RIGHT_SIDE,150,452,208,512
1277108477Image000036.jpg,21,20,PEDESTRIAN_CROSSING,554,498,575,518
1277108477Image000036.jpg,22,21,PASS_RIGHT_SIDE,205,522,227,543
1277108477Image000036.jpg,22,20,PEDESTRIAN_CROSSING,26,516,48,536
1277108477Image000036.jpg,17,18,PRIORITY_ROAD,373,537,390,555
1277108477Image000036.jpg,18,18,50_SIGN,288,535,306,553
1277108477Image000036.jpg,11,11,PEDESTRIAN_CROSSING,273,551,284,562
1277108477Image000036.jpg,56,53,PEDESTRIAN_CROSSING,610,409,666,462
1277108477Image000036.jpg,58,60,PASS_RIGHT_SIDE,150,452,208,512
1277108477Image000036.jpg,21,20,PEDESTRIAN_CROSSING,554,498,575,518
1277108477Image000036.jpg,22,21,PASS_RIGHT_SIDE,205,522,227,543
1277108477Image000036.jpg,22,20,PEDESTRIAN_CROSSING,26,516,48,536
1277108477Image000036.jpg,17,18,PRIORITY_ROAD,373,537,390,555
1277108477Image000036.jpg,18,18,50_SIGN,288,535,306,553
1277108477Image000036.jpg,11,11,PEDESTRIAN_CROSSING,273,551,284,562
1277108477Image000036.jpg,56,53,PEDESTRIAN_CROSSING,610,409,666,462
1277108477Image000036.jpg,58,60,PASS_RIGHT_SIDE,150,452,208,512
1277108477Image000036.jpg,21,20,PEDESTRIAN_CROSSING,554,498,575,518
1277108477Image000036.jpg,22,21,PASS_RIGHT_SIDE,205,522,227,543
1277108477Image000036.jpg,22,20,PEDESTRIAN_CROSSING,26,516,48,536
1277108477Image000036.jpg,17,18,PRIORITY_ROAD,373,537,390,555
1277108477Image000036.jpg,18,18,50_SIGN,288,535,306,553
1277108477Image000036.jpg,11,11,PEDESTRIAN_CROSSING,273,551,284,562
1277108477Image000036.jpg,56,53,PEDESTRIAN_CROSSING,610,409,666,462
1277108477Image000036.jpg,58,60,PASS_RIGHT_SIDE,150,452,208,512
1277108477Image000036.jpg,21,20,PEDESTRIAN_CROSSING,554,498,575,518
1277108477Image000036.jpg,22,21,PASS_RIGHT_SIDE,205,522,227,543
1277108477Image000036.jpg,22,20,PEDESTRIAN_CROSSING,26,516,48,536
1277108477Image000036.jpg,17,18,PRIORITY_ROAD,373,537,390,555
1277108477Image000036.jpg,18,18,50_SIGN,288,535,306,553
1277108477Image000036.jpg,11,11,PEDESTRIAN_CROSSING,273,551,284,562
1277108477Image000036.jpg,56,53,PEDESTRIAN_CROSSING,610,409,666,462
1277108477Image000036.jpg,58,60,PASS_RIGHT_SIDE,150,452,208,512
1277108477Image000036.jpg,21,20,PEDESTRIAN_CROSSING,554,498,575,518
1277108477Image000036.jpg,22,21,PASS_RIGHT_SIDE,205,522,227,543
1277108477Image000036.jpg,22,20,PEDESTRIAN_CROSSING,26,516,48,536
1277108477Image000036.jpg,17,18,PRIORITY_ROAD,373,537,390,555
1277108477Image000036.jpg,18,18,50_SIGN,288,535,306,553
1277108477Image000036.jpg,11,11,PEDESTRIAN_CROSSING,273,551,284,562
1277108477Image000036.jpg,56,53,PEDESTRIAN_CROSSING,610,409,666,462
1277108477Image000036.jpg,58,60,PASS_RIGHT_SIDE,150,452,208,512
1277108477Image000036.jpg,21,20,PEDESTRIAN_CROSSING,554,498,575,518
1277108477Image000036.jpg,22,21,PASS_RIGHT_SIDE,205,522,227,543
1277108477Image000036.jpg,22,20,PEDESTRIAN_CROSSING,26,516,48,536
1277108477Image000036.jpg,17,18,PRIORITY_ROAD,373,537,390,555
1277108477Image000036.jpg,18,18,50_SIGN,288,535,306,553
1277108477Image000036.jpg,11,11,PEDESTRIAN_CROSSING,273,551,284,562
1277108477Image000036.jpg,56,53,PEDESTRIAN_CROSSING,610,409,666,462
1277108477Image000036.jpg,58,60,PASS_RIGHT_SIDE,150,452,208,512
1277108477Image000036.jpg,21,20,PEDESTRIAN_CROSSING,554,498,575,518
1277108477Image000036.jpg,22,21,PASS_RIGHT_SIDE,205,522,227,543
1277108477Image000036.jpg,22,20,PEDESTRIAN_CROSSING,26,516,48,536
1277108477Image000036.jpg,17,18,PRIORITY_ROAD,373,537,390,555
1277108477Image000036.jpg,18,18,50_SIGN,288,535,306,553
1277108477Image000036.jpg,11,11,PEDESTRIAN_CROSSING,273,551,284,562
1277108477Image000041.jpg,92,91,PEDESTRIAN_CROSSING,765,297,857,388
1277108477Image000041.jpg,62,101,PASS_RIGHT_SIDE,1,370,63,471
1277108477Image000041.jpg,24,25,PEDESTRIAN_CROSSING,612,488,636,513
1277108477Image000041.jpg,19,18,PRIORITY_ROAD,400,538,419,556
1277108477Image000041.jpg,17,18,50_SIGN,310,533,327,551
1277108477Image000041.jpg,26,27,PASS_RIGHT_SIDE,197,513,223,540
1277108477Image000041.jpg,10,10,PEDESTRIAN_CROSSING,221,558,231,568
1277108477Image000041.jpg,92,91,PEDESTRIAN_CROSSING,765,297,857,388
1277108477Image000041.jpg,62,101,PASS_RIGHT_SIDE,1,370,63,471
1277108477Image000041.jpg,24,25,PEDESTRIAN_CROSSING,612,488,636,513
1277108477Image000041.jpg,19,18,PRIORITY_ROAD,400,538,419,556
1277108477Image000041.jpg,17,18,50_SIGN,310,533,327,551
1277108477Image000041.jpg,26,27,PASS_RIGHT_SIDE,197,513,223,540
1277108477Image000041.jpg,10,10,PEDESTRIAN_CROSSING,221,558,231,568
1277108477Image000041.jpg,92,91,PEDESTRIAN_CROSSING,765,297,857,388
1277108477Image000041.jpg,62,101,PASS_RIGHT_SIDE,1,370,63,471
1277108477Image000041.jpg,24,25,PEDESTRIAN_CROSSING,612,488,636,513
1277108477Image000041.jpg,19,18,PRIORITY_ROAD,400,538,419,556
1277108477Image000041.jpg,17,18,50_SIGN,310,533,327,551
1277108477Image000041.jpg,26,27,PASS_RIGHT_SIDE,197,513,223,540
1277108477Image000041.jpg,10,10,PEDESTRIAN_CROSSING,221,558,231,568
1277108477Image000041.jpg,92,91,PEDESTRIAN_CROSSING,765,297,857,388
1277108477Image000041.jpg,62,101,PASS_RIGHT_SIDE,1,370,63,471
1277108477Image000041.jpg,24,25,PEDESTRIAN_CROSSING,612,488,636,513
1277108477Image000041.jpg,19,18,PRIORITY_ROAD,400,538,419,556
1277108477Image000041.jpg,17,18,50_SIGN,310,533,327,551
1277108477Image000041.jpg,26,27,PASS_RIGHT_SIDE,197,513,223,540
1277108477Image000041.jpg,10,10,PEDESTRIAN_CROSSING,221,558,231,568
1277108477Image000041.jpg,92,91,PEDESTRIAN_CROSSING,765,297,857,388
1277108477Image000041.jpg,62,101,PASS_RIGHT_SIDE,1,370,63,471
1277108477Image000041.jpg,24,25,PEDESTRIAN_CROSSING,612,488,636,513
1277108477Image000041.jpg,19,18,PRIORITY_ROAD,400,538,419,556
1277108477Image000041.jpg,17,18,50_SIGN,310,533,327,551
1277108477Image000041.jpg,26,27,PASS_RIGHT_SIDE,197,513,223,540
1277108477Image000041.jpg,10,10,PEDESTRIAN_CROSSING,221,558,231,568
1277108477Image000041.jpg,92,91,PEDESTRIAN_CROSSING,765,297,857,388
1277108477Image000041.jpg,62,101,PASS_RIGHT_SIDE,1,370,63,471
1277108477Image000041.jpg,24,25,PEDESTRIAN_CROSSING,612,488,636,513
1277108477Image000041.jpg,19,18,PRIORITY_ROAD,400,538,419,556
1277108477Image000041.jpg,17,18,50_SIGN,310,533,327,551
1277108477Image000041.jpg,26,27,PASS_RIGHT_SIDE,197,513,223,540
1277108477Image000041.jpg,10,10,PEDESTRIAN_CROSSING,221,558,231,568
1277108477Image000041.jpg,92,91,PEDESTRIAN_CROSSING,765,297,857,388
1277108477Image000041.jpg,62,101,PASS_RIGHT_SIDE,1,370,63,471
1277108477Image000041.jpg,24,25,PEDESTRIAN_CROSSING,612,488,636,513
1277108477Image000041.jpg,19,18,PRIORITY_ROAD,400,538,419,556
1277108477Image000041.jpg,17,18,50_SIGN,310,533,327,551
1277108477Image000041.jpg,26,27,PASS_RIGHT_SIDE,197,513,223,540
1277108477Image000041.jpg,10,10,PEDESTRIAN_CROSSING,221,558,231,568
1277108477Image000046.jpg,159,160,PEDESTRIAN_CROSSING,1038,90,1197,250
1277108477Image000046.jpg,28,27,PEDESTRIAN_CROSSING,665,477,693,504
1277108477Image000046.jpg,17,17,PRIORITY_ROAD,431,534,448,551
1277108477Image000046.jpg,19,16,50_SIGN,334,531,353,547
1277108477Image000046.jpg,13,13,PEDESTRIAN_CROSSING,324,549,337,562
1277108477Image000046.jpg,30,32,PASS_RIGHT_SIDE,198,504,228,536
1277108477Image000046.jpg,9,10,PEDESTRIAN_CROSSING,247,555,256,565
1277108477Image000046.jpg,159,160,PEDESTRIAN_CROSSING,1038,90,1197,250
1277108477Image000046.jpg,28,27,PEDESTRIAN_CROSSING,665,477,693,504
1277108477Image000046.jpg,17,17,PRIORITY_ROAD,431,534,448,551
1277108477Image000046.jpg,19,16,50_SIGN,334,531,353,547
1277108477Image000046.jpg,13,13,PEDESTRIAN_CROSSING,324,549,337,562
1277108477Image000046.jpg,30,32,PASS_RIGHT_SIDE,198,504,228,536
1277108477Image000046.jpg,9,10,PEDESTRIAN_CROSSING,247,555,256,565
1277108477Image000046.jpg,159,160,PEDESTRIAN_CROSSING,1038,90,1197,250
1277108477Image000046.jpg,28,27,PEDESTRIAN_CROSSING,665,477,693,504
1277108477Image000046.jpg,17,17,PRIORITY_ROAD,431,534,448,551
1277108477Image000046.jpg,19,16,50_SIGN,334,531,353,547
1277108477Image000046.jpg,13,13,PEDESTRIAN_CROSSING,324,549,337,562
1277108477Image000046.jpg,30,32,PASS_RIGHT_SIDE,198,504,228,536
1277108477Image000046.jpg,9,10,PEDESTRIAN_CROSSING,247,555,256,565
1277108477Image000046.jpg,159,160,PEDESTRIAN_CROSSING,1038,90,1197,250
1277108477Image000046.jpg,28,27,PEDESTRIAN_CROSSING,665,477,693,504
1277108477Image000046.jpg,17,17,PRIORITY_ROAD,431,534,448,551
1277108477Image000046.jpg,19,16,50_SIGN,334,531,353,547
1277108477Image000046.jpg,13,13,PEDESTRIAN_CROSSING,324,549,337,562
1277108477Image000046.jpg,30,32,PASS_RIGHT_SIDE,198,504,228,536
1277108477Image000046.jpg,9,10,PEDESTRIAN_CROSSING,247,555,256,565
1277108477Image000046.jpg,159,160,PEDESTRIAN_CROSSING,1038,90,1197,250
1277108477Image000046.jpg,28,27,PEDESTRIAN_CROSSING,665,477,693,504
1277108477Image000046.jpg,17,17,PRIORITY_ROAD,431,534,448,551
1277108477Image000046.jpg,19,16,50_SIGN,334,531,353,547
1277108477Image000046.jpg,13,13,PEDESTRIAN_CROSSING,324,549,337,562
1277108477Image000046.jpg,30,32,PASS_RIGHT_SIDE,198,504,228,536
1277108477Image000046.jpg,9,10,PEDESTRIAN_CROSSING,247,555,256,565
1277108477Image000046.jpg,159,160,PEDESTRIAN_CROSSING,1038,90,1197,250
1277108477Image000046.jpg,28,27,PEDESTRIAN_CROSSING,665,477,693,504
1277108477Image000046.jpg,17,17,PRIORITY_ROAD,431,534,448,551
1277108477Image000046.jpg,19,16,50_SIGN,334,531,353,547
1277108477Image000046.jpg,13,13,PEDESTRIAN_CROSSING,324,549,337,562
1277108477Image000046.jpg,30,32,PASS_RIGHT_SIDE,198,504,228,536
1277108477Image000046.jpg,9,10,PEDESTRIAN_CROSSING,247,555,256,565
1277108477Image000046.jpg,159,160,PEDESTRIAN_CROSSING,1038,90,1197,250
1277108477Image000046.jpg,28,27,PEDESTRIAN_CROSSING,665,477,693,504
1277108477Image000046.jpg,17,17,PRIORITY_ROAD,431,534,448,551
1277108477Image000046.jpg,19,16,50_SIGN,334,531,353,547
1277108477Image000046.jpg,13,13,PEDESTRIAN_CROSSING,324,549,337,562
1277108477Image000046.jpg,30,32,PASS_RIGHT_SIDE,198,504,228,536
1277108477Image000046.jpg,9,10,PEDESTRIAN_CROSSING,247,555,256,565
1277108477Image000053.jpg,31,31,PEDESTRIAN_CROSSING,711,468,742,499
1277108477Image000053.jpg,34,34,PASS_RIGHT_SIDE,190,498,224,532
1277108477Image000053.jpg,23,22,PRIORITY_ROAD,447,531,470,553
1277108477Image000053.jpg,19,18,50_SIGN,349,531,368,549
1277108477Image000053.jpg,15,14,PEDESTRIAN_CROSSING,340,552,355,566
1277108477Image000053.jpg,11,9,PEDESTRIAN_CROSSING,263,559,274,568
1277108477Image000053.jpg,31,31,PEDESTRIAN_CROSSING,711,468,742,499
1277108477Image000053.jpg,34,34,PASS_RIGHT_SIDE,190,498,224,532
1277108477Image000053.jpg,23,22,PRIORITY_ROAD,447,531,470,553
1277108477Image000053.jpg,19,18,50_SIGN,349,531,368,549
1277108477Image000053.jpg,15,14,PEDESTRIAN_CROSSING,340,552,355,566
1277108477Image000053.jpg,11,9,PEDESTRIAN_CROSSING,263,559,274,568
1277108477Image000053.jpg,31,31,PEDESTRIAN_CROSSING,711,468,742,499
1277108477Image000053.jpg,34,34,PASS_RIGHT_SIDE,190,498,224,532
1277108477Image000053.jpg,23,22,PRIORITY_ROAD,447,531,470,553
1277108477Image000053.jpg,19,18,50_SIGN,349,531,368,549
1277108477Image000053.jpg,15,14,PEDESTRIAN_CROSSING,340,552,355,566
1277108477Image000053.jpg,11,9,PEDESTRIAN_CROSSING,263,559,274,568
1277108477Image000053.jpg,31,31,PEDESTRIAN_CROSSING,711,468,742,499
1277108477Image000053.jpg,34,34,PASS_RIGHT_SIDE,190,498,224,532
1277108477Image000053.jpg,23,22,PRIORITY_ROAD,447,531,470,553
1277108477Image000053.jpg,19,18,50_SIGN,349,531,368,549
1277108477Image000053.jpg,15,14,PEDESTRIAN_CROSSING,340,552,355,566
1277108477Image000053.jpg,11,9,PEDESTRIAN_CROSSING,263,559,274,568
1277108477Image000053.jpg,31,31,PEDESTRIAN_CROSSING,711,468,742,499
1277108477Image000053.jpg,34,34,PASS_RIGHT_SIDE,190,498,224,532
1277108477Image000053.jpg,23,22,PRIORITY_ROAD,447,531,470,553
1277108477Image000053.jpg,19,18,50_SIGN,349,531,368,549
1277108477Image000053.jpg,15,14,PEDESTRIAN_CROSSING,340,552,355,566
1277108477Image000053.jpg,11,9,PEDESTRIAN_CROSSING,263,559,274,568
1277108477Image000053.jpg,31,31,PEDESTRIAN_CROSSING,711,468,742,499
1277108477Image000053.jpg,34,34,PASS_RIGHT_SIDE,190,498,224,532
1277108477Image000053.jpg,23,22,PRIORITY_ROAD,447,531,470,553
1277108477Image000053.jpg,19,18,50_SIGN,349,531,368,549
1277108477Image000053.jpg,15,14,PEDESTRIAN_CROSSING,340,552,355,566
1277108477Image000053.jpg,11,9,PEDESTRIAN_CROSSING,263,559,274,568
1277108477Image000058.jpg,34,38,PEDESTRIAN_CROSSING,805,440,839,478
1277108477Image000058.jpg,38,40,PASS_RIGHT_SIDE,211,479,249,519
1277108477Image000058.jpg,25,23,PRIORITY_ROAD,506,518,531,541
1277108477Image000058.jpg,20,20,50_SIGN,401,517,421,537
1277108477Image000058.jpg,14,13,PEDESTRIAN_CROSSING,393,543,407,556
1277108477Image000058.jpg,10,10,PRIORITY_ROAD,380,553,390,563
1277108477Image000058.jpg,12,10,PEDESTRIAN_CROSSING,315,549,327,559
1277108477Image000058.jpg,34,38,PEDESTRIAN_CROSSING,805,440,839,478
1277108477Image000058.jpg,38,40,PASS_RIGHT_SIDE,211,479,249,519
1277108477Image000058.jpg,25,23,PRIORITY_ROAD,506,518,531,541
1277108477Image000058.jpg,20,20,50_SIGN,401,517,421,537
1277108477Image000058.jpg,14,13,PEDESTRIAN_CROSSING,393,543,407,556
1277108477Image000058.jpg,10,10,PRIORITY_ROAD,380,553,390,563
1277108477Image000058.jpg,12,10,PEDESTRIAN_CROSSING,315,549,327,559
1277108477Image000058.jpg,34,38,PEDESTRIAN_CROSSING,805,440,839,478
1277108477Image000058.jpg,38,40,PASS_RIGHT_SIDE,211,479,249,519
1277108477Image000058.jpg,25,23,PRIORITY_ROAD,506,518,531,541
1277108477Image000058.jpg,20,20,50_SIGN,401,517,421,537
1277108477Image000058.jpg,14,13,PEDESTRIAN_CROSSING,393,543,407,556
1277108477Image000058.jpg,10,10,PRIORITY_ROAD,380,553,390,563
1277108477Image000058.jpg,12,10,PEDESTRIAN_CROSSING,315,549,327,559
1277108477Image000058.jpg,34,38,PEDESTRIAN_CROSSING,805,440,839,478
1277108477Image000058.jpg,38,40,PASS_RIGHT_SIDE,211,479,249,519
1277108477Image000058.jpg,25,23,PRIORITY_ROAD,506,518,531,541
1277108477Image000058.jpg,20,20,50_SIGN,401,517,421,537
1277108477Image000058.jpg,14,13,PEDESTRIAN_CROSSING,393,543,407,556
1277108477Image000058.jpg,10,10,PRIORITY_ROAD,380,553,390,563
1277108477Image000058.jpg,12,10,PEDESTRIAN_CROSSING,315,549,327,559
1277108477Image000058.jpg,34,38,PEDESTRIAN_CROSSING,805,440,839,478
1277108477Image000058.jpg,38,40,PASS_RIGHT_SIDE,211,479,249,519
1277108477Image000058.jpg,25,23,PRIORITY_ROAD,506,518,531,541
1277108477Image000058.jpg,20,20,50_SIGN,401,517,421,537
1277108477Image000058.jpg,14,13,PEDESTRIAN_CROSSING,393,543,407,556
1277108477Image000058.jpg,10,10,PRIORITY_ROAD,380,553,390,563
1277108477Image000058.jpg,12,10,PEDESTRIAN_CROSSING,315,549,327,559
1277108477Image000058.jpg,34,38,PEDESTRIAN_CROSSING,805,440,839,478
1277108477Image000058.jpg,38,40,PASS_RIGHT_SIDE,211,479,249,519
1277108477Image000058.jpg,25,23,PRIORITY_ROAD,506,518,531,541
1277108477Image000058.jpg,20,20,50_SIGN,401,517,421,537
1277108477Image000058.jpg,14,13,PEDESTRIAN_CROSSING,393,543,407,556
1277108477Image000058.jpg,10,10,PRIORITY_ROAD,380,553,390,563
1277108477Image000058.jpg,12,10,PEDESTRIAN_CROSSING,315,549,327,559
1277108477Image000058.jpg,34,38,PEDESTRIAN_CROSSING,805,440,839,478
1277108477Image000058.jpg,38,40,PASS_RIGHT_SIDE,211,479,249,519
1277108477Image000058.jpg,25,23,PRIORITY_ROAD,506,518,531,541
1277108477Image000058.jpg,20,20,50_SIGN,401,517,421,537
1277108477Image000058.jpg,14,13,PEDESTRIAN_CROSSING,393,543,407,556
1277108477Image000058.jpg,10,10,PRIORITY_ROAD,380,553,390,563
1277108477Image000058.jpg,12,10,PEDESTRIAN_CROSSING,315,549,327,559
1277108477Image000058.jpg,34,38,PEDESTRIAN_CROSSING,805,440,839,478
1277108477Image000058.jpg,38,40,PASS_RIGHT_SIDE,211,479,249,519
1277108477Image000058.jpg,25,23,PRIORITY_ROAD,506,518,531,541
1277108477Image000058.jpg,20,20,50_SIGN,401,517,421,537
1277108477Image000058.jpg,14,13,PEDESTRIAN_CROSSING,393,543,407,556
1277108477Image000058.jpg,10,10,PRIORITY_ROAD,380,553,390,563
1277108477Image000058.jpg,12,10,PEDESTRIAN_CROSSING,315,549,327,559
1277108487Image000003.jpg,88,106,PEDESTRIAN_CROSSING,45,452,133,558
1277108487Image000008.jpg,91,110,PEDESTRIAN_CROSSING,258,440,349,550
1277108487Image000014.jpg,101,124,PEDESTRIAN_CROSSING,608,414,709,538
1277108487Image000014.jpg,96,78,30_SIGN,113,316,209,394
1277108487Image000014.jpg,101,124,PEDESTRIAN_CROSSING,608,414,709,538
1277108487Image000014.jpg,96,78,30_SIGN,113,316,209,394
1277108487Image000019.jpg,139,168,PEDESTRIAN_CROSSING,1078,386,1217,554
1277108487Image000019.jpg,110,107,30_SIGN,429,298,539,405
1277108487Image000019.jpg,26,27,PEDESTRIAN_CROSSING,36,558,62,585
1277108487Image000019.jpg,139,168,PEDESTRIAN_CROSSING,1078,386,1217,554
1277108487Image000019.jpg,110,107,30_SIGN,429,298,539,405
1277108487Image000019.jpg,26,27,PEDESTRIAN_CROSSING,36,558,62,585
1277108487Image000019.jpg,139,168,PEDESTRIAN_CROSSING,1078,386,1217,554
1277108487Image000019.jpg,110,107,30_SIGN,429,298,539,405
1277108487Image000019.jpg,26,27,PEDESTRIAN_CROSSING,36,558,62,585
1277108487Image000019.jpg,139,168,PEDESTRIAN_CROSSING,1078,386,1217,554
1277108487Image000019.jpg,110,107,30_SIGN,429,298,539,405
1277108487Image000019.jpg,26,27,PEDESTRIAN_CROSSING,36,558,62,585
1277108487Image000024.jpg,123,118,30_SIGN,661,268,784,386
1277108487Image000024.jpg,27,27,PEDESTRIAN_CROSSING,226,562,253,589
1277108487Image000024.jpg,123,118,30_SIGN,661,268,784,386
1277108487Image000024.jpg,27,27,PEDESTRIAN_CROSSING,226,562,253,589
1277108487Image000024.jpg,123,118,30_SIGN,661,268,784,386
1277108487Image000024.jpg,27,27,PEDESTRIAN_CROSSING,226,562,253,589
1277108487Image000029.jpg,127,119,30_SIGN,846,221,973,340
1277108487Image000029.jpg,29,28,PEDESTRIAN_CROSSING,352,566,381,594
1277108487Image000029.jpg,127,119,30_SIGN,846,221,973,340
1277108487Image000029.jpg,29,28,PEDESTRIAN_CROSSING,352,566,381,594
1277108487Image000029.jpg,127,119,30_SIGN,846,221,973,340
1277108487Image000029.jpg,29,28,PEDESTRIAN_CROSSING,352,566,381,594
1277108487Image000039.jpg,27,28,PEDESTRIAN_CROSSING,563,561,590,589
1277108487Image000039.jpg,27,28,PEDESTRIAN_CROSSING,563,561,590,589
1277108487Image000044.jpg,35,31,PEDESTRIAN_CROSSING,606,556,641,587
1277108487Image000044.jpg,35,31,PEDESTRIAN_CROSSING,606,556,641,587
1277108487Image000049.jpg,40,36,PEDESTRIAN_CROSSING,607,540,647,576
1277108487Image000049.jpg,40,36,PEDESTRIAN_CROSSING,607,540,647,576
1277108487Image000061.jpg,43,43,PEDESTRIAN_CROSSING,660,534,703,577
1277108487Image000061.jpg,43,43,PEDESTRIAN_CROSSING,660,534,703,577
1277108487Image000068.jpg,53,51,PEDESTRIAN_CROSSING,687,523,740,574
1277108487Image000068.jpg,53,51,PEDESTRIAN_CROSSING,687,523,740,574
1277108504Image000003.jpg,36,33,PEDESTRIAN_CROSSING,778,531,814,564
1277108504Image000003.jpg,14,16,NO_PARKING,646,534,660,550
1277108504Image000003.jpg,36,33,PEDESTRIAN_CROSSING,778,531,814,564
1277108504Image000003.jpg,14,16,NO_PARKING,646,534,660,550
1277108504Image000008.jpg,39,37,PEDESTRIAN_CROSSING,788,525,827,562
1277108504Image000008.jpg,15,16,NO_PARKING,635,531,650,547
1277108504Image000008.jpg,39,37,PEDESTRIAN_CROSSING,788,525,827,562
1277108504Image000008.jpg,15,16,NO_PARKING,635,531,650,547
1277108504Image000015.jpg,42,39,PEDESTRIAN_CROSSING,788,526,830,565
1277108504Image000015.jpg,17,18,NO_PARKING,606,536,623,554
1277108504Image000015.jpg,42,39,PEDESTRIAN_CROSSING,788,526,830,565
1277108504Image000015.jpg,17,18,NO_PARKING,606,536,623,554
1277108504Image000022.jpg,49,51,PEDESTRIAN_CROSSING,790,511,839,562
1277108504Image000022.jpg,16,15,NO_PARKING,574,536,590,551
1277108504Image000022.jpg,49,51,PEDESTRIAN_CROSSING,790,511,839,562
1277108504Image000022.jpg,16,15,NO_PARKING,574,536,590,551
1277108504Image000029.jpg,61,65,PEDESTRIAN_CROSSING,809,479,870,544
1277108504Image000029.jpg,16,18,NO_PARKING,528,516,544,534
1277108504Image000029.jpg,61,65,PEDESTRIAN_CROSSING,809,479,870,544
1277108504Image000029.jpg,16,18,NO_PARKING,528,516,544,534
1277108504Image000043.jpg,114,107,PEDESTRIAN_CROSSING,919,439,1033,546
1277108504Image000043.jpg,18,20,NO_PARKING,422,538,440,558
1277108504Image000043.jpg,114,107,PEDESTRIAN_CROSSING,919,439,1033,546
1277108504Image000043.jpg,18,20,NO_PARKING,422,538,440,558
1277108504Image000043.jpg,114,107,PEDESTRIAN_CROSSING,919,439,1033,546
1277108504Image000043.jpg,18,20,NO_PARKING,422,538,440,558
1277108504Image000048.jpg,146,154,PEDESTRIAN_CROSSING,1111,397,1257,551
1277108504Image000048.jpg,17,22,NO_PARKING,408,540,425,562
1277108504Image000048.jpg,146,154,PEDESTRIAN_CROSSING,1111,397,1257,551
1277108504Image000048.jpg,17,22,NO_PARKING,408,540,425,562
1277108504Image000048.jpg,146,154,PEDESTRIAN_CROSSING,1111,397,1257,551
1277108504Image000048.jpg,17,22,NO_PARKING,408,540,425,562
1277108504Image000053.jpg,21,21,NO_PARKING,408,548,429,569
1277108504Image000053.jpg,19,19,PEDESTRIAN_CROSSING,372,582,391,601
1277108504Image000053.jpg,21,21,NO_PARKING,408,548,429,569
1277108504Image000053.jpg,19,19,PEDESTRIAN_CROSSING,372,582,391,601
1277108504Image000053.jpg,21,21,NO_PARKING,408,548,429,569
1277108504Image000053.jpg,19,19,PEDESTRIAN_CROSSING,372,582,391,601
1277108514Image000001.jpg,48,46,NO_PARKING,727,465,775,511
1277108514Image000001.jpg,36,38,PEDESTRIAN_CROSSING,646,544,682,582
1277108514Image000001.jpg,48,46,NO_PARKING,727,465,775,511
1277108514Image000001.jpg,36,38,PEDESTRIAN_CROSSING,646,544,682,582
1277108514Image000006.jpg,49,47,NO_PARKING,748,449,797,496
1277108514Image000006.jpg,44,41,PEDESTRIAN_CROSSING,660,535,704,576
1277108514Image000006.jpg,49,47,NO_PARKING,748,449,797,496
1277108514Image000006.jpg,44,41,PEDESTRIAN_CROSSING,660,535,704,576
1277108514Image000011.jpg,48,53,NO_PARKING,784,435,832,488
1277108514Image000011.jpg,44,40,PEDESTRIAN_CROSSING,672,530,716,570
1277108514Image000011.jpg,48,53,NO_PARKING,784,435,832,488
1277108514Image000011.jpg,44,40,PEDESTRIAN_CROSSING,672,530,716,570
1277108514Image000011.jpg,48,53,NO_PARKING,784,435,832,488
1277108514Image000011.jpg,44,40,PEDESTRIAN_CROSSING,672,530,716,570
1277108514Image000021.jpg,73,76,NO_PARKING,884,371,957,447
1277108514Image000021.jpg,54,61,PEDESTRIAN_CROSSING,707,508,761,569
1277108514Image000021.jpg,73,76,NO_PARKING,884,371,957,447
1277108514Image000021.jpg,54,61,PEDESTRIAN_CROSSING,707,508,761,569
1277108514Image000029.jpg,97,87,NO_PARKING,1013,303,1110,390
1277108514Image000029.jpg,66,65,PEDESTRIAN_CROSSING,756,494,822,559
1277108514Image000029.jpg,97,87,NO_PARKING,1013,303,1110,390
1277108514Image000029.jpg,66,65,PEDESTRIAN_CROSSING,756,494,822,559
1277108514Image000029.jpg,97,87,NO_PARKING,1013,303,1110,390
1277108514Image000029.jpg,66,65,PEDESTRIAN_CROSSING,756,494,822,559
1277108514Image000034.jpg,116,117,NO_PARKING,1126,252,1242,369
1277108514Image000034.jpg,69,67,PEDESTRIAN_CROSSING,799,493,868,560
1277108514Image000034.jpg,116,117,NO_PARKING,1126,252,1242,369
1277108514Image000034.jpg,69,67,PEDESTRIAN_CROSSING,799,493,868,560
1277108514Image000034.jpg,116,117,NO_PARKING,1126,252,1242,369
1277108514Image000034.jpg,69,67,PEDESTRIAN_CROSSING,799,493,868,560
1277108519Image000008.jpg,22,19,PEDESTRIAN_CROSSING,621,551,643,570
1277108519Image000008.jpg,22,19,PEDESTRIAN_CROSSING,621,551,643,570
1277108519Image000013.jpg,25,19,PEDESTRIAN_CROSSING,592,554,617,573
1277108519Image000013.jpg,25,19,PEDESTRIAN_CROSSING,592,554,617,573
1277108519Image000018.jpg,26,22,PEDESTRIAN_CROSSING,578,566,604,588
1277108519Image000018.jpg,26,22,PEDESTRIAN_CROSSING,578,566,604,588
1277108519Image000023.jpg,30,26,PEDESTRIAN_CROSSING,561,572,591,598
1277108519Image000023.jpg,30,26,PEDESTRIAN_CROSSING,561,572,591,598
1277108541Image000003.jpg,44,33,PEDESTRIAN_CROSSING,707,533,751,566
1277108541Image000003.jpg,15,16,NO_PARKING,550,540,565,556
1277108541Image000003.jpg,44,33,PEDESTRIAN_CROSSING,707,533,751,566
1277108541Image000003.jpg,15,16,NO_PARKING,550,540,565,556
1277108541Image000013.jpg,72,71,PEDESTRIAN_CROSSING,843,491,915,562
1277108541Image000013.jpg,18,17,NO_PARKING,552,524,570,541
1277108541Image000013.jpg,72,71,PEDESTRIAN_CROSSING,843,491,915,562
1277108541Image000013.jpg,18,17,NO_PARKING,552,524,570,541
1277108541Image000013.jpg,72,71,PEDESTRIAN_CROSSING,843,491,915,562
1277108541Image000013.jpg,18,17,NO_PARKING,552,524,570,541
1277108541Image000018.jpg,85,86,PEDESTRIAN_CROSSING,936,473,1021,559
1277108541Image000018.jpg,18,19,NO_PARKING,549,522,567,541
1277108541Image000018.jpg,85,86,PEDESTRIAN_CROSSING,936,473,1021,559
1277108541Image000018.jpg,18,19,NO_PARKING,549,522,567,541
1277108541Image000018.jpg,85,86,PEDESTRIAN_CROSSING,936,473,1021,559
1277108541Image000018.jpg,18,19,NO_PARKING,549,522,567,541
1277108547Image000006.jpg,27,29,NO_PARKING,636,496,663,525
1277108547Image000011.jpg,31,33,NO_PARKING,652,489,683,522
1277108547Image000016.jpg,34,37,NO_PARKING,668,475,702,512
1277108549Image000002.jpg,49,51,NO_PARKING,744,432,793,483
1277108549Image000002.jpg,19,22,PEDESTRIAN_CROSSING,947,542,966,564
1277108549Image000002.jpg,49,51,NO_PARKING,744,432,793,483
1277108549Image000002.jpg,19,22,PEDESTRIAN_CROSSING,947,542,966,564
1277108549Image000007.jpg,58,60,NO_PARKING,809,393,867,453
1277108549Image000007.jpg,21,26,PEDESTRIAN_CROSSING,991,534,1012,560
1277108549Image000007.jpg,58,60,NO_PARKING,809,393,867,453
1277108549Image000007.jpg,21,26,PEDESTRIAN_CROSSING,991,534,1012,560
1277108549Image000012.jpg,89,92,NO_PARKING,984,320,1073,412
1277108549Image000012.jpg,25,27,PEDESTRIAN_CROSSING,1075,549,1100,576
1277108549Image000012.jpg,89,92,NO_PARKING,984,320,1073,412
1277108549Image000012.jpg,25,27,PEDESTRIAN_CROSSING,1075,549,1100,576
1277108560Image000001.jpg,43,46,GIVE_WAY,1072,490,1115,536
1277108560Image000001.jpg,38,43,PEDESTRIAN_CROSSING,1019,469,1057,512
1277108560Image000001.jpg,41,42,PASS_RIGHT_SIDE,618,519,659,561
1277108560Image000001.jpg,18,22,PEDESTRIAN_CROSSING,211,537,229,559
1277108560Image000001.jpg,15,43,PEDESTRIAN_CROSSING,135,454,150,497
1277108560Image000001.jpg,22,29,PEDESTRIAN_CROSSING,145,509,167,538
1277108560Image000001.jpg,43,46,GIVE_WAY,1072,490,1115,536
1277108560Image000001.jpg,38,43,PEDESTRIAN_CROSSING,1019,469,1057,512
1277108560Image000001.jpg,41,42,PASS_RIGHT_SIDE,618,519,659,561
1277108560Image000001.jpg,18,22,PEDESTRIAN_CROSSING,211,537,229,559
1277108560Image000001.jpg,15,43,PEDESTRIAN_CROSSING,135,454,150,497
1277108560Image000001.jpg,22,29,PEDESTRIAN_CROSSING,145,509,167,538
1277108560Image000001.jpg,43,46,GIVE_WAY,1072,490,1115,536
1277108560Image000001.jpg,38,43,PEDESTRIAN_CROSSING,1019,469,1057,512
1277108560Image000001.jpg,41,42,PASS_RIGHT_SIDE,618,519,659,561
1277108560Image000001.jpg,18,22,PEDESTRIAN_CROSSING,211,537,229,559
1277108560Image000001.jpg,15,43,PEDESTRIAN_CROSSING,135,454,150,497
1277108560Image000001.jpg,22,29,PEDESTRIAN_CROSSING,145,509,167,538
1277108560Image000001.jpg,43,46,GIVE_WAY,1072,490,1115,536
1277108560Image000001.jpg,38,43,PEDESTRIAN_CROSSING,1019,469,1057,512
1277108560Image000001.jpg,41,42,PASS_RIGHT_SIDE,618,519,659,561
1277108560Image000001.jpg,18,22,PEDESTRIAN_CROSSING,211,537,229,559
1277108560Image000001.jpg,15,43,PEDESTRIAN_CROSSING,135,454,150,497
1277108560Image000001.jpg,22,29,PEDESTRIAN_CROSSING,145,509,167,538
1277108560Image000001.jpg,43,46,GIVE_WAY,1072,490,1115,536
1277108560Image000001.jpg,38,43,PEDESTRIAN_CROSSING,1019,469,1057,512
1277108560Image000001.jpg,41,42,PASS_RIGHT_SIDE,618,519,659,561
1277108560Image000001.jpg,18,22,PEDESTRIAN_CROSSING,211,537,229,559
1277108560Image000001.jpg,15,43,PEDESTRIAN_CROSSING,135,454,150,497
1277108560Image000001.jpg,22,29,PEDESTRIAN_CROSSING,145,509,167,538
1277108560Image000001.jpg,43,46,GIVE_WAY,1072,490,1115,536
1277108560Image000001.jpg,38,43,PEDESTRIAN_CROSSING,1019,469,1057,512
1277108560Image000001.jpg,41,42,PASS_RIGHT_SIDE,618,519,659,561
1277108560Image000001.jpg,18,22,PEDESTRIAN_CROSSING,211,537,229,559
1277108560Image000001.jpg,15,43,PEDESTRIAN_CROSSING,135,454,150,497
1277108560Image000001.jpg,22,29,PEDESTRIAN_CROSSING,145,509,167,538
1277108560Image000006.jpg,53,50,GIVE_WAY,1155,475,1208,525
1277108560Image000006.jpg,43,51,PEDESTRIAN_CROSSING,1112,445,1155,496
1277108560Image000006.jpg,49,48,PASS_RIGHT_SIDE,632,504,681,552
1277108560Image000006.jpg,22,54,PEDESTRIAN_CROSSING,50,419,72,473
1277108560Image000006.jpg,20,31,PEDESTRIAN_CROSSING,96,496,116,527
1277108560Image000006.jpg,20,25,PEDESTRIAN_CROSSING,173,526,193,551
1277108560Image000006.jpg,53,50,GIVE_WAY,1155,475,1208,525
1277108560Image000006.jpg,43,51,PEDESTRIAN_CROSSING,1112,445,1155,496
1277108560Image000006.jpg,49,48,PASS_RIGHT_SIDE,632,504,681,552
1277108560Image000006.jpg,22,54,PEDESTRIAN_CROSSING,50,419,72,473
1277108560Image000006.jpg,20,31,PEDESTRIAN_CROSSING,96,496,116,527
1277108560Image000006.jpg,20,25,PEDESTRIAN_CROSSING,173,526,193,551
1277108560Image000006.jpg,53,50,GIVE_WAY,1155,475,1208,525
1277108560Image000006.jpg,43,51,PEDESTRIAN_CROSSING,1112,445,1155,496
1277108560Image000006.jpg,49,48,PASS_RIGHT_SIDE,632,504,681,552
1277108560Image000006.jpg,22,54,PEDESTRIAN_CROSSING,50,419,72,473
1277108560Image000006.jpg,20,31,PEDESTRIAN_CROSSING,96,496,116,527
1277108560Image000006.jpg,20,25,PEDESTRIAN_CROSSING,173,526,193,551
1277108560Image000006.jpg,53,50,GIVE_WAY,1155,475,1208,525
1277108560Image000006.jpg,43,51,PEDESTRIAN_CROSSING,1112,445,1155,496
1277108560Image000006.jpg,49,48,PASS_RIGHT_SIDE,632,504,681,552
1277108560Image000006.jpg,22,54,PEDESTRIAN_CROSSING,50,419,72,473
1277108560Image000006.jpg,20,31,PEDESTRIAN_CROSSING,96,496,116,527
1277108560Image000006.jpg,20,25,PEDESTRIAN_CROSSING,173,526,193,551
1277108560Image000006.jpg,53,50,GIVE_WAY,1155,475,1208,525
1277108560Image000006.jpg,43,51,PEDESTRIAN_CROSSING,1112,445,1155,496
1277108560Image000006.jpg,49,48,PASS_RIGHT_SIDE,632,504,681,552
1277108560Image000006.jpg,22,54,PEDESTRIAN_CROSSING,50,419,72,473
1277108560Image000006.jpg,20,31,PEDESTRIAN_CROSSING,96,496,116,527
1277108560Image000006.jpg,20,25,PEDESTRIAN_CROSSING,173,526,193,551
1277108560Image000006.jpg,53,50,GIVE_WAY,1155,475,1208,525
1277108560Image000006.jpg,43,51,PEDESTRIAN_CROSSING,1112,445,1155,496
1277108560Image000006.jpg,49,48,PASS_RIGHT_SIDE,632,504,681,552
1277108560Image000006.jpg,22,54,PEDESTRIAN_CROSSING,50,419,72,473
1277108560Image000006.jpg,20,31,PEDESTRIAN_CROSSING,96,496,116,527
1277108560Image000006.jpg,20,25,PEDESTRIAN_CROSSING,173,526,193,551
1277108560Image000011.jpg,79,86,PEDESTRIAN_CROSSING,1151,333,1230,419
1277108560Image000011.jpg,97,90,PASS_RIGHT_SIDE,314,422,411,512
1277108560Image000011.jpg,88,82,GIVE_WAY,1144,400,1232,482
1277108560Image000011.jpg,79,86,PEDESTRIAN_CROSSING,1151,333,1230,419
1277108560Image000011.jpg,97,90,PASS_RIGHT_SIDE,314,422,411,512
1277108560Image000011.jpg,88,82,GIVE_WAY,1144,400,1232,482
1277108560Image000011.jpg,79,86,PEDESTRIAN_CROSSING,1151,333,1230,419
1277108560Image000011.jpg,97,90,PASS_RIGHT_SIDE,314,422,411,512
1277108560Image000011.jpg,88,82,GIVE_WAY,1144,400,1232,482
1277108560Image000016.jpg,77,123,GIVE_WAY,1200,302,1277,425
1277108574Image000002.jpg,33,33,PEDESTRIAN_CROSSING,633,483,666,516
1277108574Image000002.jpg,26,27,PEDESTRIAN_CROSSING,178,513,204,540
1277108574Image000002.jpg,33,33,PEDESTRIAN_CROSSING,633,483,666,516
1277108574Image000002.jpg,26,27,PEDESTRIAN_CROSSING,178,513,204,540
1277108574Image000002.jpg,33,33,PEDESTRIAN_CROSSING,633,483,666,516
1277108574Image000002.jpg,26,27,PEDESTRIAN_CROSSING,178,513,204,540
1277108574Image000007.jpg,37,37,PEDESTRIAN_CROSSING,633,478,670,515
1277108574Image000007.jpg,26,26,PEDESTRIAN_CROSSING,158,513,184,539
1277108574Image000007.jpg,37,37,PEDESTRIAN_CROSSING,633,478,670,515
1277108574Image000007.jpg,26,26,PEDESTRIAN_CROSSING,158,513,184,539
1277108574Image000007.jpg,37,37,PEDESTRIAN_CROSSING,633,478,670,515
1277108574Image000007.jpg,26,26,PEDESTRIAN_CROSSING,158,513,184,539
1277108574Image000014.jpg,41,39,PEDESTRIAN_CROSSING,632,467,673,506
1277108574Image000014.jpg,29,28,PEDESTRIAN_CROSSING,117,509,146,537
1277108574Image000014.jpg,41,39,PEDESTRIAN_CROSSING,632,467,673,506
1277108574Image000014.jpg,29,28,PEDESTRIAN_CROSSING,117,509,146,537
1277108574Image000014.jpg,41,39,PEDESTRIAN_CROSSING,632,467,673,506
1277108574Image000014.jpg,29,28,PEDESTRIAN_CROSSING,117,509,146,537
1277108574Image000019.jpg,51,47,PEDESTRIAN_CROSSING,637,446,688,493
1277108574Image000019.jpg,30,30,PEDESTRIAN_CROSSING,70,498,100,528
1277108574Image000019.jpg,51,47,PEDESTRIAN_CROSSING,637,446,688,493
1277108574Image000019.jpg,30,30,PEDESTRIAN_CROSSING,70,498,100,528
1277108574Image000019.jpg,51,47,PEDESTRIAN_CROSSING,637,446,688,493
1277108574Image000019.jpg,30,30,PEDESTRIAN_CROSSING,70,498,100,528
1277108574Image000031.jpg,77,71,PEDESTRIAN_CROSSING,729,375,806,446
1277108574Image000031.jpg,77,71,PEDESTRIAN_CROSSING,729,375,806,446
1277108574Image000037.jpg,102,95,PEDESTRIAN_CROSSING,819,308,921,403
1277108574Image000037.jpg,102,95,PEDESTRIAN_CROSSING,819,308,921,403
1277108584Image000001.jpg,64,62,PRIORITY_ROAD,900,424,964,486
1277108584Image000006.jpg,77,78,PRIORITY_ROAD,1022,395,1099,473
1277108598Image000003.jpg,83,85,50_SIGN,889,281,972,366
1277108598Image000003.jpg,19,18,PRIORITY_ROAD,589,501,608,519
1277108598Image000003.jpg,83,85,50_SIGN,889,281,972,366
1277108598Image000003.jpg,19,18,PRIORITY_ROAD,589,501,608,519
1277108598Image000008.jpg,102,106,50_SIGN,977,289,1079,395
1277108598Image000008.jpg,19,17,PRIORITY_ROAD,593,569,612,586
1277108598Image000008.jpg,102,106,50_SIGN,977,289,1079,395
1277108598Image000008.jpg,19,17,PRIORITY_ROAD,593,569,612,586
1277108598Image000015.jpg,21,20,PRIORITY_ROAD,603,554,624,574
1277108598Image000022.jpg,27,34,PRIORITY_ROAD,621,549,648,583
1277108603Image000005.jpg,56,62,PRIORITY_ROAD,856,449,912,511
1277108603Image000005.jpg,11,9,PEDESTRIAN_CROSSING,366,555,377,564
1277108603Image000005.jpg,56,62,PRIORITY_ROAD,856,449,912,511
1277108603Image000005.jpg,11,9,PEDESTRIAN_CROSSING,366,555,377,564
1277108603Image000012.jpg,92,90,PRIORITY_ROAD,1134,348,1226,438
1277108603Image000012.jpg,12,12,PEDESTRIAN_CROSSING,343,539,355,551
1277108603Image000012.jpg,92,90,PRIORITY_ROAD,1134,348,1226,438
1277108603Image000012.jpg,12,12,PEDESTRIAN_CROSSING,343,539,355,551
1277108613Image000001.jpg,23,20,PEDESTRIAN_CROSSING,584,493,607,513
1277108613Image000001.jpg,24,24,GIVE_WAY,584,512,608,536
1277108613Image000001.jpg,17,15,PEDESTRIAN_CROSSING,561,527,578,542
1277108613Image000001.jpg,12,11,PEDESTRIAN_CROSSING,422,524,434,535
1277108613Image000001.jpg,10,11,OTHER,422,535,432,546
1277108613Image000001.jpg,19,19,PEDESTRIAN_CROSSING,247,514,266,533
1277108613Image000001.jpg,15,16,PEDESTRIAN_CROSSING,304,517,319,533
1277108613Image000001.jpg,23,20,PEDESTRIAN_CROSSING,584,493,607,513
1277108613Image000001.jpg,24,24,GIVE_WAY,584,512,608,536
1277108613Image000001.jpg,17,15,PEDESTRIAN_CROSSING,561,527,578,542
1277108613Image000001.jpg,12,11,PEDESTRIAN_CROSSING,422,524,434,535
1277108613Image000001.jpg,10,11,OTHER,422,535,432,546
1277108613Image000001.jpg,19,19,PEDESTRIAN_CROSSING,247,514,266,533
1277108613Image000001.jpg,15,16,PEDESTRIAN_CROSSING,304,517,319,533
1277108613Image000001.jpg,23,20,PEDESTRIAN_CROSSING,584,493,607,513
1277108613Image000001.jpg,24,24,GIVE_WAY,584,512,608,536
1277108613Image000001.jpg,17,15,PEDESTRIAN_CROSSING,561,527,578,542
1277108613Image000001.jpg,12,11,PEDESTRIAN_CROSSING,422,524,434,535
1277108613Image000001.jpg,10,11,OTHER,422,535,432,546
1277108613Image000001.jpg,19,19,PEDESTRIAN_CROSSING,247,514,266,533
1277108613Image000001.jpg,15,16,PEDESTRIAN_CROSSING,304,517,319,533
1277108613Image000001.jpg,23,20,PEDESTRIAN_CROSSING,584,493,607,513
1277108613Image000001.jpg,24,24,GIVE_WAY,584,512,608,536
1277108613Image000001.jpg,17,15,PEDESTRIAN_CROSSING,561,527,578,542
1277108613Image000001.jpg,12,11,PEDESTRIAN_CROSSING,422,524,434,535
1277108613Image000001.jpg,10,11,OTHER,422,535,432,546
1277108613Image000001.jpg,19,19,PEDESTRIAN_CROSSING,247,514,266,533
1277108613Image000001.jpg,15,16,PEDESTRIAN_CROSSING,304,517,319,533
1277108613Image000001.jpg,23,20,PEDESTRIAN_CROSSING,584,493,607,513
1277108613Image000001.jpg,24,24,GIVE_WAY,584,512,608,536
1277108613Image000001.jpg,17,15,PEDESTRIAN_CROSSING,561,527,578,542
1277108613Image000001.jpg,12,11,PEDESTRIAN_CROSSING,422,524,434,535
1277108613Image000001.jpg,10,11,OTHER,422,535,432,546
1277108613Image000001.jpg,19,19,PEDESTRIAN_CROSSING,247,514,266,533
1277108613Image000001.jpg,15,16,PEDESTRIAN_CROSSING,304,517,319,533
1277108613Image000001.jpg,23,20,PEDESTRIAN_CROSSING,584,493,607,513
1277108613Image000001.jpg,24,24,GIVE_WAY,584,512,608,536
1277108613Image000001.jpg,17,15,PEDESTRIAN_CROSSING,561,527,578,542
1277108613Image000001.jpg,12,11,PEDESTRIAN_CROSSING,422,524,434,535
1277108613Image000001.jpg,10,11,OTHER,422,535,432,546
1277108613Image000001.jpg,19,19,PEDESTRIAN_CROSSING,247,514,266,533
1277108613Image000001.jpg,15,16,PEDESTRIAN_CROSSING,304,517,319,533
1277108613Image000001.jpg,23,20,PEDESTRIAN_CROSSING,584,493,607,513
1277108613Image000001.jpg,24,24,GIVE_WAY,584,512,608,536
1277108613Image000001.jpg,17,15,PEDESTRIAN_CROSSING,561,527,578,542
1277108613Image000001.jpg,12,11,PEDESTRIAN_CROSSING,422,524,434,535
1277108613Image000001.jpg,10,11,OTHER,422,535,432,546
1277108613Image000001.jpg,19,19,PEDESTRIAN_CROSSING,247,514,266,533
1277108613Image000001.jpg,15,16,PEDESTRIAN_CROSSING,304,517,319,533
1277108613Image000001.jpg,23,20,PEDESTRIAN_CROSSING,584,493,607,513
1277108613Image000001.jpg,24,24,GIVE_WAY,584,512,608,536
1277108613Image000001.jpg,17,15,PEDESTRIAN_CROSSING,561,527,578,542
1277108613Image000001.jpg,12,11,PEDESTRIAN_CROSSING,422,524,434,535
1277108613Image000001.jpg,10,11,OTHER,422,535,432,546
1277108613Image000001.jpg,19,19,PEDESTRIAN_CROSSING,247,514,266,533
1277108613Image000001.jpg,15,16,PEDESTRIAN_CROSSING,304,517,319,533
1277108613Image000006.jpg,23,22,PEDESTRIAN_CROSSING,594,487,617,509
1277108613Image000006.jpg,28,25,GIVE_WAY,591,508,619,533
1277108613Image000006.jpg,15,15,PEDESTRIAN_CROSSING,567,525,582,540
1277108613Image000006.jpg,11,10,PEDESTRIAN_CROSSING,422,525,433,535
1277108613Image000006.jpg,9,11,OTHER,422,536,431,547
1277108613Image000006.jpg,21,24,PEDESTRIAN_CROSSING,231,511,252,535
1277108613Image000006.jpg,14,17,PEDESTRIAN_CROSSING,297,517,311,534
1277108613Image000006.jpg,23,22,PEDESTRIAN_CROSSING,594,487,617,509
1277108613Image000006.jpg,28,25,GIVE_WAY,591,508,619,533
1277108613Image000006.jpg,15,15,PEDESTRIAN_CROSSING,567,525,582,540
1277108613Image000006.jpg,11,10,PEDESTRIAN_CROSSING,422,525,433,535
1277108613Image000006.jpg,9,11,OTHER,422,536,431,547
1277108613Image000006.jpg,21,24,PEDESTRIAN_CROSSING,231,511,252,535
1277108613Image000006.jpg,14,17,PEDESTRIAN_CROSSING,297,517,311,534
1277108613Image000006.jpg,23,22,PEDESTRIAN_CROSSING,594,487,617,509
1277108613Image000006.jpg,28,25,GIVE_WAY,591,508,619,533
1277108613Image000006.jpg,15,15,PEDESTRIAN_CROSSING,567,525,582,540
1277108613Image000006.jpg,11,10,PEDESTRIAN_CROSSING,422,525,433,535
1277108613Image000006.jpg,9,11,OTHER,422,536,431,547
1277108613Image000006.jpg,21,24,PEDESTRIAN_CROSSING,231,511,252,535
1277108613Image000006.jpg,14,17,PEDESTRIAN_CROSSING,297,517,311,534
1277108613Image000006.jpg,23,22,PEDESTRIAN_CROSSING,594,487,617,509
1277108613Image000006.jpg,28,25,GIVE_WAY,591,508,619,533
1277108613Image000006.jpg,15,15,PEDESTRIAN_CROSSING,567,525,582,540
1277108613Image000006.jpg,11,10,PEDESTRIAN_CROSSING,422,525,433,535
1277108613Image000006.jpg,9,11,OTHER,422,536,431,547
1277108613Image000006.jpg,21,24,PEDESTRIAN_CROSSING,231,511,252,535
1277108613Image000006.jpg,14,17,PEDESTRIAN_CROSSING,297,517,311,534
1277108613Image000006.jpg,23,22,PEDESTRIAN_CROSSING,594,487,617,509
1277108613Image000006.jpg,28,25,GIVE_WAY,591,508,619,533
1277108613Image000006.jpg,15,15,PEDESTRIAN_CROSSING,567,525,582,540
1277108613Image000006.jpg,11,10,PEDESTRIAN_CROSSING,422,525,433,535
1277108613Image000006.jpg,9,11,OTHER,422,536,431,547
1277108613Image000006.jpg,21,24,PEDESTRIAN_CROSSING,231,511,252,535
1277108613Image000006.jpg,14,17,PEDESTRIAN_CROSSING,297,517,311,534
1277108613Image000006.jpg,23,22,PEDESTRIAN_CROSSING,594,487,617,509
1277108613Image000006.jpg,28,25,GIVE_WAY,591,508,619,533
1277108613Image000006.jpg,15,15,PEDESTRIAN_CROSSING,567,525,582,540
1277108613Image000006.jpg,11,10,PEDESTRIAN_CROSSING,422,525,433,535
1277108613Image000006.jpg,9,11,OTHER,422,536,431,547
1277108613Image000006.jpg,21,24,PEDESTRIAN_CROSSING,231,511,252,535
1277108613Image000006.jpg,14,17,PEDESTRIAN_CROSSING,297,517,311,534
1277108613Image000006.jpg,23,22,PEDESTRIAN_CROSSING,594,487,617,509
1277108613Image000006.jpg,28,25,GIVE_WAY,591,508,619,533
1277108613Image000006.jpg,15,15,PEDESTRIAN_CROSSING,567,525,582,540
1277108613Image000006.jpg,11,10,PEDESTRIAN_CROSSING,422,525,433,535
1277108613Image000006.jpg,9,11,OTHER,422,536,431,547
1277108613Image000006.jpg,21,24,PEDESTRIAN_CROSSING,231,511,252,535
1277108613Image000006.jpg,14,17,PEDESTRIAN_CROSSING,297,517,311,534
1277108613Image000006.jpg,23,22,PEDESTRIAN_CROSSING,594,487,617,509
1277108613Image000006.jpg,28,25,GIVE_WAY,591,508,619,533
1277108613Image000006.jpg,15,15,PEDESTRIAN_CROSSING,567,525,582,540
1277108613Image000006.jpg,11,10,PEDESTRIAN_CROSSING,422,525,433,535
1277108613Image000006.jpg,9,11,OTHER,422,536,431,547
1277108613Image000006.jpg,21,24,PEDESTRIAN_CROSSING,231,511,252,535
1277108613Image000006.jpg,14,17,PEDESTRIAN_CROSSING,297,517,311,534
1277108613Image000011.jpg,26,25,PEDESTRIAN_CROSSING,602,479,628,504
1277108613Image000011.jpg,30,29,GIVE_WAY,600,502,630,531
1277108613Image000011.jpg,18,16,PEDESTRIAN_CROSSING,571,524,589,540
1277108613Image000011.jpg,12,12,PEDESTRIAN_CROSSING,419,523,431,535
1277108613Image000011.jpg,12,14,OTHER,419,534,431,548
1277108613Image000011.jpg,20,19,PEDESTRIAN_CROSSING,214,511,234,530
1277108613Image000011.jpg,16,18,PEDESTRIAN_CROSSING,287,513,303,531
1277108613Image000011.jpg,26,25,PEDESTRIAN_CROSSING,602,479,628,504
1277108613Image000011.jpg,30,29,GIVE_WAY,600,502,630,531
1277108613Image000011.jpg,18,16,PEDESTRIAN_CROSSING,571,524,589,540
1277108613Image000011.jpg,12,12,PEDESTRIAN_CROSSING,419,523,431,535
1277108613Image000011.jpg,12,14,OTHER,419,534,431,548
1277108613Image000011.jpg,20,19,PEDESTRIAN_CROSSING,214,511,234,530
1277108613Image000011.jpg,16,18,PEDESTRIAN_CROSSING,287,513,303,531
1277108613Image000011.jpg,26,25,PEDESTRIAN_CROSSING,602,479,628,504
1277108613Image000011.jpg,30,29,GIVE_WAY,600,502,630,531
1277108613Image000011.jpg,18,16,PEDESTRIAN_CROSSING,571,524,589,540
1277108613Image000011.jpg,12,12,PEDESTRIAN_CROSSING,419,523,431,535
1277108613Image000011.jpg,12,14,OTHER,419,534,431,548
1277108613Image000011.jpg,20,19,PEDESTRIAN_CROSSING,214,511,234,530
1277108613Image000011.jpg,16,18,PEDESTRIAN_CROSSING,287,513,303,531
1277108613Image000011.jpg,26,25,PEDESTRIAN_CROSSING,602,479,628,504
1277108613Image000011.jpg,30,29,GIVE_WAY,600,502,630,531
1277108613Image000011.jpg,18,16,PEDESTRIAN_CROSSING,571,524,589,540
1277108613Image000011.jpg,12,12,PEDESTRIAN_CROSSING,419,523,431,535
1277108613Image000011.jpg,12,14,OTHER,419,534,431,548
1277108613Image000011.jpg,20,19,PEDESTRIAN_CROSSING,214,511,234,530
1277108613Image000011.jpg,16,18,PEDESTRIAN_CROSSING,287,513,303,531
1277108613Image000011.jpg,26,25,PEDESTRIAN_CROSSING,602,479,628,504
1277108613Image000011.jpg,30,29,GIVE_WAY,600,502,630,531
1277108613Image000011.jpg,18,16,PEDESTRIAN_CROSSING,571,524,589,540
1277108613Image000011.jpg,12,12,PEDESTRIAN_CROSSING,419,523,431,535
1277108613Image000011.jpg,12,14,OTHER,419,534,431,548
1277108613Image000011.jpg,20,19,PEDESTRIAN_CROSSING,214,511,234,530
1277108613Image000011.jpg,16,18,PEDESTRIAN_CROSSING,287,513,303,531
1277108613Image000011.jpg,26,25,PEDESTRIAN_CROSSING,602,479,628,504
1277108613Image000011.jpg,30,29,GIVE_WAY,600,502,630,531
1277108613Image000011.jpg,18,16,PEDESTRIAN_CROSSING,571,524,589,540
1277108613Image000011.jpg,12,12,PEDESTRIAN_CROSSING,419,523,431,535
1277108613Image000011.jpg,12,14,OTHER,419,534,431,548
1277108613Image000011.jpg,20,19,PEDESTRIAN_CROSSING,214,511,234,530
1277108613Image000011.jpg,16,18,PEDESTRIAN_CROSSING,287,513,303,531
1277108613Image000011.jpg,26,25,PEDESTRIAN_CROSSING,602,479,628,504
1277108613Image000011.jpg,30,29,GIVE_WAY,600,502,630,531
1277108613Image000011.jpg,18,16,PEDESTRIAN_CROSSING,571,524,589,540
1277108613Image000011.jpg,12,12,PEDESTRIAN_CROSSING,419,523,431,535
1277108613Image000011.jpg,12,14,OTHER,419,534,431,548
1277108613Image000011.jpg,20,19,PEDESTRIAN_CROSSING,214,511,234,530
1277108613Image000011.jpg,16,18,PEDESTRIAN_CROSSING,287,513,303,531
1277108613Image000011.jpg,26,25,PEDESTRIAN_CROSSING,602,479,628,504
1277108613Image000011.jpg,30,29,GIVE_WAY,600,502,630,531
1277108613Image000011.jpg,18,16,PEDESTRIAN_CROSSING,571,524,589,540
1277108613Image000011.jpg,12,12,PEDESTRIAN_CROSSING,419,523,431,535
1277108613Image000011.jpg,12,14,OTHER,419,534,431,548
1277108613Image000011.jpg,20,19,PEDESTRIAN_CROSSING,214,511,234,530
1277108613Image000011.jpg,16,18,PEDESTRIAN_CROSSING,287,513,303,531
1277108613Image000016.jpg,27,27,PEDESTRIAN_CROSSING,617,494,644,521
1277108613Image000016.jpg,33,32,GIVE_WAY,614,520,647,552
1277108613Image000016.jpg,17,19,PEDESTRIAN_CROSSING,581,545,598,564
1277108613Image000016.jpg,12,13,PEDESTRIAN_CROSSING,418,548,430,561
1277108613Image000016.jpg,11,12,OTHER,419,560,430,572
1277108613Image000016.jpg,17,18,PEDESTRIAN_CROSSING,275,539,292,557
1277108613Image000016.jpg,23,25,PEDESTRIAN_CROSSING,189,532,212,557
1277108613Image000016.jpg,27,27,PEDESTRIAN_CROSSING,617,494,644,521
1277108613Image000016.jpg,33,32,GIVE_WAY,614,520,647,552
1277108613Image000016.jpg,17,19,PEDESTRIAN_CROSSING,581,545,598,564
1277108613Image000016.jpg,12,13,PEDESTRIAN_CROSSING,418,548,430,561
1277108613Image000016.jpg,11,12,OTHER,419,560,430,572
1277108613Image000016.jpg,17,18,PEDESTRIAN_CROSSING,275,539,292,557
1277108613Image000016.jpg,23,25,PEDESTRIAN_CROSSING,189,532,212,557
1277108613Image000016.jpg,27,27,PEDESTRIAN_CROSSING,617,494,644,521
1277108613Image000016.jpg,33,32,GIVE_WAY,614,520,647,552
1277108613Image000016.jpg,17,19,PEDESTRIAN_CROSSING,581,545,598,564
1277108613Image000016.jpg,12,13,PEDESTRIAN_CROSSING,418,548,430,561
1277108613Image000016.jpg,11,12,OTHER,419,560,430,572
1277108613Image000016.jpg,17,18,PEDESTRIAN_CROSSING,275,539,292,557
1277108613Image000016.jpg,23,25,PEDESTRIAN_CROSSING,189,532,212,557
1277108613Image000016.jpg,27,27,PEDESTRIAN_CROSSING,617,494,644,521
1277108613Image000016.jpg,33,32,GIVE_WAY,614,520,647,552
1277108613Image000016.jpg,17,19,PEDESTRIAN_CROSSING,581,545,598,564
1277108613Image000016.jpg,12,13,PEDESTRIAN_CROSSING,418,548,430,561
1277108613Image000016.jpg,11,12,OTHER,419,560,430,572
1277108613Image000016.jpg,17,18,PEDESTRIAN_CROSSING,275,539,292,557
1277108613Image000016.jpg,23,25,PEDESTRIAN_CROSSING,189,532,212,557
1277108613Image000016.jpg,27,27,PEDESTRIAN_CROSSING,617,494,644,521
1277108613Image000016.jpg,33,32,GIVE_WAY,614,520,647,552
1277108613Image000016.jpg,17,19,PEDESTRIAN_CROSSING,581,545,598,564
1277108613Image000016.jpg,12,13,PEDESTRIAN_CROSSING,418,548,430,561
1277108613Image000016.jpg,11,12,OTHER,419,560,430,572
1277108613Image000016.jpg,17,18,PEDESTRIAN_CROSSING,275,539,292,557
1277108613Image000016.jpg,23,25,PEDESTRIAN_CROSSING,189,532,212,557
1277108613Image000016.jpg,27,27,PEDESTRIAN_CROSSING,617,494,644,521
1277108613Image000016.jpg,33,32,GIVE_WAY,614,520,647,552
1277108613Image000016.jpg,17,19,PEDESTRIAN_CROSSING,581,545,598,564
1277108613Image000016.jpg,12,13,PEDESTRIAN_CROSSING,418,548,430,561
1277108613Image000016.jpg,11,12,OTHER,419,560,430,572
1277108613Image000016.jpg,17,18,PEDESTRIAN_CROSSING,275,539,292,557
1277108613Image000016.jpg,23,25,PEDESTRIAN_CROSSING,189,532,212,557
1277108613Image000016.jpg,27,27,PEDESTRIAN_CROSSING,617,494,644,521
1277108613Image000016.jpg,33,32,GIVE_WAY,614,520,647,552
1277108613Image000016.jpg,17,19,PEDESTRIAN_CROSSING,581,545,598,564
1277108613Image000016.jpg,12,13,PEDESTRIAN_CROSSING,418,548,430,561
1277108613Image000016.jpg,11,12,OTHER,419,560,430,572
1277108613Image000016.jpg,17,18,PEDESTRIAN_CROSSING,275,539,292,557
1277108613Image000016.jpg,23,25,PEDESTRIAN_CROSSING,189,532,212,557
1277108613Image000016.jpg,27,27,PEDESTRIAN_CROSSING,617,494,644,521
1277108613Image000016.jpg,33,32,GIVE_WAY,614,520,647,552
1277108613Image000016.jpg,17,19,PEDESTRIAN_CROSSING,581,545,598,564
1277108613Image000016.jpg,12,13,PEDESTRIAN_CROSSING,418,548,430,561
1277108613Image000016.jpg,11,12,OTHER,419,560,430,572
1277108613Image000016.jpg,17,18,PEDESTRIAN_CROSSING,275,539,292,557
1277108613Image000016.jpg,23,25,PEDESTRIAN_CROSSING,189,532,212,557
1277108613Image000021.jpg,31,30,PEDESTRIAN_CROSSING,640,474,671,504
1277108613Image000021.jpg,35,34,GIVE_WAY,638,504,673,538
1277108613Image000021.jpg,18,19,PEDESTRIAN_CROSSING,594,532,612,551
1277108613Image000021.jpg,11,13,PEDESTRIAN_CROSSING,422,536,433,549
1277108613Image000021.jpg,12,13,OTHER,422,548,434,561
1277108613Image000021.jpg,18,20,PEDESTRIAN_CROSSING,267,527,285,547
1277108613Image000021.jpg,27,24,PEDESTRIAN_CROSSING,164,519,191,543
1277108613Image000021.jpg,31,30,PEDESTRIAN_CROSSING,640,474,671,504
1277108613Image000021.jpg,35,34,GIVE_WAY,638,504,673,538
1277108613Image000021.jpg,18,19,PEDESTRIAN_CROSSING,594,532,612,551
1277108613Image000021.jpg,11,13,PEDESTRIAN_CROSSING,422,536,433,549
1277108613Image000021.jpg,12,13,OTHER,422,548,434,561
1277108613Image000021.jpg,18,20,PEDESTRIAN_CROSSING,267,527,285,547
1277108613Image000021.jpg,27,24,PEDESTRIAN_CROSSING,164,519,191,543
1277108613Image000021.jpg,31,30,PEDESTRIAN_CROSSING,640,474,671,504
1277108613Image000021.jpg,35,34,GIVE_WAY,638,504,673,538
1277108613Image000021.jpg,18,19,PEDESTRIAN_CROSSING,594,532,612,551
1277108613Image000021.jpg,11,13,PEDESTRIAN_CROSSING,422,536,433,549
1277108613Image000021.jpg,12,13,OTHER,422,548,434,561
1277108613Image000021.jpg,18,20,PEDESTRIAN_CROSSING,267,527,285,547
1277108613Image000021.jpg,27,24,PEDESTRIAN_CROSSING,164,519,191,543
1277108613Image000021.jpg,31,30,PEDESTRIAN_CROSSING,640,474,671,504
1277108613Image000021.jpg,35,34,GIVE_WAY,638,504,673,538
1277108613Image000021.jpg,18,19,PEDESTRIAN_CROSSING,594,532,612,551
1277108613Image000021.jpg,11,13,PEDESTRIAN_CROSSING,422,536,433,549
1277108613Image000021.jpg,12,13,OTHER,422,548,434,561
1277108613Image000021.jpg,18,20,PEDESTRIAN_CROSSING,267,527,285,547
1277108613Image000021.jpg,27,24,PEDESTRIAN_CROSSING,164,519,191,543
1277108613Image000021.jpg,31,30,PEDESTRIAN_CROSSING,640,474,671,504
1277108613Image000021.jpg,35,34,GIVE_WAY,638,504,673,538
1277108613Image000021.jpg,18,19,PEDESTRIAN_CROSSING,594,532,612,551
1277108613Image000021.jpg,11,13,PEDESTRIAN_CROSSING,422,536,433,549
1277108613Image000021.jpg,12,13,OTHER,422,548,434,561
1277108613Image000021.jpg,18,20,PEDESTRIAN_CROSSING,267,527,285,547
1277108613Image000021.jpg,27,24,PEDESTRIAN_CROSSING,164,519,191,543
1277108613Image000021.jpg,31,30,PEDESTRIAN_CROSSING,640,474,671,504
1277108613Image000021.jpg,35,34,GIVE_WAY,638,504,673,538
1277108613Image000021.jpg,18,19,PEDESTRIAN_CROSSING,594,532,612,551
1277108613Image000021.jpg,11,13,PEDESTRIAN_CROSSING,422,536,433,549
1277108613Image000021.jpg,12,13,OTHER,422,548,434,561
1277108613Image000021.jpg,18,20,PEDESTRIAN_CROSSING,267,527,285,547
1277108613Image000021.jpg,27,24,PEDESTRIAN_CROSSING,164,519,191,543
1277108613Image000021.jpg,31,30,PEDESTRIAN_CROSSING,640,474,671,504
1277108613Image000021.jpg,35,34,GIVE_WAY,638,504,673,538
1277108613Image000021.jpg,18,19,PEDESTRIAN_CROSSING,594,532,612,551
1277108613Image000021.jpg,11,13,PEDESTRIAN_CROSSING,422,536,433,549
1277108613Image000021.jpg,12,13,OTHER,422,548,434,561
1277108613Image000021.jpg,18,20,PEDESTRIAN_CROSSING,267,527,285,547
1277108613Image000021.jpg,27,24,PEDESTRIAN_CROSSING,164,519,191,543
1277108613Image000021.jpg,31,30,PEDESTRIAN_CROSSING,640,474,671,504
1277108613Image000021.jpg,35,34,GIVE_WAY,638,504,673,538
1277108613Image000021.jpg,18,19,PEDESTRIAN_CROSSING,594,532,612,551
1277108613Image000021.jpg,11,13,PEDESTRIAN_CROSSING,422,536,433,549
1277108613Image000021.jpg,12,13,OTHER,422,548,434,561
1277108613Image000021.jpg,18,20,PEDESTRIAN_CROSSING,267,527,285,547
1277108613Image000021.jpg,27,24,PEDESTRIAN_CROSSING,164,519,191,543
1277108613Image000026.jpg,33,32,PEDESTRIAN_CROSSING,664,467,697,499
1277108613Image000026.jpg,41,37,GIVE_WAY,662,499,703,536
1277108613Image000026.jpg,19,19,PEDESTRIAN_CROSSING,608,535,627,554
1277108613Image000026.jpg,12,15,PEDESTRIAN_CROSSING,426,538,438,553
1277108613Image000026.jpg,13,13,OTHER,425,553,438,566
1277108613Image000026.jpg,18,20,PEDESTRIAN_CROSSING,259,529,277,549
1277108613Image000026.jpg,29,28,PEDESTRIAN_CROSSING,140,517,169,545
1277108613Image000026.jpg,33,32,PEDESTRIAN_CROSSING,664,467,697,499
1277108613Image000026.jpg,41,37,GIVE_WAY,662,499,703,536
1277108613Image000026.jpg,19,19,PEDESTRIAN_CROSSING,608,535,627,554
1277108613Image000026.jpg,12,15,PEDESTRIAN_CROSSING,426,538,438,553
1277108613Image000026.jpg,13,13,OTHER,425,553,438,566
1277108613Image000026.jpg,18,20,PEDESTRIAN_CROSSING,259,529,277,549
1277108613Image000026.jpg,29,28,PEDESTRIAN_CROSSING,140,517,169,545
1277108613Image000026.jpg,33,32,PEDESTRIAN_CROSSING,664,467,697,499
1277108613Image000026.jpg,41,37,GIVE_WAY,662,499,703,536
1277108613Image000026.jpg,19,19,PEDESTRIAN_CROSSING,608,535,627,554
1277108613Image000026.jpg,12,15,PEDESTRIAN_CROSSING,426,538,438,553
1277108613Image000026.jpg,13,13,OTHER,425,553,438,566
1277108613Image000026.jpg,18,20,PEDESTRIAN_CROSSING,259,529,277,549
1277108613Image000026.jpg,29,28,PEDESTRIAN_CROSSING,140,517,169,545
1277108613Image000026.jpg,33,32,PEDESTRIAN_CROSSING,664,467,697,499
1277108613Image000026.jpg,41,37,GIVE_WAY,662,499,703,536
1277108613Image000026.jpg,19,19,PEDESTRIAN_CROSSING,608,535,627,554
1277108613Image000026.jpg,12,15,PEDESTRIAN_CROSSING,426,538,438,553
1277108613Image000026.jpg,13,13,OTHER,425,553,438,566
1277108613Image000026.jpg,18,20,PEDESTRIAN_CROSSING,259,529,277,549
1277108613Image000026.jpg,29,28,PEDESTRIAN_CROSSING,140,517,169,545
1277108613Image000026.jpg,33,32,PEDESTRIAN_CROSSING,664,467,697,499
1277108613Image000026.jpg,41,37,GIVE_WAY,662,499,703,536
1277108613Image000026.jpg,19,19,PEDESTRIAN_CROSSING,608,535,627,554
1277108613Image000026.jpg,12,15,PEDESTRIAN_CROSSING,426,538,438,553
1277108613Image000026.jpg,13,13,OTHER,425,553,438,566
1277108613Image000026.jpg,18,20,PEDESTRIAN_CROSSING,259,529,277,549
1277108613Image000026.jpg,29,28,PEDESTRIAN_CROSSING,140,517,169,545
1277108613Image000026.jpg,33,32,PEDESTRIAN_CROSSING,664,467,697,499
1277108613Image000026.jpg,41,37,GIVE_WAY,662,499,703,536
1277108613Image000026.jpg,19,19,PEDESTRIAN_CROSSING,608,535,627,554
1277108613Image000026.jpg,12,15,PEDESTRIAN_CROSSING,426,538,438,553
1277108613Image000026.jpg,13,13,OTHER,425,553,438,566
1277108613Image000026.jpg,18,20,PEDESTRIAN_CROSSING,259,529,277,549
1277108613Image000026.jpg,29,28,PEDESTRIAN_CROSSING,140,517,169,545
1277108613Image000026.jpg,33,32,PEDESTRIAN_CROSSING,664,467,697,499
1277108613Image000026.jpg,41,37,GIVE_WAY,662,499,703,536
1277108613Image000026.jpg,19,19,PEDESTRIAN_CROSSING,608,535,627,554
1277108613Image000026.jpg,12,15,PEDESTRIAN_CROSSING,426,538,438,553
1277108613Image000026.jpg,13,13,OTHER,425,553,438,566
1277108613Image000026.jpg,18,20,PEDESTRIAN_CROSSING,259,529,277,549
1277108613Image000026.jpg,29,28,PEDESTRIAN_CROSSING,140,517,169,545
1277108613Image000026.jpg,33,32,PEDESTRIAN_CROSSING,664,467,697,499
1277108613Image000026.jpg,41,37,GIVE_WAY,662,499,703,536
1277108613Image000026.jpg,19,19,PEDESTRIAN_CROSSING,608,535,627,554
1277108613Image000026.jpg,12,15,PEDESTRIAN_CROSSING,426,538,438,553
1277108613Image000026.jpg,13,13,OTHER,425,553,438,566
1277108613Image000026.jpg,18,20,PEDESTRIAN_CROSSING,259,529,277,549
1277108613Image000026.jpg,29,28,PEDESTRIAN_CROSSING,140,517,169,545
1277108613Image000031.jpg,38,36,PEDESTRIAN_CROSSING,695,440,733,476
1277108613Image000031.jpg,50,47,GIVE_WAY,692,476,742,523
1277108613Image000031.jpg,21,23,PEDESTRIAN_CROSSING,622,519,643,542
1277108613Image000031.jpg,13,14,PEDESTRIAN_CROSSING,426,525,439,539
1277108613Image000031.jpg,16,13,OTHER,423,540,439,553
1277108613Image000031.jpg,18,20,PEDESTRIAN_CROSSING,246,514,264,534
1277108613Image000031.jpg,32,32,PEDESTRIAN_CROSSING,99,497,131,529
1277108613Image000031.jpg,38,36,PEDESTRIAN_CROSSING,695,440,733,476
1277108613Image000031.jpg,50,47,GIVE_WAY,692,476,742,523
1277108613Image000031.jpg,21,23,PEDESTRIAN_CROSSING,622,519,643,542
1277108613Image000031.jpg,13,14,PEDESTRIAN_CROSSING,426,525,439,539
1277108613Image000031.jpg,16,13,OTHER,423,540,439,553
1277108613Image000031.jpg,18,20,PEDESTRIAN_CROSSING,246,514,264,534
1277108613Image000031.jpg,32,32,PEDESTRIAN_CROSSING,99,497,131,529
1277108613Image000031.jpg,38,36,PEDESTRIAN_CROSSING,695,440,733,476
1277108613Image000031.jpg,50,47,GIVE_WAY,692,476,742,523
1277108613Image000031.jpg,21,23,PEDESTRIAN_CROSSING,622,519,643,542
1277108613Image000031.jpg,13,14,PEDESTRIAN_CROSSING,426,525,439,539
1277108613Image000031.jpg,16,13,OTHER,423,540,439,553
1277108613Image000031.jpg,18,20,PEDESTRIAN_CROSSING,246,514,264,534
1277108613Image000031.jpg,32,32,PEDESTRIAN_CROSSING,99,497,131,529
1277108613Image000031.jpg,38,36,PEDESTRIAN_CROSSING,695,440,733,476
1277108613Image000031.jpg,50,47,GIVE_WAY,692,476,742,523
1277108613Image000031.jpg,21,23,PEDESTRIAN_CROSSING,622,519,643,542
1277108613Image000031.jpg,13,14,PEDESTRIAN_CROSSING,426,525,439,539
1277108613Image000031.jpg,16,13,OTHER,423,540,439,553
1277108613Image000031.jpg,18,20,PEDESTRIAN_CROSSING,246,514,264,534
1277108613Image000031.jpg,32,32,PEDESTRIAN_CROSSING,99,497,131,529
1277108613Image000031.jpg,38,36,PEDESTRIAN_CROSSING,695,440,733,476
1277108613Image000031.jpg,50,47,GIVE_WAY,692,476,742,523
1277108613Image000031.jpg,21,23,PEDESTRIAN_CROSSING,622,519,643,542
1277108613Image000031.jpg,13,14,PEDESTRIAN_CROSSING,426,525,439,539
1277108613Image000031.jpg,16,13,OTHER,423,540,439,553
1277108613Image000031.jpg,18,20,PEDESTRIAN_CROSSING,246,514,264,534
1277108613Image000031.jpg,32,32,PEDESTRIAN_CROSSING,99,497,131,529
1277108613Image000031.jpg,38,36,PEDESTRIAN_CROSSING,695,440,733,476
1277108613Image000031.jpg,50,47,GIVE_WAY,692,476,742,523
1277108613Image000031.jpg,21,23,PEDESTRIAN_CROSSING,622,519,643,542
1277108613Image000031.jpg,13,14,PEDESTRIAN_CROSSING,426,525,439,539
1277108613Image000031.jpg,16,13,OTHER,423,540,439,553
1277108613Image000031.jpg,18,20,PEDESTRIAN_CROSSING,246,514,264,534
1277108613Image000031.jpg,32,32,PEDESTRIAN_CROSSING,99,497,131,529
1277108613Image000031.jpg,38,36,PEDESTRIAN_CROSSING,695,440,733,476
1277108613Image000031.jpg,50,47,GIVE_WAY,692,476,742,523
1277108613Image000031.jpg,21,23,PEDESTRIAN_CROSSING,622,519,643,542
1277108613Image000031.jpg,13,14,PEDESTRIAN_CROSSING,426,525,439,539
1277108613Image000031.jpg,16,13,OTHER,423,540,439,553
1277108613Image000031.jpg,18,20,PEDESTRIAN_CROSSING,246,514,264,534
1277108613Image000031.jpg,32,32,PEDESTRIAN_CROSSING,99,497,131,529
1277108613Image000031.jpg,38,36,PEDESTRIAN_CROSSING,695,440,733,476
1277108613Image000031.jpg,50,47,GIVE_WAY,692,476,742,523
1277108613Image000031.jpg,21,23,PEDESTRIAN_CROSSING,622,519,643,542
1277108613Image000031.jpg,13,14,PEDESTRIAN_CROSSING,426,525,439,539
1277108613Image000031.jpg,16,13,OTHER,423,540,439,553
1277108613Image000031.jpg,18,20,PEDESTRIAN_CROSSING,246,514,264,534
1277108613Image000031.jpg,32,32,PEDESTRIAN_CROSSING,99,497,131,529
1277108613Image000036.jpg,54,50,PEDESTRIAN_CROSSING,755,386,809,436
1277108613Image000036.jpg,67,66,GIVE_WAY,749,435,816,501
1277108613Image000036.jpg,25,24,PEDESTRIAN_CROSSING,636,505,661,529
1277108613Image000036.jpg,14,16,PEDESTRIAN_CROSSING,413,517,427,533
1277108613Image000036.jpg,15,15,OTHER,412,532,427,547
1277108613Image000036.jpg,23,22,PEDESTRIAN_CROSSING,202,501,225,523
1277108613Image000036.jpg,30,40,PEDESTRIAN_CROSSING,3,473,33,513
1277108613Image000036.jpg,54,50,PEDESTRIAN_CROSSING,755,386,809,436
1277108613Image000036.jpg,67,66,GIVE_WAY,749,435,816,501
1277108613Image000036.jpg,25,24,PEDESTRIAN_CROSSING,636,505,661,529
1277108613Image000036.jpg,14,16,PEDESTRIAN_CROSSING,413,517,427,533
1277108613Image000036.jpg,15,15,OTHER,412,532,427,547
1277108613Image000036.jpg,23,22,PEDESTRIAN_CROSSING,202,501,225,523
1277108613Image000036.jpg,30,40,PEDESTRIAN_CROSSING,3,473,33,513
1277108613Image000036.jpg,54,50,PEDESTRIAN_CROSSING,755,386,809,436
1277108613Image000036.jpg,67,66,GIVE_WAY,749,435,816,501
1277108613Image000036.jpg,25,24,PEDESTRIAN_CROSSING,636,505,661,529
1277108613Image000036.jpg,14,16,PEDESTRIAN_CROSSING,413,517,427,533
1277108613Image000036.jpg,15,15,OTHER,412,532,427,547
1277108613Image000036.jpg,23,22,PEDESTRIAN_CROSSING,202,501,225,523
1277108613Image000036.jpg,30,40,PEDESTRIAN_CROSSING,3,473,33,513
1277108613Image000036.jpg,54,50,PEDESTRIAN_CROSSING,755,386,809,436
1277108613Image000036.jpg,67,66,GIVE_WAY,749,435,816,501
1277108613Image000036.jpg,25,24,PEDESTRIAN_CROSSING,636,505,661,529
1277108613Image000036.jpg,14,16,PEDESTRIAN_CROSSING,413,517,427,533
1277108613Image000036.jpg,15,15,OTHER,412,532,427,547
1277108613Image000036.jpg,23,22,PEDESTRIAN_CROSSING,202,501,225,523
1277108613Image000036.jpg,30,40,PEDESTRIAN_CROSSING,3,473,33,513
1277108613Image000036.jpg,54,50,PEDESTRIAN_CROSSING,755,386,809,436
1277108613Image000036.jpg,67,66,GIVE_WAY,749,435,816,501
1277108613Image000036.jpg,25,24,PEDESTRIAN_CROSSING,636,505,661,529
1277108613Image000036.jpg,14,16,PEDESTRIAN_CROSSING,413,517,427,533
1277108613Image000036.jpg,15,15,OTHER,412,532,427,547
1277108613Image000036.jpg,23,22,PEDESTRIAN_CROSSING,202,501,225,523
1277108613Image000036.jpg,30,40,PEDESTRIAN_CROSSING,3,473,33,513
1277108613Image000036.jpg,54,50,PEDESTRIAN_CROSSING,755,386,809,436
1277108613Image000036.jpg,67,66,GIVE_WAY,749,435,816,501
1277108613Image000036.jpg,25,24,PEDESTRIAN_CROSSING,636,505,661,529
1277108613Image000036.jpg,14,16,PEDESTRIAN_CROSSING,413,517,427,533
1277108613Image000036.jpg,15,15,OTHER,412,532,427,547
1277108613Image000036.jpg,23,22,PEDESTRIAN_CROSSING,202,501,225,523
1277108613Image000036.jpg,30,40,PEDESTRIAN_CROSSING,3,473,33,513
1277108613Image000036.jpg,54,50,PEDESTRIAN_CROSSING,755,386,809,436
1277108613Image000036.jpg,67,66,GIVE_WAY,749,435,816,501
1277108613Image000036.jpg,25,24,PEDESTRIAN_CROSSING,636,505,661,529
1277108613Image000036.jpg,14,16,PEDESTRIAN_CROSSING,413,517,427,533
1277108613Image000036.jpg,15,15,OTHER,412,532,427,547
1277108613Image000036.jpg,23,22,PEDESTRIAN_CROSSING,202,501,225,523
1277108613Image000036.jpg,30,40,PEDESTRIAN_CROSSING,3,473,33,513
1277108613Image000036.jpg,54,50,PEDESTRIAN_CROSSING,755,386,809,436
1277108613Image000036.jpg,67,66,GIVE_WAY,749,435,816,501
1277108613Image000036.jpg,25,24,PEDESTRIAN_CROSSING,636,505,661,529
1277108613Image000036.jpg,14,16,PEDESTRIAN_CROSSING,413,517,427,533
1277108613Image000036.jpg,15,15,OTHER,412,532,427,547
1277108613Image000036.jpg,23,22,PEDESTRIAN_CROSSING,202,501,225,523
1277108613Image000036.jpg,30,40,PEDESTRIAN_CROSSING,3,473,33,513
1277108613Image000041.jpg,77,86,PEDESTRIAN_CROSSING,906,263,983,349
1277108613Image000041.jpg,95,96,GIVE_WAY,902,343,997,439
1277108613Image000041.jpg,29,29,PEDESTRIAN_CROSSING,664,477,693,506
1277108613Image000041.jpg,15,17,PEDESTRIAN_CROSSING,401,495,416,512
1277108613Image000041.jpg,17,16,OTHER,400,513,417,529
1277108613Image000041.jpg,25,26,PEDESTRIAN_CROSSING,144,472,169,498
1277108613Image000041.jpg,77,86,PEDESTRIAN_CROSSING,906,263,983,349
1277108613Image000041.jpg,95,96,GIVE_WAY,902,343,997,439
1277108613Image000041.jpg,29,29,PEDESTRIAN_CROSSING,664,477,693,506
1277108613Image000041.jpg,15,17,PEDESTRIAN_CROSSING,401,495,416,512
1277108613Image000041.jpg,17,16,OTHER,400,513,417,529
1277108613Image000041.jpg,25,26,PEDESTRIAN_CROSSING,144,472,169,498
1277108613Image000041.jpg,77,86,PEDESTRIAN_CROSSING,906,263,983,349
1277108613Image000041.jpg,95,96,GIVE_WAY,902,343,997,439
1277108613Image000041.jpg,29,29,PEDESTRIAN_CROSSING,664,477,693,506
1277108613Image000041.jpg,15,17,PEDESTRIAN_CROSSING,401,495,416,512
1277108613Image000041.jpg,17,16,OTHER,400,513,417,529
1277108613Image000041.jpg,25,26,PEDESTRIAN_CROSSING,144,472,169,498
1277108613Image000041.jpg,77,86,PEDESTRIAN_CROSSING,906,263,983,349
1277108613Image000041.jpg,95,96,GIVE_WAY,902,343,997,439
1277108613Image000041.jpg,29,29,PEDESTRIAN_CROSSING,664,477,693,506
1277108613Image000041.jpg,15,17,PEDESTRIAN_CROSSING,401,495,416,512
1277108613Image000041.jpg,17,16,OTHER,400,513,417,529
1277108613Image000041.jpg,25,26,PEDESTRIAN_CROSSING,144,472,169,498
1277108613Image000041.jpg,77,86,PEDESTRIAN_CROSSING,906,263,983,349
1277108613Image000041.jpg,95,96,GIVE_WAY,902,343,997,439
1277108613Image000041.jpg,29,29,PEDESTRIAN_CROSSING,664,477,693,506
1277108613Image000041.jpg,15,17,PEDESTRIAN_CROSSING,401,495,416,512
1277108613Image000041.jpg,17,16,OTHER,400,513,417,529
1277108613Image000041.jpg,25,26,PEDESTRIAN_CROSSING,144,472,169,498
1277108613Image000041.jpg,77,86,PEDESTRIAN_CROSSING,906,263,983,349
1277108613Image000041.jpg,95,96,GIVE_WAY,902,343,997,439
1277108613Image000041.jpg,29,29,PEDESTRIAN_CROSSING,664,477,693,506
1277108613Image000041.jpg,15,17,PEDESTRIAN_CROSSING,401,495,416,512
1277108613Image000041.jpg,17,16,OTHER,400,513,417,529
1277108613Image000041.jpg,25,26,PEDESTRIAN_CROSSING,144,472,169,498
1277108613Image000041.jpg,77,86,PEDESTRIAN_CROSSING,906,263,983,349
1277108613Image000041.jpg,95,96,GIVE_WAY,902,343,997,439
1277108613Image000041.jpg,29,29,PEDESTRIAN_CROSSING,664,477,693,506
1277108613Image000041.jpg,15,17,PEDESTRIAN_CROSSING,401,495,416,512
1277108613Image000041.jpg,17,16,OTHER,400,513,417,529
1277108613Image000041.jpg,25,26,PEDESTRIAN_CROSSING,144,472,169,498
1277108613Image000046.jpg,100,102,PEDESTRIAN_CROSSING,1053,180,1153,282
1277108613Image000046.jpg,124,130,GIVE_WAY,1046,280,1170,410
1277108613Image000046.jpg,36,33,PEDESTRIAN_CROSSING,683,475,719,508
1277108613Image000046.jpg,17,17,PEDESTRIAN_CROSSING,397,500,414,517
1277108613Image000046.jpg,17,17,OTHER,397,518,414,535
1277108613Image000046.jpg,30,28,PEDESTRIAN_CROSSING,113,470,143,498
1277108613Image000046.jpg,100,102,PEDESTRIAN_CROSSING,1053,180,1153,282
1277108613Image000046.jpg,124,130,GIVE_WAY,1046,280,1170,410
1277108613Image000046.jpg,36,33,PEDESTRIAN_CROSSING,683,475,719,508
1277108613Image000046.jpg,17,17,PEDESTRIAN_CROSSING,397,500,414,517
1277108613Image000046.jpg,17,17,OTHER,397,518,414,535
1277108613Image000046.jpg,30,28,PEDESTRIAN_CROSSING,113,470,143,498
1277108613Image000046.jpg,100,102,PEDESTRIAN_CROSSING,1053,180,1153,282
1277108613Image000046.jpg,124,130,GIVE_WAY,1046,280,1170,410
1277108613Image000046.jpg,36,33,PEDESTRIAN_CROSSING,683,475,719,508
1277108613Image000046.jpg,17,17,PEDESTRIAN_CROSSING,397,500,414,517
1277108613Image000046.jpg,17,17,OTHER,397,518,414,535
1277108613Image000046.jpg,30,28,PEDESTRIAN_CROSSING,113,470,143,498
1277108613Image000046.jpg,100,102,PEDESTRIAN_CROSSING,1053,180,1153,282
1277108613Image000046.jpg,124,130,GIVE_WAY,1046,280,1170,410
1277108613Image000046.jpg,36,33,PEDESTRIAN_CROSSING,683,475,719,508
1277108613Image000046.jpg,17,17,PEDESTRIAN_CROSSING,397,500,414,517
1277108613Image000046.jpg,17,17,OTHER,397,518,414,535
1277108613Image000046.jpg,30,28,PEDESTRIAN_CROSSING,113,470,143,498
1277108613Image000046.jpg,100,102,PEDESTRIAN_CROSSING,1053,180,1153,282
1277108613Image000046.jpg,124,130,GIVE_WAY,1046,280,1170,410
1277108613Image000046.jpg,36,33,PEDESTRIAN_CROSSING,683,475,719,508
1277108613Image000046.jpg,17,17,PEDESTRIAN_CROSSING,397,500,414,517
1277108613Image000046.jpg,17,17,OTHER,397,518,414,535
1277108613Image000046.jpg,30,28,PEDESTRIAN_CROSSING,113,470,143,498
1277108613Image000046.jpg,100,102,PEDESTRIAN_CROSSING,1053,180,1153,282
1277108613Image000046.jpg,124,130,GIVE_WAY,1046,280,1170,410
1277108613Image000046.jpg,36,33,PEDESTRIAN_CROSSING,683,475,719,508
1277108613Image000046.jpg,17,17,PEDESTRIAN_CROSSING,397,500,414,517
1277108613Image000046.jpg,17,17,OTHER,397,518,414,535
1277108613Image000046.jpg,30,28,PEDESTRIAN_CROSSING,113,470,143,498
1277108613Image000046.jpg,100,102,PEDESTRIAN_CROSSING,1053,180,1153,282
1277108613Image000046.jpg,124,130,GIVE_WAY,1046,280,1170,410
1277108613Image000046.jpg,36,33,PEDESTRIAN_CROSSING,683,475,719,508
1277108613Image000046.jpg,17,17,PEDESTRIAN_CROSSING,397,500,414,517
1277108613Image000046.jpg,17,17,OTHER,397,518,414,535
1277108613Image000046.jpg,30,28,PEDESTRIAN_CROSSING,113,470,143,498
1277108613Image000051.jpg,36,34,PEDESTRIAN_CROSSING,702,458,738,492
1277108613Image000051.jpg,18,17,PEDESTRIAN_CROSSING,395,488,413,505
1277108613Image000051.jpg,17,18,OTHER,395,506,412,524
1277108613Image000051.jpg,31,30,PEDESTRIAN_CROSSING,86,455,117,485
1277108613Image000051.jpg,36,34,PEDESTRIAN_CROSSING,702,458,738,492
1277108613Image000051.jpg,18,17,PEDESTRIAN_CROSSING,395,488,413,505
1277108613Image000051.jpg,17,18,OTHER,395,506,412,524
1277108613Image000051.jpg,31,30,PEDESTRIAN_CROSSING,86,455,117,485
1277108613Image000051.jpg,36,34,PEDESTRIAN_CROSSING,702,458,738,492
1277108613Image000051.jpg,18,17,PEDESTRIAN_CROSSING,395,488,413,505
1277108613Image000051.jpg,17,18,OTHER,395,506,412,524
1277108613Image000051.jpg,31,30,PEDESTRIAN_CROSSING,86,455,117,485
1277108613Image000051.jpg,36,34,PEDESTRIAN_CROSSING,702,458,738,492
1277108613Image000051.jpg,18,17,PEDESTRIAN_CROSSING,395,488,413,505
1277108613Image000051.jpg,17,18,OTHER,395,506,412,524
1277108613Image000051.jpg,31,30,PEDESTRIAN_CROSSING,86,455,117,485
1277108613Image000051.jpg,36,34,PEDESTRIAN_CROSSING,702,458,738,492
1277108613Image000051.jpg,18,17,PEDESTRIAN_CROSSING,395,488,413,505
1277108613Image000051.jpg,17,18,OTHER,395,506,412,524
1277108613Image000051.jpg,31,30,PEDESTRIAN_CROSSING,86,455,117,485
1277108613Image000058.jpg,42,42,PEDESTRIAN_CROSSING,728,426,770,468
1277108613Image000058.jpg,18,17,PEDESTRIAN_CROSSING,377,470,395,487
1277108613Image000058.jpg,19,21,OTHER,378,490,397,511
1277108613Image000058.jpg,36,34,PEDESTRIAN_CROSSING,18,427,54,461
1277108613Image000058.jpg,42,42,PEDESTRIAN_CROSSING,728,426,770,468
1277108613Image000058.jpg,18,17,PEDESTRIAN_CROSSING,377,470,395,487
1277108613Image000058.jpg,19,21,OTHER,378,490,397,511
1277108613Image000058.jpg,36,34,PEDESTRIAN_CROSSING,18,427,54,461
1277108613Image000058.jpg,42,42,PEDESTRIAN_CROSSING,728,426,770,468
1277108613Image000058.jpg,18,17,PEDESTRIAN_CROSSING,377,470,395,487
1277108613Image000058.jpg,19,21,OTHER,378,490,397,511
1277108613Image000058.jpg,36,34,PEDESTRIAN_CROSSING,18,427,54,461
1277108613Image000058.jpg,42,42,PEDESTRIAN_CROSSING,728,426,770,468
1277108613Image000058.jpg,18,17,PEDESTRIAN_CROSSING,377,470,395,487
1277108613Image000058.jpg,19,21,OTHER,378,490,397,511
1277108613Image000058.jpg,36,34,PEDESTRIAN_CROSSING,18,427,54,461
1277108613Image000058.jpg,42,42,PEDESTRIAN_CROSSING,728,426,770,468
1277108613Image000058.jpg,18,17,PEDESTRIAN_CROSSING,377,470,395,487
1277108613Image000058.jpg,19,21,OTHER,378,490,397,511
1277108613Image000058.jpg,36,34,PEDESTRIAN_CROSSING,18,427,54,461
1277108624Image000001.jpg,24,25,PEDESTRIAN_CROSSING,357,460,381,485
1277108624Image000001.jpg,27,29,OTHER,354,488,381,517
1277108624Image000001.jpg,24,25,PEDESTRIAN_CROSSING,357,460,381,485
1277108624Image000001.jpg,27,29,OTHER,354,488,381,517
1277108624Image000001.jpg,24,25,PEDESTRIAN_CROSSING,357,460,381,485
1277108624Image000001.jpg,27,29,OTHER,354,488,381,517
1277108624Image000008.jpg,26,27,PEDESTRIAN_CROSSING,393,440,419,467
1277108624Image000008.jpg,31,29,OTHER,390,471,421,500
1277108624Image000008.jpg,26,27,PEDESTRIAN_CROSSING,393,440,419,467
1277108624Image000008.jpg,31,29,OTHER,390,471,421,500
1277108624Image000008.jpg,26,27,PEDESTRIAN_CROSSING,393,440,419,467
1277108624Image000008.jpg,31,29,OTHER,390,471,421,500
1277108624Image000015.jpg,32,35,PEDESTRIAN_CROSSING,390,444,422,479
1277108624Image000015.jpg,31,34,OTHER,390,478,421,512
1277108624Image000015.jpg,32,35,PEDESTRIAN_CROSSING,390,444,422,479
1277108624Image000015.jpg,31,34,OTHER,390,478,421,512
1277108624Image000015.jpg,32,35,PEDESTRIAN_CROSSING,390,444,422,479
1277108624Image000015.jpg,31,34,OTHER,390,478,421,512
1277108629Image000001.jpg,61,66,PEDESTRIAN_CROSSING,350,266,411,332
1277108629Image000001.jpg,67,74,OTHER,345,336,412,410
1277108629Image000001.jpg,61,66,PEDESTRIAN_CROSSING,350,266,411,332
1277108629Image000001.jpg,67,74,OTHER,345,336,412,410
1277108629Image000008.jpg,70,77,PEDESTRIAN_CROSSING,333,221,403,298
1277108629Image000008.jpg,80,81,OTHER,323,301,403,382
1277108629Image000008.jpg,70,77,PEDESTRIAN_CROSSING,333,221,403,298
1277108629Image000008.jpg,80,81,OTHER,323,301,403,382
1277108645Image000004.jpg,58,61,PEDESTRIAN_CROSSING,550,331,608,392
1277108645Image000004.jpg,85,88,GIVE_WAY,535,397,620,485
1277108645Image000004.jpg,27,30,PEDESTRIAN_CROSSING,376,495,403,525
1277108645Image000004.jpg,17,19,PRIORITY_ROAD,327,548,344,567
1277108645Image000004.jpg,23,34,PEDESTRIAN_CROSSING,1137,468,1160,502
1277108645Image000004.jpg,28,42,PASS_RIGHT_SIDE,1133,508,1161,550
1277108645Image000004.jpg,58,61,PEDESTRIAN_CROSSING,550,331,608,392
1277108645Image000004.jpg,85,88,GIVE_WAY,535,397,620,485
1277108645Image000004.jpg,27,30,PEDESTRIAN_CROSSING,376,495,403,525
1277108645Image000004.jpg,17,19,PRIORITY_ROAD,327,548,344,567
1277108645Image000004.jpg,23,34,PEDESTRIAN_CROSSING,1137,468,1160,502
1277108645Image000004.jpg,28,42,PASS_RIGHT_SIDE,1133,508,1161,550
1277108645Image000004.jpg,58,61,PEDESTRIAN_CROSSING,550,331,608,392
1277108645Image000004.jpg,85,88,GIVE_WAY,535,397,620,485
1277108645Image000004.jpg,27,30,PEDESTRIAN_CROSSING,376,495,403,525
1277108645Image000004.jpg,17,19,PRIORITY_ROAD,327,548,344,567
1277108645Image000004.jpg,23,34,PEDESTRIAN_CROSSING,1137,468,1160,502
1277108645Image000004.jpg,28,42,PASS_RIGHT_SIDE,1133,508,1161,550
1277108645Image000004.jpg,58,61,PEDESTRIAN_CROSSING,550,331,608,392
1277108645Image000004.jpg,85,88,GIVE_WAY,535,397,620,485
1277108645Image000004.jpg,27,30,PEDESTRIAN_CROSSING,376,495,403,525
1277108645Image000004.jpg,17,19,PRIORITY_ROAD,327,548,344,567
1277108645Image000004.jpg,23,34,PEDESTRIAN_CROSSING,1137,468,1160,502
1277108645Image000004.jpg,28,42,PASS_RIGHT_SIDE,1133,508,1161,550
1277108645Image000004.jpg,58,61,PEDESTRIAN_CROSSING,550,331,608,392
1277108645Image000004.jpg,85,88,GIVE_WAY,535,397,620,485
1277108645Image000004.jpg,27,30,PEDESTRIAN_CROSSING,376,495,403,525
1277108645Image000004.jpg,17,19,PRIORITY_ROAD,327,548,344,567
1277108645Image000004.jpg,23,34,PEDESTRIAN_CROSSING,1137,468,1160,502
1277108645Image000004.jpg,28,42,PASS_RIGHT_SIDE,1133,508,1161,550
1277108645Image000004.jpg,58,61,PEDESTRIAN_CROSSING,550,331,608,392
1277108645Image000004.jpg,85,88,GIVE_WAY,535,397,620,485
1277108645Image000004.jpg,27,30,PEDESTRIAN_CROSSING,376,495,403,525
1277108645Image000004.jpg,17,19,PRIORITY_ROAD,327,548,344,567
1277108645Image000004.jpg,23,34,PEDESTRIAN_CROSSING,1137,468,1160,502
1277108645Image000004.jpg,28,42,PASS_RIGHT_SIDE,1133,508,1161,550
1277108645Image000004.jpg,58,61,PEDESTRIAN_CROSSING,550,331,608,392
1277108645Image000004.jpg,85,88,GIVE_WAY,535,397,620,485
1277108645Image000004.jpg,27,30,PEDESTRIAN_CROSSING,376,495,403,525
1277108645Image000004.jpg,17,19,PRIORITY_ROAD,327,548,344,567
1277108645Image000004.jpg,23,34,PEDESTRIAN_CROSSING,1137,468,1160,502
1277108645Image000004.jpg,28,42,PASS_RIGHT_SIDE,1133,508,1161,550
1277108645Image000009.jpg,63,70,PEDESTRIAN_CROSSING,614,321,677,391
1277108645Image000009.jpg,93,85,GIVE_WAY,601,394,694,479
1277108645Image000009.jpg,29,30,PEDESTRIAN_CROSSING,425,508,454,538
1277108645Image000009.jpg,15,15,PRIORITY_ROAD,379,565,394,580
1277108645Image000009.jpg,23,38,PEDESTRIAN_CROSSING,1225,472,1248,510
1277108645Image000009.jpg,22,40,PASS_RIGHT_SIDE,1228,519,1250,559
1277108645Image000009.jpg,63,70,PEDESTRIAN_CROSSING,614,321,677,391
1277108645Image000009.jpg,93,85,GIVE_WAY,601,394,694,479
1277108645Image000009.jpg,29,30,PEDESTRIAN_CROSSING,425,508,454,538
1277108645Image000009.jpg,15,15,PRIORITY_ROAD,379,565,394,580
1277108645Image000009.jpg,23,38,PEDESTRIAN_CROSSING,1225,472,1248,510
1277108645Image000009.jpg,22,40,PASS_RIGHT_SIDE,1228,519,1250,559
1277108645Image000009.jpg,63,70,PEDESTRIAN_CROSSING,614,321,677,391
1277108645Image000009.jpg,93,85,GIVE_WAY,601,394,694,479
1277108645Image000009.jpg,29,30,PEDESTRIAN_CROSSING,425,508,454,538
1277108645Image000009.jpg,15,15,PRIORITY_ROAD,379,565,394,580
1277108645Image000009.jpg,23,38,PEDESTRIAN_CROSSING,1225,472,1248,510
1277108645Image000009.jpg,22,40,PASS_RIGHT_SIDE,1228,519,1250,559
1277108645Image000009.jpg,63,70,PEDESTRIAN_CROSSING,614,321,677,391
1277108645Image000009.jpg,93,85,GIVE_WAY,601,394,694,479
1277108645Image000009.jpg,29,30,PEDESTRIAN_CROSSING,425,508,454,538
1277108645Image000009.jpg,15,15,PRIORITY_ROAD,379,565,394,580
1277108645Image000009.jpg,23,38,PEDESTRIAN_CROSSING,1225,472,1248,510
1277108645Image000009.jpg,22,40,PASS_RIGHT_SIDE,1228,519,1250,559
1277108645Image000009.jpg,63,70,PEDESTRIAN_CROSSING,614,321,677,391
1277108645Image000009.jpg,93,85,GIVE_WAY,601,394,694,479
1277108645Image000009.jpg,29,30,PEDESTRIAN_CROSSING,425,508,454,538
1277108645Image000009.jpg,15,15,PRIORITY_ROAD,379,565,394,580
1277108645Image000009.jpg,23,38,PEDESTRIAN_CROSSING,1225,472,1248,510
1277108645Image000009.jpg,22,40,PASS_RIGHT_SIDE,1228,519,1250,559
1277108645Image000009.jpg,63,70,PEDESTRIAN_CROSSING,614,321,677,391
1277108645Image000009.jpg,93,85,GIVE_WAY,601,394,694,479
1277108645Image000009.jpg,29,30,PEDESTRIAN_CROSSING,425,508,454,538
1277108645Image000009.jpg,15,15,PRIORITY_ROAD,379,565,394,580
1277108645Image000009.jpg,23,38,PEDESTRIAN_CROSSING,1225,472,1248,510
1277108645Image000009.jpg,22,40,PASS_RIGHT_SIDE,1228,519,1250,559
1277108645Image000009.jpg,63,70,PEDESTRIAN_CROSSING,614,321,677,391
1277108645Image000009.jpg,93,85,GIVE_WAY,601,394,694,479
1277108645Image000009.jpg,29,30,PEDESTRIAN_CROSSING,425,508,454,538
1277108645Image000009.jpg,15,15,PRIORITY_ROAD,379,565,394,580
1277108645Image000009.jpg,23,38,PEDESTRIAN_CROSSING,1225,472,1248,510
1277108645Image000009.jpg,22,40,PASS_RIGHT_SIDE,1228,519,1250,559
1277108645Image000014.jpg,71,79,PEDESTRIAN_CROSSING,683,294,754,373
1277108645Image000014.jpg,102,95,GIVE_WAY,671,377,773,472
1277108645Image000014.jpg,30,31,PEDESTRIAN_CROSSING,473,505,503,536
1277108645Image000014.jpg,16,14,PRIORITY_ROAD,424,565,440,579
1277108645Image000014.jpg,71,79,PEDESTRIAN_CROSSING,683,294,754,373
1277108645Image000014.jpg,102,95,GIVE_WAY,671,377,773,472
1277108645Image000014.jpg,30,31,PEDESTRIAN_CROSSING,473,505,503,536
1277108645Image000014.jpg,16,14,PRIORITY_ROAD,424,565,440,579
1277108645Image000014.jpg,71,79,PEDESTRIAN_CROSSING,683,294,754,373
1277108645Image000014.jpg,102,95,GIVE_WAY,671,377,773,472
1277108645Image000014.jpg,30,31,PEDESTRIAN_CROSSING,473,505,503,536
1277108645Image000014.jpg,16,14,PRIORITY_ROAD,424,565,440,579
1277108645Image000014.jpg,71,79,PEDESTRIAN_CROSSING,683,294,754,373
1277108645Image000014.jpg,102,95,GIVE_WAY,671,377,773,472
1277108645Image000014.jpg,30,31,PEDESTRIAN_CROSSING,473,505,503,536
1277108645Image000014.jpg,16,14,PRIORITY_ROAD,424,565,440,579
1277108645Image000014.jpg,71,79,PEDESTRIAN_CROSSING,683,294,754,373
1277108645Image000014.jpg,102,95,GIVE_WAY,671,377,773,472
1277108645Image000014.jpg,30,31,PEDESTRIAN_CROSSING,473,505,503,536
1277108645Image000014.jpg,16,14,PRIORITY_ROAD,424,565,440,579
1277108645Image000019.jpg,80,86,PEDESTRIAN_CROSSING,756,245,836,331
1277108645Image000019.jpg,113,106,GIVE_WAY,743,336,856,442
1277108645Image000019.jpg,32,31,PEDESTRIAN_CROSSING,519,488,551,519
1277108645Image000019.jpg,16,17,PRIORITY_ROAD,469,548,485,565
1277108645Image000019.jpg,80,86,PEDESTRIAN_CROSSING,756,245,836,331
1277108645Image000019.jpg,113,106,GIVE_WAY,743,336,856,442
1277108645Image000019.jpg,32,31,PEDESTRIAN_CROSSING,519,488,551,519
1277108645Image000019.jpg,16,17,PRIORITY_ROAD,469,548,485,565
1277108645Image000019.jpg,80,86,PEDESTRIAN_CROSSING,756,245,836,331
1277108645Image000019.jpg,113,106,GIVE_WAY,743,336,856,442
1277108645Image000019.jpg,32,31,PEDESTRIAN_CROSSING,519,488,551,519
1277108645Image000019.jpg,16,17,PRIORITY_ROAD,469,548,485,565
1277108645Image000019.jpg,80,86,PEDESTRIAN_CROSSING,756,245,836,331
1277108645Image000019.jpg,113,106,GIVE_WAY,743,336,856,442
1277108645Image000019.jpg,32,31,PEDESTRIAN_CROSSING,519,488,551,519
1277108645Image000019.jpg,16,17,PRIORITY_ROAD,469,548,485,565
1277108645Image000019.jpg,80,86,PEDESTRIAN_CROSSING,756,245,836,331
1277108645Image000019.jpg,113,106,GIVE_WAY,743,336,856,442
1277108645Image000019.jpg,32,31,PEDESTRIAN_CROSSING,519,488,551,519
1277108645Image000019.jpg,16,17,PRIORITY_ROAD,469,548,485,565
1277108658Image000009.jpg,73,75,PEDESTRIAN_CROSSING,685,345,758,420
1277108658Image000009.jpg,19,24,PRIORITY_ROAD,544,533,563,557
1277108658Image000009.jpg,12,15,PEDESTRIAN_CROSSING,270,563,282,578
1277108658Image000009.jpg,73,75,PEDESTRIAN_CROSSING,685,345,758,420
1277108658Image000009.jpg,19,24,PRIORITY_ROAD,544,533,563,557
1277108658Image000009.jpg,12,15,PEDESTRIAN_CROSSING,270,563,282,578
1277108658Image000009.jpg,73,75,PEDESTRIAN_CROSSING,685,345,758,420
1277108658Image000009.jpg,19,24,PRIORITY_ROAD,544,533,563,557
1277108658Image000009.jpg,12,15,PEDESTRIAN_CROSSING,270,563,282,578
1277108658Image000009.jpg,73,75,PEDESTRIAN_CROSSING,685,345,758,420
1277108658Image000009.jpg,19,24,PRIORITY_ROAD,544,533,563,557
1277108658Image000009.jpg,12,15,PEDESTRIAN_CROSSING,270,563,282,578
1277108658Image000019.jpg,101,101,PEDESTRIAN_CROSSING,885,246,986,347
1277108658Image000019.jpg,22,24,PRIORITY_ROAD,653,515,675,539
1277108658Image000019.jpg,12,13,PEDESTRIAN_CROSSING,363,547,375,560
1277108658Image000019.jpg,101,101,PEDESTRIAN_CROSSING,885,246,986,347
1277108658Image000019.jpg,22,24,PRIORITY_ROAD,653,515,675,539
1277108658Image000019.jpg,12,13,PEDESTRIAN_CROSSING,363,547,375,560
1277108658Image000019.jpg,101,101,PEDESTRIAN_CROSSING,885,246,986,347
1277108658Image000019.jpg,22,24,PRIORITY_ROAD,653,515,675,539
1277108658Image000019.jpg,12,13,PEDESTRIAN_CROSSING,363,547,375,560
1277108658Image000019.jpg,101,101,PEDESTRIAN_CROSSING,885,246,986,347
1277108658Image000019.jpg,22,24,PRIORITY_ROAD,653,515,675,539
1277108658Image000019.jpg,12,13,PEDESTRIAN_CROSSING,363,547,375,560
1277108658Image000027.jpg,138,132,PEDESTRIAN_CROSSING,1096,112,1234,244
1277108658Image000027.jpg,23,26,PRIORITY_ROAD,726,489,749,515
1277108658Image000027.jpg,15,17,PEDESTRIAN_CROSSING,738,522,753,539
1277108658Image000027.jpg,14,16,PEDESTRIAN_CROSSING,421,526,435,542
1277108658Image000027.jpg,138,132,PEDESTRIAN_CROSSING,1096,112,1234,244
1277108658Image000027.jpg,23,26,PRIORITY_ROAD,726,489,749,515
1277108658Image000027.jpg,15,17,PEDESTRIAN_CROSSING,738,522,753,539
1277108658Image000027.jpg,14,16,PEDESTRIAN_CROSSING,421,526,435,542
1277108658Image000027.jpg,138,132,PEDESTRIAN_CROSSING,1096,112,1234,244
1277108658Image000027.jpg,23,26,PRIORITY_ROAD,726,489,749,515
1277108658Image000027.jpg,15,17,PEDESTRIAN_CROSSING,738,522,753,539
1277108658Image000027.jpg,14,16,PEDESTRIAN_CROSSING,421,526,435,542
1277108658Image000027.jpg,138,132,PEDESTRIAN_CROSSING,1096,112,1234,244
1277108658Image000027.jpg,23,26,PRIORITY_ROAD,726,489,749,515
1277108658Image000027.jpg,15,17,PEDESTRIAN_CROSSING,738,522,753,539
1277108658Image000027.jpg,14,16,PEDESTRIAN_CROSSING,421,526,435,542
1277108658Image000027.jpg,138,132,PEDESTRIAN_CROSSING,1096,112,1234,244
1277108658Image000027.jpg,23,26,PRIORITY_ROAD,726,489,749,515
1277108658Image000027.jpg,15,17,PEDESTRIAN_CROSSING,738,522,753,539
1277108658Image000027.jpg,14,16,PEDESTRIAN_CROSSING,421,526,435,542
1277108658Image000033.jpg,27,26,PRIORITY_ROAD,763,499,790,525
1277108658Image000033.jpg,14,17,PEDESTRIAN_CROSSING,440,538,454,555
1277108658Image000033.jpg,27,26,PRIORITY_ROAD,763,499,790,525
1277108658Image000033.jpg,14,17,PEDESTRIAN_CROSSING,440,538,454,555
1277108658Image000033.jpg,27,26,PRIORITY_ROAD,763,499,790,525
1277108658Image000033.jpg,14,17,PEDESTRIAN_CROSSING,440,538,454,555
1277108668Image000004.jpg,28,27,PEDESTRIAN_CROSSING,838,501,866,528
1277108668Image000004.jpg,27,27,PEDESTRIAN_CROSSING,683,481,710,508
1277108668Image000004.jpg,18,16,PRIORITY_ROAD,663,532,681,548
1277108668Image000004.jpg,10,25,GIVE_WAY,734,540,744,565
1277108668Image000004.jpg,25,24,PEDESTRIAN_CROSSING,177,522,202,546
1277108668Image000004.jpg,13,14,OTHER,531,548,544,562
1277108668Image000004.jpg,28,27,PEDESTRIAN_CROSSING,838,501,866,528
1277108668Image000004.jpg,27,27,PEDESTRIAN_CROSSING,683,481,710,508
1277108668Image000004.jpg,18,16,PRIORITY_ROAD,663,532,681,548
1277108668Image000004.jpg,10,25,GIVE_WAY,734,540,744,565
1277108668Image000004.jpg,25,24,PEDESTRIAN_CROSSING,177,522,202,546
1277108668Image000004.jpg,13,14,OTHER,531,548,544,562
1277108668Image000004.jpg,28,27,PEDESTRIAN_CROSSING,838,501,866,528
1277108668Image000004.jpg,27,27,PEDESTRIAN_CROSSING,683,481,710,508
1277108668Image000004.jpg,18,16,PRIORITY_ROAD,663,532,681,548
1277108668Image000004.jpg,10,25,GIVE_WAY,734,540,744,565
1277108668Image000004.jpg,25,24,PEDESTRIAN_CROSSING,177,522,202,546
1277108668Image000004.jpg,13,14,OTHER,531,548,544,562
1277108668Image000004.jpg,28,27,PEDESTRIAN_CROSSING,838,501,866,528
1277108668Image000004.jpg,27,27,PEDESTRIAN_CROSSING,683,481,710,508
1277108668Image000004.jpg,18,16,PRIORITY_ROAD,663,532,681,548
1277108668Image000004.jpg,10,25,GIVE_WAY,734,540,744,565
1277108668Image000004.jpg,25,24,PEDESTRIAN_CROSSING,177,522,202,546
1277108668Image000004.jpg,13,14,OTHER,531,548,544,562
1277108668Image000004.jpg,28,27,PEDESTRIAN_CROSSING,838,501,866,528
1277108668Image000004.jpg,27,27,PEDESTRIAN_CROSSING,683,481,710,508
1277108668Image000004.jpg,18,16,PRIORITY_ROAD,663,532,681,548
1277108668Image000004.jpg,10,25,GIVE_WAY,734,540,744,565
1277108668Image000004.jpg,25,24,PEDESTRIAN_CROSSING,177,522,202,546
1277108668Image000004.jpg,13,14,OTHER,531,548,544,562
1277108668Image000004.jpg,28,27,PEDESTRIAN_CROSSING,838,501,866,528
1277108668Image000004.jpg,27,27,PEDESTRIAN_CROSSING,683,481,710,508
1277108668Image000004.jpg,18,16,PRIORITY_ROAD,663,532,681,548
1277108668Image000004.jpg,10,25,GIVE_WAY,734,540,744,565
1277108668Image000004.jpg,25,24,PEDESTRIAN_CROSSING,177,522,202,546
1277108668Image000004.jpg,13,14,OTHER,531,548,544,562
1277108668Image000004.jpg,28,27,PEDESTRIAN_CROSSING,838,501,866,528
1277108668Image000004.jpg,27,27,PEDESTRIAN_CROSSING,683,481,710,508
1277108668Image000004.jpg,18,16,PRIORITY_ROAD,663,532,681,548
1277108668Image000004.jpg,10,25,GIVE_WAY,734,540,744,565
1277108668Image000004.jpg,25,24,PEDESTRIAN_CROSSING,177,522,202,546
1277108668Image000004.jpg,13,14,OTHER,531,548,544,562
1277108668Image000009.jpg,29,29,PEDESTRIAN_CROSSING,863,494,892,523
1277108668Image000009.jpg,10,24,GIVE_WAY,746,537,756,561
1277108668Image000009.jpg,35,33,PEDESTRIAN_CROSSING,693,469,728,502
1277108668Image000009.jpg,19,20,PRIORITY_ROAD,669,527,688,547
1277108668Image000009.jpg,27,25,PEDESTRIAN_CROSSING,149,518,176,543
1277108668Image000009.jpg,15,11,OTHER,528,548,543,559
1277108668Image000009.jpg,7,6,PRIORITY_ROAD,533,561,540,567
1277108668Image000009.jpg,29,29,PEDESTRIAN_CROSSING,863,494,892,523
1277108668Image000009.jpg,10,24,GIVE_WAY,746,537,756,561
1277108668Image000009.jpg,35,33,PEDESTRIAN_CROSSING,693,469,728,502
1277108668Image000009.jpg,19,20,PRIORITY_ROAD,669,527,688,547
1277108668Image000009.jpg,27,25,PEDESTRIAN_CROSSING,149,518,176,543
1277108668Image000009.jpg,15,11,OTHER,528,548,543,559
1277108668Image000009.jpg,7,6,PRIORITY_ROAD,533,561,540,567
1277108668Image000009.jpg,29,29,PEDESTRIAN_CROSSING,863,494,892,523
1277108668Image000009.jpg,10,24,GIVE_WAY,746,537,756,561
1277108668Image000009.jpg,35,33,PEDESTRIAN_CROSSING,693,469,728,502
1277108668Image000009.jpg,19,20,PRIORITY_ROAD,669,527,688,547
1277108668Image000009.jpg,27,25,PEDESTRIAN_CROSSING,149,518,176,543
1277108668Image000009.jpg,15,11,OTHER,528,548,543,559
1277108668Image000009.jpg,7,6,PRIORITY_ROAD,533,561,540,567
1277108668Image000009.jpg,29,29,PEDESTRIAN_CROSSING,863,494,892,523
1277108668Image000009.jpg,10,24,GIVE_WAY,746,537,756,561
1277108668Image000009.jpg,35,33,PEDESTRIAN_CROSSING,693,469,728,502
1277108668Image000009.jpg,19,20,PRIORITY_ROAD,669,527,688,547
1277108668Image000009.jpg,27,25,PEDESTRIAN_CROSSING,149,518,176,543
1277108668Image000009.jpg,15,11,OTHER,528,548,543,559
1277108668Image000009.jpg,7,6,PRIORITY_ROAD,533,561,540,567
1277108668Image000009.jpg,29,29,PEDESTRIAN_CROSSING,863,494,892,523
1277108668Image000009.jpg,10,24,GIVE_WAY,746,537,756,561
1277108668Image000009.jpg,35,33,PEDESTRIAN_CROSSING,693,469,728,502
1277108668Image000009.jpg,19,20,PRIORITY_ROAD,669,527,688,547
1277108668Image000009.jpg,27,25,PEDESTRIAN_CROSSING,149,518,176,543
1277108668Image000009.jpg,15,11,OTHER,528,548,543,559
1277108668Image000009.jpg,7,6,PRIORITY_ROAD,533,561,540,567
1277108668Image000009.jpg,29,29,PEDESTRIAN_CROSSING,863,494,892,523
1277108668Image000009.jpg,10,24,GIVE_WAY,746,537,756,561
1277108668Image000009.jpg,35,33,PEDESTRIAN_CROSSING,693,469,728,502
1277108668Image000009.jpg,19,20,PRIORITY_ROAD,669,527,688,547
1277108668Image000009.jpg,27,25,PEDESTRIAN_CROSSING,149,518,176,543
1277108668Image000009.jpg,15,11,OTHER,528,548,543,559
1277108668Image000009.jpg,7,6,PRIORITY_ROAD,533,561,540,567
1277108668Image000009.jpg,29,29,PEDESTRIAN_CROSSING,863,494,892,523
1277108668Image000009.jpg,10,24,GIVE_WAY,746,537,756,561
1277108668Image000009.jpg,35,33,PEDESTRIAN_CROSSING,693,469,728,502
1277108668Image000009.jpg,19,20,PRIORITY_ROAD,669,527,688,547
1277108668Image000009.jpg,27,25,PEDESTRIAN_CROSSING,149,518,176,543
1277108668Image000009.jpg,15,11,OTHER,528,548,543,559
1277108668Image000009.jpg,7,6,PRIORITY_ROAD,533,561,540,567
1277108668Image000009.jpg,29,29,PEDESTRIAN_CROSSING,863,494,892,523
1277108668Image000009.jpg,10,24,GIVE_WAY,746,537,756,561
1277108668Image000009.jpg,35,33,PEDESTRIAN_CROSSING,693,469,728,502
1277108668Image000009.jpg,19,20,PRIORITY_ROAD,669,527,688,547
1277108668Image000009.jpg,27,25,PEDESTRIAN_CROSSING,149,518,176,543
1277108668Image000009.jpg,15,11,OTHER,528,548,543,559
1277108668Image000009.jpg,7,6,PRIORITY_ROAD,533,561,540,567
1277108668Image000014.jpg,34,36,PEDESTRIAN_CROSSING,909,484,943,520
1277108668Image000014.jpg,14,34,PEDESTRIAN_CROSSING,843,458,857,492
1277108668Image000014.jpg,34,32,PEDESTRIAN_CROSSING,719,460,753,492
1277108668Image000014.jpg,20,20,PRIORITY_ROAD,679,527,699,547
1277108668Image000014.jpg,29,29,PEDESTRIAN_CROSSING,101,516,130,545
1277108668Image000014.jpg,16,16,OTHER,523,550,539,566
1277108668Image000014.jpg,7,7,PRIORITY_ROAD,527,567,534,574
1277108668Image000014.jpg,34,36,PEDESTRIAN_CROSSING,909,484,943,520
1277108668Image000014.jpg,14,34,PEDESTRIAN_CROSSING,843,458,857,492
1277108668Image000014.jpg,34,32,PEDESTRIAN_CROSSING,719,460,753,492
1277108668Image000014.jpg,20,20,PRIORITY_ROAD,679,527,699,547
1277108668Image000014.jpg,29,29,PEDESTRIAN_CROSSING,101,516,130,545
1277108668Image000014.jpg,16,16,OTHER,523,550,539,566
1277108668Image000014.jpg,7,7,PRIORITY_ROAD,527,567,534,574
1277108668Image000014.jpg,34,36,PEDESTRIAN_CROSSING,909,484,943,520
1277108668Image000014.jpg,14,34,PEDESTRIAN_CROSSING,843,458,857,492
1277108668Image000014.jpg,34,32,PEDESTRIAN_CROSSING,719,460,753,492
1277108668Image000014.jpg,20,20,PRIORITY_ROAD,679,527,699,547
1277108668Image000014.jpg,29,29,PEDESTRIAN_CROSSING,101,516,130,545
1277108668Image000014.jpg,16,16,OTHER,523,550,539,566
1277108668Image000014.jpg,7,7,PRIORITY_ROAD,527,567,534,574
1277108668Image000014.jpg,34,36,PEDESTRIAN_CROSSING,909,484,943,520
1277108668Image000014.jpg,14,34,PEDESTRIAN_CROSSING,843,458,857,492
1277108668Image000014.jpg,34,32,PEDESTRIAN_CROSSING,719,460,753,492
1277108668Image000014.jpg,20,20,PRIORITY_ROAD,679,527,699,547
1277108668Image000014.jpg,29,29,PEDESTRIAN_CROSSING,101,516,130,545
1277108668Image000014.jpg,16,16,OTHER,523,550,539,566
1277108668Image000014.jpg,7,7,PRIORITY_ROAD,527,567,534,574
1277108668Image000014.jpg,34,36,PEDESTRIAN_CROSSING,909,484,943,520
1277108668Image000014.jpg,14,34,PEDESTRIAN_CROSSING,843,458,857,492
1277108668Image000014.jpg,34,32,PEDESTRIAN_CROSSING,719,460,753,492
1277108668Image000014.jpg,20,20,PRIORITY_ROAD,679,527,699,547
1277108668Image000014.jpg,29,29,PEDESTRIAN_CROSSING,101,516,130,545
1277108668Image000014.jpg,16,16,OTHER,523,550,539,566
1277108668Image000014.jpg,7,7,PRIORITY_ROAD,527,567,534,574
1277108668Image000014.jpg,34,36,PEDESTRIAN_CROSSING,909,484,943,520
1277108668Image000014.jpg,14,34,PEDESTRIAN_CROSSING,843,458,857,492
1277108668Image000014.jpg,34,32,PEDESTRIAN_CROSSING,719,460,753,492
1277108668Image000014.jpg,20,20,PRIORITY_ROAD,679,527,699,547
1277108668Image000014.jpg,29,29,PEDESTRIAN_CROSSING,101,516,130,545
1277108668Image000014.jpg,16,16,OTHER,523,550,539,566
1277108668Image000014.jpg,7,7,PRIORITY_ROAD,527,567,534,574
1277108668Image000014.jpg,34,36,PEDESTRIAN_CROSSING,909,484,943,520
1277108668Image000014.jpg,14,34,PEDESTRIAN_CROSSING,843,458,857,492
1277108668Image000014.jpg,34,32,PEDESTRIAN_CROSSING,719,460,753,492
1277108668Image000014.jpg,20,20,PRIORITY_ROAD,679,527,699,547
1277108668Image000014.jpg,29,29,PEDESTRIAN_CROSSING,101,516,130,545
1277108668Image000014.jpg,16,16,OTHER,523,550,539,566
1277108668Image000014.jpg,7,7,PRIORITY_ROAD,527,567,534,574
1277108668Image000014.jpg,34,36,PEDESTRIAN_CROSSING,909,484,943,520
1277108668Image000014.jpg,14,34,PEDESTRIAN_CROSSING,843,458,857,492
1277108668Image000014.jpg,34,32,PEDESTRIAN_CROSSING,719,460,753,492
1277108668Image000014.jpg,20,20,PRIORITY_ROAD,679,527,699,547
1277108668Image000014.jpg,29,29,PEDESTRIAN_CROSSING,101,516,130,545
1277108668Image000014.jpg,16,16,OTHER,523,550,539,566
1277108668Image000014.jpg,7,7,PRIORITY_ROAD,527,567,534,574
1277108668Image000019.jpg,34,38,PEDESTRIAN_CROSSING,982,460,1016,498
1277108668Image000019.jpg,16,39,PEDESTRIAN_CROSSING,898,428,914,467
1277108668Image000019.jpg,39,36,PEDESTRIAN_CROSSING,758,427,797,463
1277108668Image000019.jpg,24,22,PRIORITY_ROAD,691,513,715,535
1277108668Image000019.jpg,34,34,PEDESTRIAN_CROSSING,30,496,64,530
1277108668Image000019.jpg,12,12,OTHER,518,546,530,558
1277108668Image000019.jpg,8,7,PRIORITY_ROAD,522,558,530,565
1277108668Image000019.jpg,34,38,PEDESTRIAN_CROSSING,982,460,1016,498
1277108668Image000019.jpg,16,39,PEDESTRIAN_CROSSING,898,428,914,467
1277108668Image000019.jpg,39,36,PEDESTRIAN_CROSSING,758,427,797,463
1277108668Image000019.jpg,24,22,PRIORITY_ROAD,691,513,715,535
1277108668Image000019.jpg,34,34,PEDESTRIAN_CROSSING,30,496,64,530
1277108668Image000019.jpg,12,12,OTHER,518,546,530,558
1277108668Image000019.jpg,8,7,PRIORITY_ROAD,522,558,530,565
1277108668Image000019.jpg,34,38,PEDESTRIAN_CROSSING,982,460,1016,498
1277108668Image000019.jpg,16,39,PEDESTRIAN_CROSSING,898,428,914,467
1277108668Image000019.jpg,39,36,PEDESTRIAN_CROSSING,758,427,797,463
1277108668Image000019.jpg,24,22,PRIORITY_ROAD,691,513,715,535
1277108668Image000019.jpg,34,34,PEDESTRIAN_CROSSING,30,496,64,530
1277108668Image000019.jpg,12,12,OTHER,518,546,530,558
1277108668Image000019.jpg,8,7,PRIORITY_ROAD,522,558,530,565
1277108668Image000019.jpg,34,38,PEDESTRIAN_CROSSING,982,460,1016,498
1277108668Image000019.jpg,16,39,PEDESTRIAN_CROSSING,898,428,914,467
1277108668Image000019.jpg,39,36,PEDESTRIAN_CROSSING,758,427,797,463
1277108668Image000019.jpg,24,22,PRIORITY_ROAD,691,513,715,535
1277108668Image000019.jpg,34,34,PEDESTRIAN_CROSSING,30,496,64,530
1277108668Image000019.jpg,12,12,OTHER,518,546,530,558
1277108668Image000019.jpg,8,7,PRIORITY_ROAD,522,558,530,565
1277108668Image000019.jpg,34,38,PEDESTRIAN_CROSSING,982,460,1016,498
1277108668Image000019.jpg,16,39,PEDESTRIAN_CROSSING,898,428,914,467
1277108668Image000019.jpg,39,36,PEDESTRIAN_CROSSING,758,427,797,463
1277108668Image000019.jpg,24,22,PRIORITY_ROAD,691,513,715,535
1277108668Image000019.jpg,34,34,PEDESTRIAN_CROSSING,30,496,64,530
1277108668Image000019.jpg,12,12,OTHER,518,546,530,558
1277108668Image000019.jpg,8,7,PRIORITY_ROAD,522,558,530,565
1277108668Image000019.jpg,34,38,PEDESTRIAN_CROSSING,982,460,1016,498
1277108668Image000019.jpg,16,39,PEDESTRIAN_CROSSING,898,428,914,467
1277108668Image000019.jpg,39,36,PEDESTRIAN_CROSSING,758,427,797,463
1277108668Image000019.jpg,24,22,PRIORITY_ROAD,691,513,715,535
1277108668Image000019.jpg,34,34,PEDESTRIAN_CROSSING,30,496,64,530
1277108668Image000019.jpg,12,12,OTHER,518,546,530,558
1277108668Image000019.jpg,8,7,PRIORITY_ROAD,522,558,530,565
1277108668Image000019.jpg,34,38,PEDESTRIAN_CROSSING,982,460,1016,498
1277108668Image000019.jpg,16,39,PEDESTRIAN_CROSSING,898,428,914,467
1277108668Image000019.jpg,39,36,PEDESTRIAN_CROSSING,758,427,797,463
1277108668Image000019.jpg,24,22,PRIORITY_ROAD,691,513,715,535
1277108668Image000019.jpg,34,34,PEDESTRIAN_CROSSING,30,496,64,530
1277108668Image000019.jpg,12,12,OTHER,518,546,530,558
1277108668Image000019.jpg,8,7,PRIORITY_ROAD,522,558,530,565
1277108668Image000019.jpg,34,38,PEDESTRIAN_CROSSING,982,460,1016,498
1277108668Image000019.jpg,16,39,PEDESTRIAN_CROSSING,898,428,914,467
1277108668Image000019.jpg,39,36,PEDESTRIAN_CROSSING,758,427,797,463
1277108668Image000019.jpg,24,22,PRIORITY_ROAD,691,513,715,535
1277108668Image000019.jpg,34,34,PEDESTRIAN_CROSSING,30,496,64,530
1277108668Image000019.jpg,12,12,OTHER,518,546,530,558
1277108668Image000019.jpg,8,7,PRIORITY_ROAD,522,558,530,565
1277108668Image000025.jpg,57,65,PEDESTRIAN_CROSSING,1216,402,1273,467
1277108668Image000025.jpg,70,60,PEDESTRIAN_CROSSING,894,353,964,413
1277108668Image000025.jpg,29,26,PRIORITY_ROAD,741,506,770,532
1277108668Image000025.jpg,12,11,OTHER,516,552,528,563
1277108668Image000025.jpg,8,9,PRIORITY_ROAD,519,565,527,574
1277108668Image000025.jpg,57,65,PEDESTRIAN_CROSSING,1216,402,1273,467
1277108668Image000025.jpg,70,60,PEDESTRIAN_CROSSING,894,353,964,413
1277108668Image000025.jpg,29,26,PRIORITY_ROAD,741,506,770,532
1277108668Image000025.jpg,12,11,OTHER,516,552,528,563
1277108668Image000025.jpg,8,9,PRIORITY_ROAD,519,565,527,574
1277108668Image000025.jpg,57,65,PEDESTRIAN_CROSSING,1216,402,1273,467
1277108668Image000025.jpg,70,60,PEDESTRIAN_CROSSING,894,353,964,413
1277108668Image000025.jpg,29,26,PRIORITY_ROAD,741,506,770,532
1277108668Image000025.jpg,12,11,OTHER,516,552,528,563
1277108668Image000025.jpg,8,9,PRIORITY_ROAD,519,565,527,574
1277108668Image000025.jpg,57,65,PEDESTRIAN_CROSSING,1216,402,1273,467
1277108668Image000025.jpg,70,60,PEDESTRIAN_CROSSING,894,353,964,413
1277108668Image000025.jpg,29,26,PRIORITY_ROAD,741,506,770,532
1277108668Image000025.jpg,12,11,OTHER,516,552,528,563
1277108668Image000025.jpg,8,9,PRIORITY_ROAD,519,565,527,574
1277108668Image000025.jpg,57,65,PEDESTRIAN_CROSSING,1216,402,1273,467
1277108668Image000025.jpg,70,60,PEDESTRIAN_CROSSING,894,353,964,413
1277108668Image000025.jpg,29,26,PRIORITY_ROAD,741,506,770,532
1277108668Image000025.jpg,12,11,OTHER,516,552,528,563
1277108668Image000025.jpg,8,9,PRIORITY_ROAD,519,565,527,574
1277108668Image000025.jpg,57,65,PEDESTRIAN_CROSSING,1216,402,1273,467
1277108668Image000025.jpg,70,60,PEDESTRIAN_CROSSING,894,353,964,413
1277108668Image000025.jpg,29,26,PRIORITY_ROAD,741,506,770,532
1277108668Image000025.jpg,12,11,OTHER,516,552,528,563
1277108668Image000025.jpg,8,9,PRIORITY_ROAD,519,565,527,574
1277108668Image000030.jpg,42,68,PEDESTRIAN_CROSSING,1228,305,1270,373
1277108668Image000030.jpg,77,76,PEDESTRIAN_CROSSING,1014,281,1091,357
1277108668Image000030.jpg,16,42,PEDESTRIAN_CROSSING,930,447,946,489
1277108668Image000030.jpg,30,30,PRIORITY_ROAD,773,489,803,519
1277108668Image000030.jpg,11,10,OTHER,517,544,528,554
1277108668Image000030.jpg,7,6,PRIORITY_ROAD,520,559,527,565
1277108668Image000030.jpg,42,68,PEDESTRIAN_CROSSING,1228,305,1270,373
1277108668Image000030.jpg,77,76,PEDESTRIAN_CROSSING,1014,281,1091,357
1277108668Image000030.jpg,16,42,PEDESTRIAN_CROSSING,930,447,946,489
1277108668Image000030.jpg,30,30,PRIORITY_ROAD,773,489,803,519
1277108668Image000030.jpg,11,10,OTHER,517,544,528,554
1277108668Image000030.jpg,7,6,PRIORITY_ROAD,520,559,527,565
1277108668Image000030.jpg,42,68,PEDESTRIAN_CROSSING,1228,305,1270,373
1277108668Image000030.jpg,77,76,PEDESTRIAN_CROSSING,1014,281,1091,357
1277108668Image000030.jpg,16,42,PEDESTRIAN_CROSSING,930,447,946,489
1277108668Image000030.jpg,30,30,PRIORITY_ROAD,773,489,803,519
1277108668Image000030.jpg,11,10,OTHER,517,544,528,554
1277108668Image000030.jpg,7,6,PRIORITY_ROAD,520,559,527,565
1277108668Image000030.jpg,42,68,PEDESTRIAN_CROSSING,1228,305,1270,373
1277108668Image000030.jpg,77,76,PEDESTRIAN_CROSSING,1014,281,1091,357
1277108668Image000030.jpg,16,42,PEDESTRIAN_CROSSING,930,447,946,489
1277108668Image000030.jpg,30,30,PRIORITY_ROAD,773,489,803,519
1277108668Image000030.jpg,11,10,OTHER,517,544,528,554
1277108668Image000030.jpg,7,6,PRIORITY_ROAD,520,559,527,565
1277108668Image000030.jpg,42,68,PEDESTRIAN_CROSSING,1228,305,1270,373
1277108668Image000030.jpg,77,76,PEDESTRIAN_CROSSING,1014,281,1091,357
1277108668Image000030.jpg,16,42,PEDESTRIAN_CROSSING,930,447,946,489
1277108668Image000030.jpg,30,30,PRIORITY_ROAD,773,489,803,519
1277108668Image000030.jpg,11,10,OTHER,517,544,528,554
1277108668Image000030.jpg,7,6,PRIORITY_ROAD,520,559,527,565
1277108668Image000030.jpg,42,68,PEDESTRIAN_CROSSING,1228,305,1270,373
1277108668Image000030.jpg,77,76,PEDESTRIAN_CROSSING,1014,281,1091,357
1277108668Image000030.jpg,16,42,PEDESTRIAN_CROSSING,930,447,946,489
1277108668Image000030.jpg,30,30,PRIORITY_ROAD,773,489,803,519
1277108668Image000030.jpg,11,10,OTHER,517,544,528,554
1277108668Image000030.jpg,7,6,PRIORITY_ROAD,520,559,527,565
1277108668Image000030.jpg,42,68,PEDESTRIAN_CROSSING,1228,305,1270,373
1277108668Image000030.jpg,77,76,PEDESTRIAN_CROSSING,1014,281,1091,357
1277108668Image000030.jpg,16,42,PEDESTRIAN_CROSSING,930,447,946,489
1277108668Image000030.jpg,30,30,PRIORITY_ROAD,773,489,803,519
1277108668Image000030.jpg,11,10,OTHER,517,544,528,554
1277108668Image000030.jpg,7,6,PRIORITY_ROAD,520,559,527,565
1277108668Image000036.jpg,22,49,PEDESTRIAN_CROSSING,1043,425,1065,474
1277108668Image000036.jpg,35,37,PRIORITY_ROAD,840,477,875,514
1277108668Image000036.jpg,13,12,OTHER,523,548,536,560
1277108668Image000036.jpg,8,9,PRIORITY_ROAD,528,562,536,571
1277108668Image000036.jpg,22,49,PEDESTRIAN_CROSSING,1043,425,1065,474
1277108668Image000036.jpg,35,37,PRIORITY_ROAD,840,477,875,514
1277108668Image000036.jpg,13,12,OTHER,523,548,536,560
1277108668Image000036.jpg,8,9,PRIORITY_ROAD,528,562,536,571
1277108668Image000036.jpg,22,49,PEDESTRIAN_CROSSING,1043,425,1065,474
1277108668Image000036.jpg,35,37,PRIORITY_ROAD,840,477,875,514
1277108668Image000036.jpg,13,12,OTHER,523,548,536,560
1277108668Image000036.jpg,8,9,PRIORITY_ROAD,528,562,536,571
1277108668Image000036.jpg,22,49,PEDESTRIAN_CROSSING,1043,425,1065,474
1277108668Image000036.jpg,35,37,PRIORITY_ROAD,840,477,875,514
1277108668Image000036.jpg,13,12,OTHER,523,548,536,560
1277108668Image000036.jpg,8,9,PRIORITY_ROAD,528,562,536,571
1277108668Image000036.jpg,22,49,PEDESTRIAN_CROSSING,1043,425,1065,474
1277108668Image000036.jpg,35,37,PRIORITY_ROAD,840,477,875,514
1277108668Image000036.jpg,13,12,OTHER,523,548,536,560
1277108668Image000036.jpg,8,9,PRIORITY_ROAD,528,562,536,571
1277108668Image000041.jpg,51,55,PRIORITY_ROAD,1019,414,1070,469
1277108668Image000041.jpg,12,14,OTHER,542,533,554,547
1277108668Image000041.jpg,8,9,PRIORITY_ROAD,543,548,551,557
1277108668Image000041.jpg,51,55,PRIORITY_ROAD,1019,414,1070,469
1277108668Image000041.jpg,12,14,OTHER,542,533,554,547
1277108668Image000041.jpg,8,9,PRIORITY_ROAD,543,548,551,557
1277108668Image000041.jpg,51,55,PRIORITY_ROAD,1019,414,1070,469
1277108668Image000041.jpg,12,14,OTHER,542,533,554,547
1277108668Image000041.jpg,8,9,PRIORITY_ROAD,543,548,551,557
1277108668Image000041.jpg,51,55,PRIORITY_ROAD,1019,414,1070,469
1277108668Image000041.jpg,12,14,OTHER,542,533,554,547
1277108668Image000041.jpg,8,9,PRIORITY_ROAD,543,548,551,557
1277108678Image000003.jpg,9,40,PEDESTRIAN_CROSSING,846,433,855,473
1277108678Image000003.jpg,4,27,PEDESTRIAN_CROSSING,769,456,773,483
1277108678Image000003.jpg,11,34,GIVE_WAY,766,497,777,531
1277108678Image000003.jpg,34,33,OTHER,676,457,710,490
1277108678Image000003.jpg,26,25,PRIORITY_ROAD,681,500,707,525
1277108678Image000003.jpg,11,11,50_SIGN,554,548,565,559
1277108678Image000003.jpg,9,40,PEDESTRIAN_CROSSING,846,433,855,473
1277108678Image000003.jpg,4,27,PEDESTRIAN_CROSSING,769,456,773,483
1277108678Image000003.jpg,11,34,GIVE_WAY,766,497,777,531
1277108678Image000003.jpg,34,33,OTHER,676,457,710,490
1277108678Image000003.jpg,26,25,PRIORITY_ROAD,681,500,707,525
1277108678Image000003.jpg,11,11,50_SIGN,554,548,565,559
1277108678Image000003.jpg,9,40,PEDESTRIAN_CROSSING,846,433,855,473
1277108678Image000003.jpg,4,27,PEDESTRIAN_CROSSING,769,456,773,483
1277108678Image000003.jpg,11,34,GIVE_WAY,766,497,777,531
1277108678Image000003.jpg,34,33,OTHER,676,457,710,490
1277108678Image000003.jpg,26,25,PRIORITY_ROAD,681,500,707,525
1277108678Image000003.jpg,11,11,50_SIGN,554,548,565,559
1277108678Image000003.jpg,9,40,PEDESTRIAN_CROSSING,846,433,855,473
1277108678Image000003.jpg,4,27,PEDESTRIAN_CROSSING,769,456,773,483
1277108678Image000003.jpg,11,34,GIVE_WAY,766,497,777,531
1277108678Image000003.jpg,34,33,OTHER,676,457,710,490
1277108678Image000003.jpg,26,25,PRIORITY_ROAD,681,500,707,525
1277108678Image000003.jpg,11,11,50_SIGN,554,548,565,559
1277108678Image000003.jpg,9,40,PEDESTRIAN_CROSSING,846,433,855,473
1277108678Image000003.jpg,4,27,PEDESTRIAN_CROSSING,769,456,773,483
1277108678Image000003.jpg,11,34,GIVE_WAY,766,497,777,531
1277108678Image000003.jpg,34,33,OTHER,676,457,710,490
1277108678Image000003.jpg,26,25,PRIORITY_ROAD,681,500,707,525
1277108678Image000003.jpg,11,11,50_SIGN,554,548,565,559
1277108678Image000003.jpg,9,40,PEDESTRIAN_CROSSING,846,433,855,473
1277108678Image000003.jpg,4,27,PEDESTRIAN_CROSSING,769,456,773,483
1277108678Image000003.jpg,11,34,GIVE_WAY,766,497,777,531
1277108678Image000003.jpg,34,33,OTHER,676,457,710,490
1277108678Image000003.jpg,26,25,PRIORITY_ROAD,681,500,707,525
1277108678Image000003.jpg,11,11,50_SIGN,554,548,565,559
1277108678Image000003.jpg,9,40,PEDESTRIAN_CROSSING,846,433,855,473
1277108678Image000003.jpg,4,27,PEDESTRIAN_CROSSING,769,456,773,483
1277108678Image000003.jpg,11,34,GIVE_WAY,766,497,777,531
1277108678Image000003.jpg,34,33,OTHER,676,457,710,490
1277108678Image000003.jpg,26,25,PRIORITY_ROAD,681,500,707,525
1277108678Image000003.jpg,11,11,50_SIGN,554,548,565,559
1277108678Image000009.jpg,26,68,PEDESTRIAN_CROSSING,1083,338,1109,406
1277108678Image000009.jpg,48,48,OTHER,744,410,792,458
1277108678Image000009.jpg,36,35,PRIORITY_ROAD,750,470,786,505
1277108678Image000009.jpg,11,49,GIVE_WAY,882,463,893,512
1277108678Image000009.jpg,11,11,50_SIGN,560,542,571,553
1277108678Image000009.jpg,26,68,PEDESTRIAN_CROSSING,1083,338,1109,406
1277108678Image000009.jpg,48,48,OTHER,744,410,792,458
1277108678Image000009.jpg,36,35,PRIORITY_ROAD,750,470,786,505
1277108678Image000009.jpg,11,49,GIVE_WAY,882,463,893,512
1277108678Image000009.jpg,11,11,50_SIGN,560,542,571,553
1277108678Image000009.jpg,26,68,PEDESTRIAN_CROSSING,1083,338,1109,406
1277108678Image000009.jpg,48,48,OTHER,744,410,792,458
1277108678Image000009.jpg,36,35,PRIORITY_ROAD,750,470,786,505
1277108678Image000009.jpg,11,49,GIVE_WAY,882,463,893,512
1277108678Image000009.jpg,11,11,50_SIGN,560,542,571,553
1277108678Image000009.jpg,26,68,PEDESTRIAN_CROSSING,1083,338,1109,406
1277108678Image000009.jpg,48,48,OTHER,744,410,792,458
1277108678Image000009.jpg,36,35,PRIORITY_ROAD,750,470,786,505
1277108678Image000009.jpg,11,49,GIVE_WAY,882,463,893,512
1277108678Image000009.jpg,11,11,50_SIGN,560,542,571,553
1277108678Image000009.jpg,26,68,PEDESTRIAN_CROSSING,1083,338,1109,406
1277108678Image000009.jpg,48,48,OTHER,744,410,792,458
1277108678Image000009.jpg,36,35,PRIORITY_ROAD,750,470,786,505
1277108678Image000009.jpg,11,49,GIVE_WAY,882,463,893,512
1277108678Image000009.jpg,11,11,50_SIGN,560,542,571,553
1277108678Image000009.jpg,26,68,PEDESTRIAN_CROSSING,1083,338,1109,406
1277108678Image000009.jpg,48,48,OTHER,744,410,792,458
1277108678Image000009.jpg,36,35,PRIORITY_ROAD,750,470,786,505
1277108678Image000009.jpg,11,49,GIVE_WAY,882,463,893,512
1277108678Image000009.jpg,11,11,50_SIGN,560,542,571,553
1277108678Image000015.jpg,16,14,PRIORITY_ROAD,557,543,573,557
1277108678Image000015.jpg,16,14,PRIORITY_ROAD,557,543,573,557
1277108689Image000004.jpg,52,49,50_SIGN,760,418,812,467
1277108689Image000004.jpg,52,49,50_SIGN,760,418,812,467
1277108689Image000009.jpg,61,64,50_SIGN,854,367,915,431
1277108689Image000009.jpg,61,64,50_SIGN,854,367,915,431
1277108689Image000014.jpg,80,83,50_SIGN,984,351,1064,434
1277108689Image000014.jpg,80,83,50_SIGN,984,351,1064,434
1277108689Image000019.jpg,100,113,50_SIGN,1166,271,1266,384
1277108689Image000019.jpg,100,113,50_SIGN,1166,271,1266,384
1277108702Image000001.jpg,34,32,PRIORITY_ROAD,743,481,777,513
1277108702Image000001.jpg,21,25,PEDESTRIAN_CROSSING,656,508,677,533
1277108702Image000001.jpg,15,23,OTHER,699,492,714,515
1277108702Image000001.jpg,16,19,PEDESTRIAN_CROSSING,330,536,346,555
1277108702Image000001.jpg,34,32,PRIORITY_ROAD,743,481,777,513
1277108702Image000001.jpg,21,25,PEDESTRIAN_CROSSING,656,508,677,533
1277108702Image000001.jpg,15,23,OTHER,699,492,714,515
1277108702Image000001.jpg,16,19,PEDESTRIAN_CROSSING,330,536,346,555
1277108702Image000001.jpg,34,32,PRIORITY_ROAD,743,481,777,513
1277108702Image000001.jpg,21,25,PEDESTRIAN_CROSSING,656,508,677,533
1277108702Image000001.jpg,15,23,OTHER,699,492,714,515
1277108702Image000001.jpg,16,19,PEDESTRIAN_CROSSING,330,536,346,555
1277108702Image000001.jpg,34,32,PRIORITY_ROAD,743,481,777,513
1277108702Image000001.jpg,21,25,PEDESTRIAN_CROSSING,656,508,677,533
1277108702Image000001.jpg,15,23,OTHER,699,492,714,515
1277108702Image000001.jpg,16,19,PEDESTRIAN_CROSSING,330,536,346,555
1277108702Image000001.jpg,34,32,PRIORITY_ROAD,743,481,777,513
1277108702Image000001.jpg,21,25,PEDESTRIAN_CROSSING,656,508,677,533
1277108702Image000001.jpg,15,23,OTHER,699,492,714,515
1277108702Image000001.jpg,16,19,PEDESTRIAN_CROSSING,330,536,346,555
1277108702Image000006.jpg,46,48,PRIORITY_ROAD,832,435,878,483
1277108702Image000006.jpg,28,27,PEDESTRIAN_CROSSING,674,484,702,511
1277108702Image000006.jpg,17,28,OTHER,727,466,744,494
1277108702Image000006.jpg,20,20,PEDESTRIAN_CROSSING,282,513,302,533
1277108702Image000006.jpg,46,48,PRIORITY_ROAD,832,435,878,483
1277108702Image000006.jpg,28,27,PEDESTRIAN_CROSSING,674,484,702,511
1277108702Image000006.jpg,17,28,OTHER,727,466,744,494
1277108702Image000006.jpg,20,20,PEDESTRIAN_CROSSING,282,513,302,533
1277108702Image000006.jpg,46,48,PRIORITY_ROAD,832,435,878,483
1277108702Image000006.jpg,28,27,PEDESTRIAN_CROSSING,674,484,702,511
1277108702Image000006.jpg,17,28,OTHER,727,466,744,494
1277108702Image000006.jpg,20,20,PEDESTRIAN_CROSSING,282,513,302,533
1277108702Image000006.jpg,46,48,PRIORITY_ROAD,832,435,878,483
1277108702Image000006.jpg,28,27,PEDESTRIAN_CROSSING,674,484,702,511
1277108702Image000006.jpg,17,28,OTHER,727,466,744,494
1277108702Image000006.jpg,20,20,PEDESTRIAN_CROSSING,282,513,302,533
1277108702Image000006.jpg,46,48,PRIORITY_ROAD,832,435,878,483
1277108702Image000006.jpg,28,27,PEDESTRIAN_CROSSING,674,484,702,511
1277108702Image000006.jpg,17,28,OTHER,727,466,744,494
1277108702Image000006.jpg,20,20,PEDESTRIAN_CROSSING,282,513,302,533
1277108702Image000011.jpg,81,91,PRIORITY_ROAD,1142,320,1223,411
1277108702Image000011.jpg,23,36,OTHER,804,445,827,481
1277108702Image000011.jpg,37,37,PEDESTRIAN_CROSSING,732,468,769,505
1277108702Image000011.jpg,25,24,PEDESTRIAN_CROSSING,223,516,248,540
1277108702Image000011.jpg,81,91,PRIORITY_ROAD,1142,320,1223,411
1277108702Image000011.jpg,23,36,OTHER,804,445,827,481
1277108702Image000011.jpg,37,37,PEDESTRIAN_CROSSING,732,468,769,505
1277108702Image000011.jpg,25,24,PEDESTRIAN_CROSSING,223,516,248,540
1277108702Image000011.jpg,81,91,PRIORITY_ROAD,1142,320,1223,411
1277108702Image000011.jpg,23,36,OTHER,804,445,827,481
1277108702Image000011.jpg,37,37,PEDESTRIAN_CROSSING,732,468,769,505
1277108702Image000011.jpg,25,24,PEDESTRIAN_CROSSING,223,516,248,540
1277108702Image000011.jpg,81,91,PRIORITY_ROAD,1142,320,1223,411
1277108702Image000011.jpg,23,36,OTHER,804,445,827,481
1277108702Image000011.jpg,37,37,PEDESTRIAN_CROSSING,732,468,769,505
1277108702Image000011.jpg,25,24,PEDESTRIAN_CROSSING,223,516,248,540
1277108702Image000011.jpg,81,91,PRIORITY_ROAD,1142,320,1223,411
1277108702Image000011.jpg,23,36,OTHER,804,445,827,481
1277108702Image000011.jpg,37,37,PEDESTRIAN_CROSSING,732,468,769,505
1277108702Image000011.jpg,25,24,PEDESTRIAN_CROSSING,223,516,248,540
1277108702Image000016.jpg,45,61,OTHER,1081,318,1126,379
1277108702Image000016.jpg,71,66,PEDESTRIAN_CROSSING,954,363,1025,429
1277108702Image000016.jpg,35,35,PEDESTRIAN_CROSSING,112,486,147,521
1277108702Image000016.jpg,10,12,PEDESTRIAN_CROSSING,85,539,95,551
1277108702Image000016.jpg,11,11,PEDESTRIAN_CROSSING,507,544,518,555
1277108702Image000016.jpg,45,61,OTHER,1081,318,1126,379
1277108702Image000016.jpg,71,66,PEDESTRIAN_CROSSING,954,363,1025,429
1277108702Image000016.jpg,35,35,PEDESTRIAN_CROSSING,112,486,147,521
1277108702Image000016.jpg,10,12,PEDESTRIAN_CROSSING,85,539,95,551
1277108702Image000016.jpg,11,11,PEDESTRIAN_CROSSING,507,544,518,555
1277108702Image000016.jpg,45,61,OTHER,1081,318,1126,379
1277108702Image000016.jpg,71,66,PEDESTRIAN_CROSSING,954,363,1025,429
1277108702Image000016.jpg,35,35,PEDESTRIAN_CROSSING,112,486,147,521
1277108702Image000016.jpg,10,12,PEDESTRIAN_CROSSING,85,539,95,551
1277108702Image000016.jpg,11,11,PEDESTRIAN_CROSSING,507,544,518,555
1277108702Image000016.jpg,45,61,OTHER,1081,318,1126,379
1277108702Image000016.jpg,71,66,PEDESTRIAN_CROSSING,954,363,1025,429
1277108702Image000016.jpg,35,35,PEDESTRIAN_CROSSING,112,486,147,521
1277108702Image000016.jpg,10,12,PEDESTRIAN_CROSSING,85,539,95,551
1277108702Image000016.jpg,11,11,PEDESTRIAN_CROSSING,507,544,518,555
1277108702Image000016.jpg,45,61,OTHER,1081,318,1126,379
1277108702Image000016.jpg,71,66,PEDESTRIAN_CROSSING,954,363,1025,429
1277108702Image000016.jpg,35,35,PEDESTRIAN_CROSSING,112,486,147,521
1277108702Image000016.jpg,10,12,PEDESTRIAN_CROSSING,85,539,95,551
1277108702Image000016.jpg,11,11,PEDESTRIAN_CROSSING,507,544,518,555
1277108702Image000016.jpg,45,61,OTHER,1081,318,1126,379
1277108702Image000016.jpg,71,66,PEDESTRIAN_CROSSING,954,363,1025,429
1277108702Image000016.jpg,35,35,PEDESTRIAN_CROSSING,112,486,147,521
1277108702Image000016.jpg,10,12,PEDESTRIAN_CROSSING,85,539,95,551
1277108702Image000016.jpg,11,11,PEDESTRIAN_CROSSING,507,544,518,555
1277108710Image000004.jpg,20,19,PEDESTRIAN_CROSSING,498,521,518,540
1277108710Image000004.jpg,12,13,50_SIGN,246,551,258,564
1277108710Image000004.jpg,12,12,PRIORITY_ROAD,249,565,261,577
1277108710Image000004.jpg,20,19,PEDESTRIAN_CROSSING,498,521,518,540
1277108710Image000004.jpg,12,13,50_SIGN,246,551,258,564
1277108710Image000004.jpg,12,12,PRIORITY_ROAD,249,565,261,577
1277108710Image000004.jpg,20,19,PEDESTRIAN_CROSSING,498,521,518,540
1277108710Image000004.jpg,12,13,50_SIGN,246,551,258,564
1277108710Image000004.jpg,12,12,PRIORITY_ROAD,249,565,261,577
1277108710Image000004.jpg,20,19,PEDESTRIAN_CROSSING,498,521,518,540
1277108710Image000004.jpg,12,13,50_SIGN,246,551,258,564
1277108710Image000004.jpg,12,12,PRIORITY_ROAD,249,565,261,577
1277108710Image000014.jpg,29,31,PEDESTRIAN_CROSSING,496,489,525,520
1277108710Image000014.jpg,16,19,50_SIGN,179,536,195,555
1277108710Image000014.jpg,14,13,PRIORITY_ROAD,180,554,194,567
1277108710Image000014.jpg,29,31,PEDESTRIAN_CROSSING,496,489,525,520
1277108710Image000014.jpg,16,19,50_SIGN,179,536,195,555
1277108710Image000014.jpg,14,13,PRIORITY_ROAD,180,554,194,567
1277108710Image000014.jpg,29,31,PEDESTRIAN_CROSSING,496,489,525,520
1277108710Image000014.jpg,16,19,50_SIGN,179,536,195,555
1277108710Image000014.jpg,14,13,PRIORITY_ROAD,180,554,194,567
1277108710Image000014.jpg,29,31,PEDESTRIAN_CROSSING,496,489,525,520
1277108710Image000014.jpg,16,19,50_SIGN,179,536,195,555
1277108710Image000014.jpg,14,13,PRIORITY_ROAD,180,554,194,567
1277108710Image000019.jpg,34,34,PEDESTRIAN_CROSSING,503,479,537,513
1277108710Image000019.jpg,18,17,50_SIGN,163,535,181,552
1277108710Image000019.jpg,18,17,PRIORITY_ROAD,166,552,184,569
1277108710Image000019.jpg,34,34,PEDESTRIAN_CROSSING,503,479,537,513
1277108710Image000019.jpg,18,17,50_SIGN,163,535,181,552
1277108710Image000019.jpg,18,17,PRIORITY_ROAD,166,552,184,569
1277108710Image000019.jpg,34,34,PEDESTRIAN_CROSSING,503,479,537,513
1277108710Image000019.jpg,18,17,50_SIGN,163,535,181,552
1277108710Image000019.jpg,18,17,PRIORITY_ROAD,166,552,184,569
1277108710Image000019.jpg,34,34,PEDESTRIAN_CROSSING,503,479,537,513
1277108710Image000019.jpg,18,17,50_SIGN,163,535,181,552
1277108710Image000019.jpg,18,17,PRIORITY_ROAD,166,552,184,569
1277108710Image000024.jpg,40,41,PEDESTRIAN_CROSSING,520,466,560,507
1277108710Image000024.jpg,19,21,50_SIGN,155,532,174,553
1277108710Image000024.jpg,17,18,PRIORITY_ROAD,160,552,177,570
1277108710Image000024.jpg,40,41,PEDESTRIAN_CROSSING,520,466,560,507
1277108710Image000024.jpg,19,21,50_SIGN,155,532,174,553
1277108710Image000024.jpg,17,18,PRIORITY_ROAD,160,552,177,570
1277108710Image000024.jpg,40,41,PEDESTRIAN_CROSSING,520,466,560,507
1277108710Image000024.jpg,19,21,50_SIGN,155,532,174,553
1277108710Image000024.jpg,17,18,PRIORITY_ROAD,160,552,177,570
1277108710Image000024.jpg,40,41,PEDESTRIAN_CROSSING,520,466,560,507
1277108710Image000024.jpg,19,21,50_SIGN,155,532,174,553
1277108710Image000024.jpg,17,18,PRIORITY_ROAD,160,552,177,570
1277108710Image000029.jpg,47,46,PEDESTRIAN_CROSSING,554,442,601,488
1277108710Image000029.jpg,23,24,50_SIGN,152,525,175,549
1277108710Image000029.jpg,19,18,PRIORITY_ROAD,155,547,174,565
1277108710Image000029.jpg,47,46,PEDESTRIAN_CROSSING,554,442,601,488
1277108710Image000029.jpg,23,24,50_SIGN,152,525,175,549
1277108710Image000029.jpg,19,18,PRIORITY_ROAD,155,547,174,565
1277108710Image000029.jpg,47,46,PEDESTRIAN_CROSSING,554,442,601,488
1277108710Image000029.jpg,23,24,50_SIGN,152,525,175,549
1277108710Image000029.jpg,19,18,PRIORITY_ROAD,155,547,174,565
1277108710Image000029.jpg,47,46,PEDESTRIAN_CROSSING,554,442,601,488
1277108710Image000029.jpg,23,24,50_SIGN,152,525,175,549
1277108710Image000029.jpg,19,18,PRIORITY_ROAD,155,547,174,565
1277108710Image000034.jpg,59,60,PEDESTRIAN_CROSSING,598,402,657,462
1277108710Image000034.jpg,18,25,PEDESTRIAN_CROSSING,428,502,446,527
1277108710Image000034.jpg,9,22,PEDESTRIAN_CROSSING,464,486,473,508
1277108710Image000034.jpg,26,26,50_SIGN,148,516,174,542
1277108710Image000034.jpg,59,60,PEDESTRIAN_CROSSING,598,402,657,462
1277108710Image000034.jpg,18,25,PEDESTRIAN_CROSSING,428,502,446,527
1277108710Image000034.jpg,9,22,PEDESTRIAN_CROSSING,464,486,473,508
1277108710Image000034.jpg,26,26,50_SIGN,148,516,174,542
1277108710Image000034.jpg,59,60,PEDESTRIAN_CROSSING,598,402,657,462
1277108710Image000034.jpg,18,25,PEDESTRIAN_CROSSING,428,502,446,527
1277108710Image000034.jpg,9,22,PEDESTRIAN_CROSSING,464,486,473,508
1277108710Image000034.jpg,26,26,50_SIGN,148,516,174,542
1277108710Image000034.jpg,59,60,PEDESTRIAN_CROSSING,598,402,657,462
1277108710Image000034.jpg,18,25,PEDESTRIAN_CROSSING,428,502,446,527
1277108710Image000034.jpg,9,22,PEDESTRIAN_CROSSING,464,486,473,508
1277108710Image000034.jpg,26,26,50_SIGN,148,516,174,542
1277108710Image000034.jpg,59,60,PEDESTRIAN_CROSSING,598,402,657,462
1277108710Image000034.jpg,18,25,PEDESTRIAN_CROSSING,428,502,446,527
1277108710Image000034.jpg,9,22,PEDESTRIAN_CROSSING,464,486,473,508
1277108710Image000034.jpg,26,26,50_SIGN,148,516,174,542
1277108710Image000039.jpg,71,77,PEDESTRIAN_CROSSING,648,365,719,442
1277108710Image000039.jpg,9,21,PEDESTRIAN_CROSSING,486,485,495,506
1277108710Image000039.jpg,16,29,PEDESTRIAN_CROSSING,446,497,462,526
1277108710Image000039.jpg,25,26,50_SIGN,149,517,174,543
1277108710Image000039.jpg,71,77,PEDESTRIAN_CROSSING,648,365,719,442
1277108710Image000039.jpg,9,21,PEDESTRIAN_CROSSING,486,485,495,506
1277108710Image000039.jpg,16,29,PEDESTRIAN_CROSSING,446,497,462,526
1277108710Image000039.jpg,25,26,50_SIGN,149,517,174,543
1277108710Image000039.jpg,71,77,PEDESTRIAN_CROSSING,648,365,719,442
1277108710Image000039.jpg,9,21,PEDESTRIAN_CROSSING,486,485,495,506
1277108710Image000039.jpg,16,29,PEDESTRIAN_CROSSING,446,497,462,526
1277108710Image000039.jpg,25,26,50_SIGN,149,517,174,543
1277108710Image000039.jpg,71,77,PEDESTRIAN_CROSSING,648,365,719,442
1277108710Image000039.jpg,9,21,PEDESTRIAN_CROSSING,486,485,495,506
1277108710Image000039.jpg,16,29,PEDESTRIAN_CROSSING,446,497,462,526
1277108710Image000039.jpg,25,26,50_SIGN,149,517,174,543
1277108710Image000039.jpg,71,77,PEDESTRIAN_CROSSING,648,365,719,442
1277108710Image000039.jpg,9,21,PEDESTRIAN_CROSSING,486,485,495,506
1277108710Image000039.jpg,16,29,PEDESTRIAN_CROSSING,446,497,462,526
1277108710Image000039.jpg,25,26,50_SIGN,149,517,174,543
1277108710Image000044.jpg,95,94,PEDESTRIAN_CROSSING,750,299,845,393
1277108710Image000044.jpg,17,34,NO_PARKING,737,475,754,509
1277108710Image000044.jpg,23,31,PEDESTRIAN_CROSSING,478,492,501,523
1277108710Image000044.jpg,10,24,PEDESTRIAN_CROSSING,524,480,534,504
1277108710Image000044.jpg,25,26,50_SIGN,161,519,186,545
1277108710Image000044.jpg,95,94,PEDESTRIAN_CROSSING,750,299,845,393
1277108710Image000044.jpg,17,34,NO_PARKING,737,475,754,509
1277108710Image000044.jpg,23,31,PEDESTRIAN_CROSSING,478,492,501,523
1277108710Image000044.jpg,10,24,PEDESTRIAN_CROSSING,524,480,534,504
1277108710Image000044.jpg,25,26,50_SIGN,161,519,186,545
1277108710Image000044.jpg,95,94,PEDESTRIAN_CROSSING,750,299,845,393
1277108710Image000044.jpg,17,34,NO_PARKING,737,475,754,509
1277108710Image000044.jpg,23,31,PEDESTRIAN_CROSSING,478,492,501,523
1277108710Image000044.jpg,10,24,PEDESTRIAN_CROSSING,524,480,534,504
1277108710Image000044.jpg,25,26,50_SIGN,161,519,186,545
1277108710Image000044.jpg,95,94,PEDESTRIAN_CROSSING,750,299,845,393
1277108710Image000044.jpg,17,34,NO_PARKING,737,475,754,509
1277108710Image000044.jpg,23,31,PEDESTRIAN_CROSSING,478,492,501,523
1277108710Image000044.jpg,10,24,PEDESTRIAN_CROSSING,524,480,534,504
1277108710Image000044.jpg,25,26,50_SIGN,161,519,186,545
1277108710Image000044.jpg,95,94,PEDESTRIAN_CROSSING,750,299,845,393
1277108710Image000044.jpg,17,34,NO_PARKING,737,475,754,509
1277108710Image000044.jpg,23,31,PEDESTRIAN_CROSSING,478,492,501,523
1277108710Image000044.jpg,10,24,PEDESTRIAN_CROSSING,524,480,534,504
1277108710Image000044.jpg,25,26,50_SIGN,161,519,186,545
1277108710Image000044.jpg,95,94,PEDESTRIAN_CROSSING,750,299,845,393
1277108710Image000044.jpg,17,34,NO_PARKING,737,475,754,509
1277108710Image000044.jpg,23,31,PEDESTRIAN_CROSSING,478,492,501,523
1277108710Image000044.jpg,10,24,PEDESTRIAN_CROSSING,524,480,534,504
1277108710Image000044.jpg,25,26,50_SIGN,161,519,186,545
1277108710Image000049.jpg,28,49,NO_PARKING,946,440,974,489
1277108710Image000049.jpg,30,43,PEDESTRIAN_CROSSING,614,463,644,506
1277108710Image000049.jpg,12,30,PEDESTRIAN_CROSSING,663,458,675,488
1277108710Image000049.jpg,30,32,50_SIGN,225,510,255,542
1277108710Image000049.jpg,28,49,NO_PARKING,946,440,974,489
1277108710Image000049.jpg,30,43,PEDESTRIAN_CROSSING,614,463,644,506
1277108710Image000049.jpg,12,30,PEDESTRIAN_CROSSING,663,458,675,488
1277108710Image000049.jpg,30,32,50_SIGN,225,510,255,542
1277108710Image000049.jpg,28,49,NO_PARKING,946,440,974,489
1277108710Image000049.jpg,30,43,PEDESTRIAN_CROSSING,614,463,644,506
1277108710Image000049.jpg,12,30,PEDESTRIAN_CROSSING,663,458,675,488
1277108710Image000049.jpg,30,32,50_SIGN,225,510,255,542
1277108710Image000049.jpg,28,49,NO_PARKING,946,440,974,489
1277108710Image000049.jpg,30,43,PEDESTRIAN_CROSSING,614,463,644,506
1277108710Image000049.jpg,12,30,PEDESTRIAN_CROSSING,663,458,675,488
1277108710Image000049.jpg,30,32,50_SIGN,225,510,255,542
1277108710Image000049.jpg,28,49,NO_PARKING,946,440,974,489
1277108710Image000049.jpg,30,43,PEDESTRIAN_CROSSING,614,463,644,506
1277108710Image000049.jpg,12,30,PEDESTRIAN_CROSSING,663,458,675,488
1277108710Image000049.jpg,30,32,50_SIGN,225,510,255,542
1277108710Image000054.jpg,30,55,NO_PARKING,1063,416,1093,471
1277108710Image000054.jpg,37,49,PEDESTRIAN_CROSSING,686,443,723,492
1277108710Image000054.jpg,13,31,PEDESTRIAN_CROSSING,730,444,743,475
1277108710Image000054.jpg,34,34,50_SIGN,257,506,291,540
1277108710Image000054.jpg,27,28,PRIORITY_ROAD,264,539,291,567
1277108710Image000054.jpg,30,55,NO_PARKING,1063,416,1093,471
1277108710Image000054.jpg,37,49,PEDESTRIAN_CROSSING,686,443,723,492
1277108710Image000054.jpg,13,31,PEDESTRIAN_CROSSING,730,444,743,475
1277108710Image000054.jpg,34,34,50_SIGN,257,506,291,540
1277108710Image000054.jpg,27,28,PRIORITY_ROAD,264,539,291,567
1277108710Image000054.jpg,30,55,NO_PARKING,1063,416,1093,471
1277108710Image000054.jpg,37,49,PEDESTRIAN_CROSSING,686,443,723,492
1277108710Image000054.jpg,13,31,PEDESTRIAN_CROSSING,730,444,743,475
1277108710Image000054.jpg,34,34,50_SIGN,257,506,291,540
1277108710Image000054.jpg,27,28,PRIORITY_ROAD,264,539,291,567
1277108710Image000054.jpg,30,55,NO_PARKING,1063,416,1093,471
1277108710Image000054.jpg,37,49,PEDESTRIAN_CROSSING,686,443,723,492
1277108710Image000054.jpg,13,31,PEDESTRIAN_CROSSING,730,444,743,475
1277108710Image000054.jpg,34,34,50_SIGN,257,506,291,540
1277108710Image000054.jpg,27,28,PRIORITY_ROAD,264,539,291,567
1277108710Image000054.jpg,30,55,NO_PARKING,1063,416,1093,471
1277108710Image000054.jpg,37,49,PEDESTRIAN_CROSSING,686,443,723,492
1277108710Image000054.jpg,13,31,PEDESTRIAN_CROSSING,730,444,743,475
1277108710Image000054.jpg,34,34,50_SIGN,257,506,291,540
1277108710Image000054.jpg,27,28,PRIORITY_ROAD,264,539,291,567
1277108710Image000054.jpg,30,55,NO_PARKING,1063,416,1093,471
1277108710Image000054.jpg,37,49,PEDESTRIAN_CROSSING,686,443,723,492
1277108710Image000054.jpg,13,31,PEDESTRIAN_CROSSING,730,444,743,475
1277108710Image000054.jpg,34,34,50_SIGN,257,506,291,540
1277108710Image000054.jpg,27,28,PRIORITY_ROAD,264,539,291,567
1277108710Image000059.jpg,55,72,PEDESTRIAN_CROSSING,846,395,901,467
1277108710Image000059.jpg,37,40,50_SIGN,310,491,347,531
1277108710Image000059.jpg,32,31,PRIORITY_ROAD,316,531,348,562
1277108710Image000059.jpg,55,72,PEDESTRIAN_CROSSING,846,395,901,467
1277108710Image000059.jpg,37,40,50_SIGN,310,491,347,531
1277108710Image000059.jpg,32,31,PRIORITY_ROAD,316,531,348,562
1277108710Image000059.jpg,55,72,PEDESTRIAN_CROSSING,846,395,901,467
1277108710Image000059.jpg,37,40,50_SIGN,310,491,347,531
1277108710Image000059.jpg,32,31,PRIORITY_ROAD,316,531,348,562
1277108710Image000059.jpg,55,72,PEDESTRIAN_CROSSING,846,395,901,467
1277108710Image000059.jpg,37,40,50_SIGN,310,491,347,531
1277108710Image000059.jpg,32,31,PRIORITY_ROAD,316,531,348,562
1277108710Image000064.jpg,37,59,PEDESTRIAN_CROSSING,1136,338,1173,397
1277108710Image000064.jpg,45,48,50_SIGN,409,449,454,497
1277108710Image000064.jpg,40,41,PRIORITY_ROAD,415,499,455,540
1277108710Image000064.jpg,37,59,PEDESTRIAN_CROSSING,1136,338,1173,397
1277108710Image000064.jpg,45,48,50_SIGN,409,449,454,497
1277108710Image000064.jpg,40,41,PRIORITY_ROAD,415,499,455,540
1277108710Image000064.jpg,37,59,PEDESTRIAN_CROSSING,1136,338,1173,397
1277108710Image000064.jpg,45,48,50_SIGN,409,449,454,497
1277108710Image000064.jpg,40,41,PRIORITY_ROAD,415,499,455,540
1277108710Image000064.jpg,37,59,PEDESTRIAN_CROSSING,1136,338,1173,397
1277108710Image000064.jpg,45,48,50_SIGN,409,449,454,497
1277108710Image000064.jpg,40,41,PRIORITY_ROAD,415,499,455,540
1277108730Image000007.jpg,54,86,PEDESTRIAN_CROSSING,619,286,673,372
1277108730Image000007.jpg,55,99,PASS_RIGHT_SIDE,615,382,670,481
1277108730Image000007.jpg,72,76,PEDESTRIAN_CROSSING,1115,336,1187,412
1277108730Image000007.jpg,54,86,PEDESTRIAN_CROSSING,619,286,673,372
1277108730Image000007.jpg,55,99,PASS_RIGHT_SIDE,615,382,670,481
1277108730Image000007.jpg,72,76,PEDESTRIAN_CROSSING,1115,336,1187,412
1277108730Image000007.jpg,54,86,PEDESTRIAN_CROSSING,619,286,673,372
1277108730Image000007.jpg,55,99,PASS_RIGHT_SIDE,615,382,670,481
1277108730Image000007.jpg,72,76,PEDESTRIAN_CROSSING,1115,336,1187,412
1277108730Image000007.jpg,54,86,PEDESTRIAN_CROSSING,619,286,673,372
1277108730Image000007.jpg,55,99,PASS_RIGHT_SIDE,615,382,670,481
1277108730Image000007.jpg,72,76,PEDESTRIAN_CROSSING,1115,336,1187,412
1277108730Image000012.jpg,74,122,PEDESTRIAN_CROSSING,209,213,283,335
1277108730Image000012.jpg,72,122,PASS_RIGHT_SIDE,209,347,281,469
1277108730Image000012.jpg,79,81,PEDESTRIAN_CROSSING,836,317,915,398
1277108730Image000012.jpg,74,122,PEDESTRIAN_CROSSING,209,213,283,335
1277108730Image000012.jpg,72,122,PASS_RIGHT_SIDE,209,347,281,469
1277108730Image000012.jpg,79,81,PEDESTRIAN_CROSSING,836,317,915,398
1277108730Image000012.jpg,74,122,PEDESTRIAN_CROSSING,209,213,283,335
1277108730Image000012.jpg,72,122,PASS_RIGHT_SIDE,209,347,281,469
1277108730Image000012.jpg,79,81,PEDESTRIAN_CROSSING,836,317,915,398
1277108730Image000012.jpg,74,122,PEDESTRIAN_CROSSING,209,213,283,335
1277108730Image000012.jpg,72,122,PASS_RIGHT_SIDE,209,347,281,469
1277108730Image000012.jpg,79,81,PEDESTRIAN_CROSSING,836,317,915,398
1277108730Image000017.jpg,88,95,PEDESTRIAN_CROSSING,574,254,662,349
1277108730Image000022.jpg,106,116,PEDESTRIAN_CROSSING,340,205,446,321
1277108730Image000027.jpg,135,152,PEDESTRIAN_CROSSING,-3,90,132,242
1277108730Image000027.jpg,18,17,PEDESTRIAN_CROSSING,1130,474,1148,491
1277108730Image000027.jpg,12,11,PRIORITY_ROAD,1127,493,1139,504
1277108730Image000027.jpg,135,152,PEDESTRIAN_CROSSING,-3,90,132,242
1277108730Image000027.jpg,18,17,PEDESTRIAN_CROSSING,1130,474,1148,491
1277108730Image000027.jpg,12,11,PRIORITY_ROAD,1127,493,1139,504
1277108730Image000027.jpg,135,152,PEDESTRIAN_CROSSING,-3,90,132,242
1277108730Image000027.jpg,18,17,PEDESTRIAN_CROSSING,1130,474,1148,491
1277108730Image000027.jpg,12,11,PRIORITY_ROAD,1127,493,1139,504
1277108730Image000032.jpg,15,15,PEDESTRIAN_CROSSING,977,484,992,499
1277108730Image000032.jpg,15,12,PRIORITY_ROAD,967,499,982,511
1277108730Image000032.jpg,15,15,PEDESTRIAN_CROSSING,977,484,992,499
1277108730Image000032.jpg,15,12,PRIORITY_ROAD,967,499,982,511
1277108730Image000032.jpg,15,15,PEDESTRIAN_CROSSING,977,484,992,499
1277108730Image000032.jpg,15,12,PRIORITY_ROAD,967,499,982,511
1277108826Image000003.jpg,39,35,PRIORITY_ROAD,759,489,798,524
1277108826Image000003.jpg,39,35,PRIORITY_ROAD,759,489,798,524
1277108826Image000008.jpg,42,41,PRIORITY_ROAD,795,477,837,518
1277108826Image000008.jpg,42,41,PRIORITY_ROAD,795,477,837,518
1277108826Image000013.jpg,40,42,PRIORITY_ROAD,821,469,861,511
1277108826Image000013.jpg,40,42,PRIORITY_ROAD,821,469,861,511
1277108826Image000023.jpg,52,54,PRIORITY_ROAD,902,434,954,488
1277108826Image000023.jpg,52,54,PRIORITY_ROAD,902,434,954,488
1277108826Image000028.jpg,58,58,PRIORITY_ROAD,962,420,1020,478
1277108826Image000028.jpg,58,58,PRIORITY_ROAD,962,420,1020,478
1277108826Image000033.jpg,67,67,PRIORITY_ROAD,1018,398,1085,465
1277108826Image000033.jpg,67,67,PRIORITY_ROAD,1018,398,1085,465
1277108826Image000038.jpg,71,84,PRIORITY_ROAD,1098,387,1169,471
1277108826Image000038.jpg,71,84,PRIORITY_ROAD,1098,387,1169,471
1277108826Image000043.jpg,55,96,PRIORITY_ROAD,1226,344,1281,440
1277108826Image000043.jpg,55,96,PRIORITY_ROAD,1226,344,1281,440
1277108843Image000003.jpg,7,8,PEDESTRIAN_CROSSING,280,564,287,572
1277108843Image000003.jpg,7,7,PASS_RIGHT_SIDE,280,572,287,579
1277108843Image000003.jpg,8,8,GIVE_WAY,360,569,368,577
1277108843Image000003.jpg,8,8,OTHER,360,575,368,583
1277108843Image000003.jpg,6,7,GIVE_WAY,456,566,462,573
1277108843Image000003.jpg,5,7,OTHER,457,571,462,578
1277108843Image000003.jpg,7,8,PEDESTRIAN_CROSSING,280,564,287,572
1277108843Image000003.jpg,7,7,PASS_RIGHT_SIDE,280,572,287,579
1277108843Image000003.jpg,8,8,GIVE_WAY,360,569,368,577
1277108843Image000003.jpg,8,8,OTHER,360,575,368,583
1277108843Image000003.jpg,6,7,GIVE_WAY,456,566,462,573
1277108843Image000003.jpg,5,7,OTHER,457,571,462,578
1277108843Image000003.jpg,7,8,PEDESTRIAN_CROSSING,280,564,287,572
1277108843Image000003.jpg,7,7,PASS_RIGHT_SIDE,280,572,287,579
1277108843Image000003.jpg,8,8,GIVE_WAY,360,569,368,577
1277108843Image000003.jpg,8,8,OTHER,360,575,368,583
1277108843Image000003.jpg,6,7,GIVE_WAY,456,566,462,573
1277108843Image000003.jpg,5,7,OTHER,457,571,462,578
1277108843Image000003.jpg,7,8,PEDESTRIAN_CROSSING,280,564,287,572
1277108843Image000003.jpg,7,7,PASS_RIGHT_SIDE,280,572,287,579
1277108843Image000003.jpg,8,8,GIVE_WAY,360,569,368,577
1277108843Image000003.jpg,8,8,OTHER,360,575,368,583
1277108843Image000003.jpg,6,7,GIVE_WAY,456,566,462,573
1277108843Image000003.jpg,5,7,OTHER,457,571,462,578
1277108843Image000003.jpg,7,8,PEDESTRIAN_CROSSING,280,564,287,572
1277108843Image000003.jpg,7,7,PASS_RIGHT_SIDE,280,572,287,579
1277108843Image000003.jpg,8,8,GIVE_WAY,360,569,368,577
1277108843Image000003.jpg,8,8,OTHER,360,575,368,583
1277108843Image000003.jpg,6,7,GIVE_WAY,456,566,462,573
1277108843Image000003.jpg,5,7,OTHER,457,571,462,578
1277108843Image000003.jpg,7,8,PEDESTRIAN_CROSSING,280,564,287,572
1277108843Image000003.jpg,7,7,PASS_RIGHT_SIDE,280,572,287,579
1277108843Image000003.jpg,8,8,GIVE_WAY,360,569,368,577
1277108843Image000003.jpg,8,8,OTHER,360,575,368,583
1277108843Image000003.jpg,6,7,GIVE_WAY,456,566,462,573
1277108843Image000003.jpg,5,7,OTHER,457,571,462,578
1277108843Image000003.jpg,7,8,PEDESTRIAN_CROSSING,280,564,287,572
1277108843Image000003.jpg,7,7,PASS_RIGHT_SIDE,280,572,287,579
1277108843Image000003.jpg,8,8,GIVE_WAY,360,569,368,577
1277108843Image000003.jpg,8,8,OTHER,360,575,368,583
1277108843Image000003.jpg,6,7,GIVE_WAY,456,566,462,573
1277108843Image000003.jpg,5,7,OTHER,457,571,462,578
1277108843Image000013.jpg,6,9,PEDESTRIAN_CROSSING,281,558,287,567
1277108843Image000013.jpg,8,7,PASS_RIGHT_SIDE,279,566,287,573
1277108843Image000013.jpg,8,8,GIVE_WAY,366,560,374,568
1277108843Image000013.jpg,8,9,PASS_RIGHT_SIDE,367,568,375,577
1277108843Image000013.jpg,5,7,GIVE_WAY,469,556,474,563
1277108843Image000013.jpg,5,7,OTHER,470,563,475,570
1277108843Image000013.jpg,6,9,PEDESTRIAN_CROSSING,281,558,287,567
1277108843Image000013.jpg,8,7,PASS_RIGHT_SIDE,279,566,287,573
1277108843Image000013.jpg,8,8,GIVE_WAY,366,560,374,568
1277108843Image000013.jpg,8,9,PASS_RIGHT_SIDE,367,568,375,577
1277108843Image000013.jpg,5,7,GIVE_WAY,469,556,474,563
1277108843Image000013.jpg,5,7,OTHER,470,563,475,570
1277108843Image000013.jpg,6,9,PEDESTRIAN_CROSSING,281,558,287,567
1277108843Image000013.jpg,8,7,PASS_RIGHT_SIDE,279,566,287,573
1277108843Image000013.jpg,8,8,GIVE_WAY,366,560,374,568
1277108843Image000013.jpg,8,9,PASS_RIGHT_SIDE,367,568,375,577
1277108843Image000013.jpg,5,7,GIVE_WAY,469,556,474,563
1277108843Image000013.jpg,5,7,OTHER,470,563,475,570
1277108843Image000013.jpg,6,9,PEDESTRIAN_CROSSING,281,558,287,567
1277108843Image000013.jpg,8,7,PASS_RIGHT_SIDE,279,566,287,573
1277108843Image000013.jpg,8,8,GIVE_WAY,366,560,374,568
1277108843Image000013.jpg,8,9,PASS_RIGHT_SIDE,367,568,375,577
1277108843Image000013.jpg,5,7,GIVE_WAY,469,556,474,563
1277108843Image000013.jpg,5,7,OTHER,470,563,475,570
1277108843Image000013.jpg,6,9,PEDESTRIAN_CROSSING,281,558,287,567
1277108843Image000013.jpg,8,7,PASS_RIGHT_SIDE,279,566,287,573
1277108843Image000013.jpg,8,8,GIVE_WAY,366,560,374,568
1277108843Image000013.jpg,8,9,PASS_RIGHT_SIDE,367,568,375,577
1277108843Image000013.jpg,5,7,GIVE_WAY,469,556,474,563
1277108843Image000013.jpg,5,7,OTHER,470,563,475,570
1277108843Image000013.jpg,6,9,PEDESTRIAN_CROSSING,281,558,287,567
1277108843Image000013.jpg,8,7,PASS_RIGHT_SIDE,279,566,287,573
1277108843Image000013.jpg,8,8,GIVE_WAY,366,560,374,568
1277108843Image000013.jpg,8,9,PASS_RIGHT_SIDE,367,568,375,577
1277108843Image000013.jpg,5,7,GIVE_WAY,469,556,474,563
1277108843Image000013.jpg,5,7,OTHER,470,563,475,570
1277108843Image000013.jpg,6,9,PEDESTRIAN_CROSSING,281,558,287,567
1277108843Image000013.jpg,8,7,PASS_RIGHT_SIDE,279,566,287,573
1277108843Image000013.jpg,8,8,GIVE_WAY,366,560,374,568
1277108843Image000013.jpg,8,9,PASS_RIGHT_SIDE,367,568,375,577
1277108843Image000013.jpg,5,7,GIVE_WAY,469,556,474,563
1277108843Image000013.jpg,5,7,OTHER,470,563,475,570
1277108843Image000018.jpg,8,8,PEDESTRIAN_CROSSING,287,550,295,558
1277108843Image000018.jpg,8,9,PASS_RIGHT_SIDE,287,557,295,566
1277108843Image000018.jpg,7,6,PEDESTRIAN_CROSSING,367,555,374,561
1277108843Image000018.jpg,9,8,GIVE_WAY,380,553,389,561
1277108843Image000018.jpg,8,8,PASS_RIGHT_SIDE,381,562,389,570
1277108843Image000018.jpg,6,6,GIVE_WAY,489,550,495,556
1277108843Image000018.jpg,5,6,OTHER,488,556,493,562
1277108843Image000018.jpg,7,8,PEDESTRIAN_CROSSING,197,551,204,559
1277108843Image000018.jpg,8,8,PEDESTRIAN_CROSSING,287,550,295,558
1277108843Image000018.jpg,8,9,PASS_RIGHT_SIDE,287,557,295,566
1277108843Image000018.jpg,7,6,PEDESTRIAN_CROSSING,367,555,374,561
1277108843Image000018.jpg,9,8,GIVE_WAY,380,553,389,561
1277108843Image000018.jpg,8,8,PASS_RIGHT_SIDE,381,562,389,570
1277108843Image000018.jpg,6,6,GIVE_WAY,489,550,495,556
1277108843Image000018.jpg,5,6,OTHER,488,556,493,562
1277108843Image000018.jpg,7,8,PEDESTRIAN_CROSSING,197,551,204,559
1277108843Image000018.jpg,8,8,PEDESTRIAN_CROSSING,287,550,295,558
1277108843Image000018.jpg,8,9,PASS_RIGHT_SIDE,287,557,295,566
1277108843Image000018.jpg,7,6,PEDESTRIAN_CROSSING,367,555,374,561
1277108843Image000018.jpg,9,8,GIVE_WAY,380,553,389,561
1277108843Image000018.jpg,8,8,PASS_RIGHT_SIDE,381,562,389,570
1277108843Image000018.jpg,6,6,GIVE_WAY,489,550,495,556
1277108843Image000018.jpg,5,6,OTHER,488,556,493,562
1277108843Image000018.jpg,7,8,PEDESTRIAN_CROSSING,197,551,204,559
1277108843Image000018.jpg,8,8,PEDESTRIAN_CROSSING,287,550,295,558
1277108843Image000018.jpg,8,9,PASS_RIGHT_SIDE,287,557,295,566
1277108843Image000018.jpg,7,6,PEDESTRIAN_CROSSING,367,555,374,561
1277108843Image000018.jpg,9,8,GIVE_WAY,380,553,389,561
1277108843Image000018.jpg,8,8,PASS_RIGHT_SIDE,381,562,389,570
1277108843Image000018.jpg,6,6,GIVE_WAY,489,550,495,556
1277108843Image000018.jpg,5,6,OTHER,488,556,493,562
1277108843Image000018.jpg,7,8,PEDESTRIAN_CROSSING,197,551,204,559
1277108843Image000018.jpg,8,8,PEDESTRIAN_CROSSING,287,550,295,558
1277108843Image000018.jpg,8,9,PASS_RIGHT_SIDE,287,557,295,566
1277108843Image000018.jpg,7,6,PEDESTRIAN_CROSSING,367,555,374,561
1277108843Image000018.jpg,9,8,GIVE_WAY,380,553,389,561
1277108843Image000018.jpg,8,8,PASS_RIGHT_SIDE,381,562,389,570
1277108843Image000018.jpg,6,6,GIVE_WAY,489,550,495,556
1277108843Image000018.jpg,5,6,OTHER,488,556,493,562
1277108843Image000018.jpg,7,8,PEDESTRIAN_CROSSING,197,551,204,559
1277108843Image000018.jpg,8,8,PEDESTRIAN_CROSSING,287,550,295,558
1277108843Image000018.jpg,8,9,PASS_RIGHT_SIDE,287,557,295,566
1277108843Image000018.jpg,7,6,PEDESTRIAN_CROSSING,367,555,374,561
1277108843Image000018.jpg,9,8,GIVE_WAY,380,553,389,561
1277108843Image000018.jpg,8,8,PASS_RIGHT_SIDE,381,562,389,570
1277108843Image000018.jpg,6,6,GIVE_WAY,489,550,495,556
1277108843Image000018.jpg,5,6,OTHER,488,556,493,562
1277108843Image000018.jpg,7,8,PEDESTRIAN_CROSSING,197,551,204,559
1277108843Image000018.jpg,8,8,PEDESTRIAN_CROSSING,287,550,295,558
1277108843Image000018.jpg,8,9,PASS_RIGHT_SIDE,287,557,295,566
1277108843Image000018.jpg,7,6,PEDESTRIAN_CROSSING,367,555,374,561
1277108843Image000018.jpg,9,8,GIVE_WAY,380,553,389,561
1277108843Image000018.jpg,8,8,PASS_RIGHT_SIDE,381,562,389,570
1277108843Image000018.jpg,6,6,GIVE_WAY,489,550,495,556
1277108843Image000018.jpg,5,6,OTHER,488,556,493,562
1277108843Image000018.jpg,7,8,PEDESTRIAN_CROSSING,197,551,204,559
1277108843Image000018.jpg,8,8,PEDESTRIAN_CROSSING,287,550,295,558
1277108843Image000018.jpg,8,9,PASS_RIGHT_SIDE,287,557,295,566
1277108843Image000018.jpg,7,6,PEDESTRIAN_CROSSING,367,555,374,561
1277108843Image000018.jpg,9,8,GIVE_WAY,380,553,389,561
1277108843Image000018.jpg,8,8,PASS_RIGHT_SIDE,381,562,389,570
1277108843Image000018.jpg,6,6,GIVE_WAY,489,550,495,556
1277108843Image000018.jpg,5,6,OTHER,488,556,493,562
1277108843Image000018.jpg,7,8,PEDESTRIAN_CROSSING,197,551,204,559
1277108843Image000018.jpg,8,8,PEDESTRIAN_CROSSING,287,550,295,558
1277108843Image000018.jpg,8,9,PASS_RIGHT_SIDE,287,557,295,566
1277108843Image000018.jpg,7,6,PEDESTRIAN_CROSSING,367,555,374,561
1277108843Image000018.jpg,9,8,GIVE_WAY,380,553,389,561
1277108843Image000018.jpg,8,8,PASS_RIGHT_SIDE,381,562,389,570
1277108843Image000018.jpg,6,6,GIVE_WAY,489,550,495,556
1277108843Image000018.jpg,5,6,OTHER,488,556,493,562
1277108843Image000018.jpg,7,8,PEDESTRIAN_CROSSING,197,551,204,559
1277108851Image000001.jpg,13,14,PEDESTRIAN_CROSSING,531,509,544,523
1277108851Image000001.jpg,14,14,GIVE_WAY,564,517,578,531
1277108851Image000001.jpg,14,14,OTHER,562,534,576,548
1277108851Image000001.jpg,20,20,PEDESTRIAN_CROSSING,336,491,356,511
1277108851Image000001.jpg,17,17,PASS_RIGHT_SIDE,337,509,354,526
1277108851Image000001.jpg,17,16,PEDESTRIAN_CROSSING,141,495,158,511
1277108851Image000001.jpg,13,14,PEDESTRIAN_CROSSING,531,509,544,523
1277108851Image000001.jpg,14,14,GIVE_WAY,564,517,578,531
1277108851Image000001.jpg,14,14,OTHER,562,534,576,548
1277108851Image000001.jpg,20,20,PEDESTRIAN_CROSSING,336,491,356,511
1277108851Image000001.jpg,17,17,PASS_RIGHT_SIDE,337,509,354,526
1277108851Image000001.jpg,17,16,PEDESTRIAN_CROSSING,141,495,158,511
1277108851Image000001.jpg,13,14,PEDESTRIAN_CROSSING,531,509,544,523
1277108851Image000001.jpg,14,14,GIVE_WAY,564,517,578,531
1277108851Image000001.jpg,14,14,OTHER,562,534,576,548
1277108851Image000001.jpg,20,20,PEDESTRIAN_CROSSING,336,491,356,511
1277108851Image000001.jpg,17,17,PASS_RIGHT_SIDE,337,509,354,526
1277108851Image000001.jpg,17,16,PEDESTRIAN_CROSSING,141,495,158,511
1277108851Image000001.jpg,13,14,PEDESTRIAN_CROSSING,531,509,544,523
1277108851Image000001.jpg,14,14,GIVE_WAY,564,517,578,531
1277108851Image000001.jpg,14,14,OTHER,562,534,576,548
1277108851Image000001.jpg,20,20,PEDESTRIAN_CROSSING,336,491,356,511
1277108851Image000001.jpg,17,17,PASS_RIGHT_SIDE,337,509,354,526
1277108851Image000001.jpg,17,16,PEDESTRIAN_CROSSING,141,495,158,511
1277108851Image000001.jpg,13,14,PEDESTRIAN_CROSSING,531,509,544,523
1277108851Image000001.jpg,14,14,GIVE_WAY,564,517,578,531
1277108851Image000001.jpg,14,14,OTHER,562,534,576,548
1277108851Image000001.jpg,20,20,PEDESTRIAN_CROSSING,336,491,356,511
1277108851Image000001.jpg,17,17,PASS_RIGHT_SIDE,337,509,354,526
1277108851Image000001.jpg,17,16,PEDESTRIAN_CROSSING,141,495,158,511
1277108851Image000001.jpg,13,14,PEDESTRIAN_CROSSING,531,509,544,523
1277108851Image000001.jpg,14,14,GIVE_WAY,564,517,578,531
1277108851Image000001.jpg,14,14,OTHER,562,534,576,548
1277108851Image000001.jpg,20,20,PEDESTRIAN_CROSSING,336,491,356,511
1277108851Image000001.jpg,17,17,PASS_RIGHT_SIDE,337,509,354,526
1277108851Image000001.jpg,17,16,PEDESTRIAN_CROSSING,141,495,158,511
1277108851Image000001.jpg,13,14,PEDESTRIAN_CROSSING,531,509,544,523
1277108851Image000001.jpg,14,14,GIVE_WAY,564,517,578,531
1277108851Image000001.jpg,14,14,OTHER,562,534,576,548
1277108851Image000001.jpg,20,20,PEDESTRIAN_CROSSING,336,491,356,511
1277108851Image000001.jpg,17,17,PASS_RIGHT_SIDE,337,509,354,526
1277108851Image000001.jpg,17,16,PEDESTRIAN_CROSSING,141,495,158,511
1277108851Image000006.jpg,16,16,PEDESTRIAN_CROSSING,533,498,549,514
1277108851Image000006.jpg,18,17,GIVE_WAY,567,508,585,525
1277108851Image000006.jpg,17,15,OTHER,567,524,584,539
1277108851Image000006.jpg,18,22,PEDESTRIAN_CROSSING,326,477,344,499
1277108851Image000006.jpg,22,20,PASS_RIGHT_SIDE,324,497,346,517
1277108851Image000006.jpg,18,18,PEDESTRIAN_CROSSING,116,483,134,501
1277108851Image000006.jpg,16,16,PEDESTRIAN_CROSSING,533,498,549,514
1277108851Image000006.jpg,18,17,GIVE_WAY,567,508,585,525
1277108851Image000006.jpg,17,15,OTHER,567,524,584,539
1277108851Image000006.jpg,18,22,PEDESTRIAN_CROSSING,326,477,344,499
1277108851Image000006.jpg,22,20,PASS_RIGHT_SIDE,324,497,346,517
1277108851Image000006.jpg,18,18,PEDESTRIAN_CROSSING,116,483,134,501
1277108851Image000006.jpg,16,16,PEDESTRIAN_CROSSING,533,498,549,514
1277108851Image000006.jpg,18,17,GIVE_WAY,567,508,585,525
1277108851Image000006.jpg,17,15,OTHER,567,524,584,539
1277108851Image000006.jpg,18,22,PEDESTRIAN_CROSSING,326,477,344,499
1277108851Image000006.jpg,22,20,PASS_RIGHT_SIDE,324,497,346,517
1277108851Image000006.jpg,18,18,PEDESTRIAN_CROSSING,116,483,134,501
1277108851Image000006.jpg,16,16,PEDESTRIAN_CROSSING,533,498,549,514
1277108851Image000006.jpg,18,17,GIVE_WAY,567,508,585,525
1277108851Image000006.jpg,17,15,OTHER,567,524,584,539
1277108851Image000006.jpg,18,22,PEDESTRIAN_CROSSING,326,477,344,499
1277108851Image000006.jpg,22,20,PASS_RIGHT_SIDE,324,497,346,517
1277108851Image000006.jpg,18,18,PEDESTRIAN_CROSSING,116,483,134,501
1277108851Image000006.jpg,16,16,PEDESTRIAN_CROSSING,533,498,549,514
1277108851Image000006.jpg,18,17,GIVE_WAY,567,508,585,525
1277108851Image000006.jpg,17,15,OTHER,567,524,584,539
1277108851Image000006.jpg,18,22,PEDESTRIAN_CROSSING,326,477,344,499
1277108851Image000006.jpg,22,20,PASS_RIGHT_SIDE,324,497,346,517
1277108851Image000006.jpg,18,18,PEDESTRIAN_CROSSING,116,483,134,501
1277108851Image000006.jpg,16,16,PEDESTRIAN_CROSSING,533,498,549,514
1277108851Image000006.jpg,18,17,GIVE_WAY,567,508,585,525
1277108851Image000006.jpg,17,15,OTHER,567,524,584,539
1277108851Image000006.jpg,18,22,PEDESTRIAN_CROSSING,326,477,344,499
1277108851Image000006.jpg,22,20,PASS_RIGHT_SIDE,324,497,346,517
1277108851Image000006.jpg,18,18,PEDESTRIAN_CROSSING,116,483,134,501
1277108851Image000006.jpg,16,16,PEDESTRIAN_CROSSING,533,498,549,514
1277108851Image000006.jpg,18,17,GIVE_WAY,567,508,585,525
1277108851Image000006.jpg,17,15,OTHER,567,524,584,539
1277108851Image000006.jpg,18,22,PEDESTRIAN_CROSSING,326,477,344,499
1277108851Image000006.jpg,22,20,PASS_RIGHT_SIDE,324,497,346,517
1277108851Image000006.jpg,18,18,PEDESTRIAN_CROSSING,116,483,134,501
1277108851Image000011.jpg,17,20,PEDESTRIAN_CROSSING,541,491,558,511
1277108851Image000011.jpg,16,16,GIVE_WAY,579,505,595,521
1277108851Image000011.jpg,17,17,OTHER,576,522,593,539
1277108851Image000011.jpg,20,20,PEDESTRIAN_CROSSING,317,471,337,491
1277108851Image000011.jpg,22,21,PASS_RIGHT_SIDE,316,492,338,513
1277108851Image000011.jpg,9,10,GIVE_WAY,781,516,790,526
1277108851Image000011.jpg,8,12,OTHER,781,528,789,540
1277108851Image000011.jpg,19,22,PEDESTRIAN_CROSSING,93,472,112,494
1277108851Image000011.jpg,17,20,PEDESTRIAN_CROSSING,541,491,558,511
1277108851Image000011.jpg,16,16,GIVE_WAY,579,505,595,521
1277108851Image000011.jpg,17,17,OTHER,576,522,593,539
1277108851Image000011.jpg,20,20,PEDESTRIAN_CROSSING,317,471,337,491
1277108851Image000011.jpg,22,21,PASS_RIGHT_SIDE,316,492,338,513
1277108851Image000011.jpg,9,10,GIVE_WAY,781,516,790,526
1277108851Image000011.jpg,8,12,OTHER,781,528,789,540
1277108851Image000011.jpg,19,22,PEDESTRIAN_CROSSING,93,472,112,494
1277108851Image000011.jpg,17,20,PEDESTRIAN_CROSSING,541,491,558,511
1277108851Image000011.jpg,16,16,GIVE_WAY,579,505,595,521
1277108851Image000011.jpg,17,17,OTHER,576,522,593,539
1277108851Image000011.jpg,20,20,PEDESTRIAN_CROSSING,317,471,337,491
1277108851Image000011.jpg,22,21,PASS_RIGHT_SIDE,316,492,338,513
1277108851Image000011.jpg,9,10,GIVE_WAY,781,516,790,526
1277108851Image000011.jpg,8,12,OTHER,781,528,789,540
1277108851Image000011.jpg,19,22,PEDESTRIAN_CROSSING,93,472,112,494
1277108851Image000011.jpg,17,20,PEDESTRIAN_CROSSING,541,491,558,511
1277108851Image000011.jpg,16,16,GIVE_WAY,579,505,595,521
1277108851Image000011.jpg,17,17,OTHER,576,522,593,539
1277108851Image000011.jpg,20,20,PEDESTRIAN_CROSSING,317,471,337,491
1277108851Image000011.jpg,22,21,PASS_RIGHT_SIDE,316,492,338,513
1277108851Image000011.jpg,9,10,GIVE_WAY,781,516,790,526
1277108851Image000011.jpg,8,12,OTHER,781,528,789,540
1277108851Image000011.jpg,19,22,PEDESTRIAN_CROSSING,93,472,112,494
1277108851Image000011.jpg,17,20,PEDESTRIAN_CROSSING,541,491,558,511
1277108851Image000011.jpg,16,16,GIVE_WAY,579,505,595,521
1277108851Image000011.jpg,17,17,OTHER,576,522,593,539
1277108851Image000011.jpg,20,20,PEDESTRIAN_CROSSING,317,471,337,491
1277108851Image000011.jpg,22,21,PASS_RIGHT_SIDE,316,492,338,513
1277108851Image000011.jpg,9,10,GIVE_WAY,781,516,790,526
1277108851Image000011.jpg,8,12,OTHER,781,528,789,540
1277108851Image000011.jpg,19,22,PEDESTRIAN_CROSSING,93,472,112,494
1277108851Image000011.jpg,17,20,PEDESTRIAN_CROSSING,541,491,558,511
1277108851Image000011.jpg,16,16,GIVE_WAY,579,505,595,521
1277108851Image000011.jpg,17,17,OTHER,576,522,593,539
1277108851Image000011.jpg,20,20,PEDESTRIAN_CROSSING,317,471,337,491
1277108851Image000011.jpg,22,21,PASS_RIGHT_SIDE,316,492,338,513
1277108851Image000011.jpg,9,10,GIVE_WAY,781,516,790,526
1277108851Image000011.jpg,8,12,OTHER,781,528,789,540
1277108851Image000011.jpg,19,22,PEDESTRIAN_CROSSING,93,472,112,494
1277108851Image000011.jpg,17,20,PEDESTRIAN_CROSSING,541,491,558,511
1277108851Image000011.jpg,16,16,GIVE_WAY,579,505,595,521
1277108851Image000011.jpg,17,17,OTHER,576,522,593,539
1277108851Image000011.jpg,20,20,PEDESTRIAN_CROSSING,317,471,337,491
1277108851Image000011.jpg,22,21,PASS_RIGHT_SIDE,316,492,338,513
1277108851Image000011.jpg,9,10,GIVE_WAY,781,516,790,526
1277108851Image000011.jpg,8,12,OTHER,781,528,789,540
1277108851Image000011.jpg,19,22,PEDESTRIAN_CROSSING,93,472,112,494
1277108851Image000011.jpg,17,20,PEDESTRIAN_CROSSING,541,491,558,511
1277108851Image000011.jpg,16,16,GIVE_WAY,579,505,595,521
1277108851Image000011.jpg,17,17,OTHER,576,522,593,539
1277108851Image000011.jpg,20,20,PEDESTRIAN_CROSSING,317,471,337,491
1277108851Image000011.jpg,22,21,PASS_RIGHT_SIDE,316,492,338,513
1277108851Image000011.jpg,9,10,GIVE_WAY,781,516,790,526
1277108851Image000011.jpg,8,12,OTHER,781,528,789,540
1277108851Image000011.jpg,19,22,PEDESTRIAN_CROSSING,93,472,112,494
1277108851Image000011.jpg,17,20,PEDESTRIAN_CROSSING,541,491,558,511
1277108851Image000011.jpg,16,16,GIVE_WAY,579,505,595,521
1277108851Image000011.jpg,17,17,OTHER,576,522,593,539
1277108851Image000011.jpg,20,20,PEDESTRIAN_CROSSING,317,471,337,491
1277108851Image000011.jpg,22,21,PASS_RIGHT_SIDE,316,492,338,513
1277108851Image000011.jpg,9,10,GIVE_WAY,781,516,790,526
1277108851Image000011.jpg,8,12,OTHER,781,528,789,540
1277108851Image000011.jpg,19,22,PEDESTRIAN_CROSSING,93,472,112,494
1277108851Image000016.jpg,20,19,PEDESTRIAN_CROSSING,559,488,579,507
1277108851Image000016.jpg,20,19,GIVE_WAY,594,503,614,522
1277108851Image000016.jpg,17,18,OTHER,593,522,610,540
1277108851Image000016.jpg,24,25,PEDESTRIAN_CROSSING,304,461,328,486
1277108851Image000016.jpg,22,24,PASS_RIGHT_SIDE,302,485,324,509
1277108851Image000016.jpg,19,18,PEDESTRIAN_CROSSING,57,467,76,485
1277108851Image000016.jpg,10,12,GIVE_WAY,806,517,816,529
1277108851Image000016.jpg,12,12,OTHER,805,529,817,541
1277108851Image000016.jpg,20,19,PEDESTRIAN_CROSSING,559,488,579,507
1277108851Image000016.jpg,20,19,GIVE_WAY,594,503,614,522
1277108851Image000016.jpg,17,18,OTHER,593,522,610,540
1277108851Image000016.jpg,24,25,PEDESTRIAN_CROSSING,304,461,328,486
1277108851Image000016.jpg,22,24,PASS_RIGHT_SIDE,302,485,324,509
1277108851Image000016.jpg,19,18,PEDESTRIAN_CROSSING,57,467,76,485
1277108851Image000016.jpg,10,12,GIVE_WAY,806,517,816,529
1277108851Image000016.jpg,12,12,OTHER,805,529,817,541
1277108851Image000016.jpg,20,19,PEDESTRIAN_CROSSING,559,488,579,507
1277108851Image000016.jpg,20,19,GIVE_WAY,594,503,614,522
1277108851Image000016.jpg,17,18,OTHER,593,522,610,540
1277108851Image000016.jpg,24,25,PEDESTRIAN_CROSSING,304,461,328,486
1277108851Image000016.jpg,22,24,PASS_RIGHT_SIDE,302,485,324,509
1277108851Image000016.jpg,19,18,PEDESTRIAN_CROSSING,57,467,76,485
1277108851Image000016.jpg,10,12,GIVE_WAY,806,517,816,529
1277108851Image000016.jpg,12,12,OTHER,805,529,817,541
1277108851Image000016.jpg,20,19,PEDESTRIAN_CROSSING,559,488,579,507
1277108851Image000016.jpg,20,19,GIVE_WAY,594,503,614,522
1277108851Image000016.jpg,17,18,OTHER,593,522,610,540
1277108851Image000016.jpg,24,25,PEDESTRIAN_CROSSING,304,461,328,486
1277108851Image000016.jpg,22,24,PASS_RIGHT_SIDE,302,485,324,509
1277108851Image000016.jpg,19,18,PEDESTRIAN_CROSSING,57,467,76,485
1277108851Image000016.jpg,10,12,GIVE_WAY,806,517,816,529
1277108851Image000016.jpg,12,12,OTHER,805,529,817,541
1277108851Image000016.jpg,20,19,PEDESTRIAN_CROSSING,559,488,579,507
1277108851Image000016.jpg,20,19,GIVE_WAY,594,503,614,522
1277108851Image000016.jpg,17,18,OTHER,593,522,610,540
1277108851Image000016.jpg,24,25,PEDESTRIAN_CROSSING,304,461,328,486
1277108851Image000016.jpg,22,24,PASS_RIGHT_SIDE,302,485,324,509
1277108851Image000016.jpg,19,18,PEDESTRIAN_CROSSING,57,467,76,485
1277108851Image000016.jpg,10,12,GIVE_WAY,806,517,816,529
1277108851Image000016.jpg,12,12,OTHER,805,529,817,541
1277108851Image000016.jpg,20,19,PEDESTRIAN_CROSSING,559,488,579,507
1277108851Image000016.jpg,20,19,GIVE_WAY,594,503,614,522
1277108851Image000016.jpg,17,18,OTHER,593,522,610,540
1277108851Image000016.jpg,24,25,PEDESTRIAN_CROSSING,304,461,328,486
1277108851Image000016.jpg,22,24,PASS_RIGHT_SIDE,302,485,324,509
1277108851Image000016.jpg,19,18,PEDESTRIAN_CROSSING,57,467,76,485
1277108851Image000016.jpg,10,12,GIVE_WAY,806,517,816,529
1277108851Image000016.jpg,12,12,OTHER,805,529,817,541
1277108851Image000016.jpg,20,19,PEDESTRIAN_CROSSING,559,488,579,507
1277108851Image000016.jpg,20,19,GIVE_WAY,594,503,614,522
1277108851Image000016.jpg,17,18,OTHER,593,522,610,540
1277108851Image000016.jpg,24,25,PEDESTRIAN_CROSSING,304,461,328,486
1277108851Image000016.jpg,22,24,PASS_RIGHT_SIDE,302,485,324,509
1277108851Image000016.jpg,19,18,PEDESTRIAN_CROSSING,57,467,76,485
1277108851Image000016.jpg,10,12,GIVE_WAY,806,517,816,529
1277108851Image000016.jpg,12,12,OTHER,805,529,817,541
1277108851Image000016.jpg,20,19,PEDESTRIAN_CROSSING,559,488,579,507
1277108851Image000016.jpg,20,19,GIVE_WAY,594,503,614,522
1277108851Image000016.jpg,17,18,OTHER,593,522,610,540
1277108851Image000016.jpg,24,25,PEDESTRIAN_CROSSING,304,461,328,486
1277108851Image000016.jpg,22,24,PASS_RIGHT_SIDE,302,485,324,509
1277108851Image000016.jpg,19,18,PEDESTRIAN_CROSSING,57,467,76,485
1277108851Image000016.jpg,10,12,GIVE_WAY,806,517,816,529
1277108851Image000016.jpg,12,12,OTHER,805,529,817,541
1277108851Image000016.jpg,20,19,PEDESTRIAN_CROSSING,559,488,579,507
1277108851Image000016.jpg,20,19,GIVE_WAY,594,503,614,522
1277108851Image000016.jpg,17,18,OTHER,593,522,610,540
1277108851Image000016.jpg,24,25,PEDESTRIAN_CROSSING,304,461,328,486
1277108851Image000016.jpg,22,24,PASS_RIGHT_SIDE,302,485,324,509
1277108851Image000016.jpg,19,18,PEDESTRIAN_CROSSING,57,467,76,485
1277108851Image000016.jpg,10,12,GIVE_WAY,806,517,816,529
1277108851Image000016.jpg,12,12,OTHER,805,529,817,541
1277108851Image000021.jpg,20,24,PEDESTRIAN_CROSSING,580,488,600,512
1277108851Image000021.jpg,20,20,GIVE_WAY,615,506,635,526
1277108851Image000021.jpg,18,23,OTHER,614,526,632,549
1277108851Image000021.jpg,24,24,PEDESTRIAN_CROSSING,297,461,321,485
1277108851Image000021.jpg,28,28,PASS_RIGHT_SIDE,295,489,323,517
1277108851Image000021.jpg,18,20,PEDESTRIAN_CROSSING,27,470,45,490
1277108851Image000021.jpg,6,14,GIVE_WAY,839,523,845,537
1277108851Image000021.jpg,6,13,OTHER,838,537,844,550
1277108851Image000021.jpg,20,24,PEDESTRIAN_CROSSING,580,488,600,512
1277108851Image000021.jpg,20,20,GIVE_WAY,615,506,635,526
1277108851Image000021.jpg,18,23,OTHER,614,526,632,549
1277108851Image000021.jpg,24,24,PEDESTRIAN_CROSSING,297,461,321,485
1277108851Image000021.jpg,28,28,PASS_RIGHT_SIDE,295,489,323,517
1277108851Image000021.jpg,18,20,PEDESTRIAN_CROSSING,27,470,45,490
1277108851Image000021.jpg,6,14,GIVE_WAY,839,523,845,537
1277108851Image000021.jpg,6,13,OTHER,838,537,844,550
1277108851Image000021.jpg,20,24,PEDESTRIAN_CROSSING,580,488,600,512
1277108851Image000021.jpg,20,20,GIVE_WAY,615,506,635,526
1277108851Image000021.jpg,18,23,OTHER,614,526,632,549
1277108851Image000021.jpg,24,24,PEDESTRIAN_CROSSING,297,461,321,485
1277108851Image000021.jpg,28,28,PASS_RIGHT_SIDE,295,489,323,517
1277108851Image000021.jpg,18,20,PEDESTRIAN_CROSSING,27,470,45,490
1277108851Image000021.jpg,6,14,GIVE_WAY,839,523,845,537
1277108851Image000021.jpg,6,13,OTHER,838,537,844,550
1277108851Image000021.jpg,20,24,PEDESTRIAN_CROSSING,580,488,600,512
1277108851Image000021.jpg,20,20,GIVE_WAY,615,506,635,526
1277108851Image000021.jpg,18,23,OTHER,614,526,632,549
1277108851Image000021.jpg,24,24,PEDESTRIAN_CROSSING,297,461,321,485
1277108851Image000021.jpg,28,28,PASS_RIGHT_SIDE,295,489,323,517
1277108851Image000021.jpg,18,20,PEDESTRIAN_CROSSING,27,470,45,490
1277108851Image000021.jpg,6,14,GIVE_WAY,839,523,845,537
1277108851Image000021.jpg,6,13,OTHER,838,537,844,550
1277108851Image000021.jpg,20,24,PEDESTRIAN_CROSSING,580,488,600,512
1277108851Image000021.jpg,20,20,GIVE_WAY,615,506,635,526
1277108851Image000021.jpg,18,23,OTHER,614,526,632,549
1277108851Image000021.jpg,24,24,PEDESTRIAN_CROSSING,297,461,321,485
1277108851Image000021.jpg,28,28,PASS_RIGHT_SIDE,295,489,323,517
1277108851Image000021.jpg,18,20,PEDESTRIAN_CROSSING,27,470,45,490
1277108851Image000021.jpg,6,14,GIVE_WAY,839,523,845,537
1277108851Image000021.jpg,6,13,OTHER,838,537,844,550
1277108851Image000021.jpg,20,24,PEDESTRIAN_CROSSING,580,488,600,512
1277108851Image000021.jpg,20,20,GIVE_WAY,615,506,635,526
1277108851Image000021.jpg,18,23,OTHER,614,526,632,549
1277108851Image000021.jpg,24,24,PEDESTRIAN_CROSSING,297,461,321,485
1277108851Image000021.jpg,28,28,PASS_RIGHT_SIDE,295,489,323,517
1277108851Image000021.jpg,18,20,PEDESTRIAN_CROSSING,27,470,45,490
1277108851Image000021.jpg,6,14,GIVE_WAY,839,523,845,537
1277108851Image000021.jpg,6,13,OTHER,838,537,844,550
1277108851Image000021.jpg,20,24,PEDESTRIAN_CROSSING,580,488,600,512
1277108851Image000021.jpg,20,20,GIVE_WAY,615,506,635,526
1277108851Image000021.jpg,18,23,OTHER,614,526,632,549
1277108851Image000021.jpg,24,24,PEDESTRIAN_CROSSING,297,461,321,485
1277108851Image000021.jpg,28,28,PASS_RIGHT_SIDE,295,489,323,517
1277108851Image000021.jpg,18,20,PEDESTRIAN_CROSSING,27,470,45,490
1277108851Image000021.jpg,6,14,GIVE_WAY,839,523,845,537
1277108851Image000021.jpg,6,13,OTHER,838,537,844,550
1277108851Image000021.jpg,20,24,PEDESTRIAN_CROSSING,580,488,600,512
1277108851Image000021.jpg,20,20,GIVE_WAY,615,506,635,526
1277108851Image000021.jpg,18,23,OTHER,614,526,632,549
1277108851Image000021.jpg,24,24,PEDESTRIAN_CROSSING,297,461,321,485
1277108851Image000021.jpg,28,28,PASS_RIGHT_SIDE,295,489,323,517
1277108851Image000021.jpg,18,20,PEDESTRIAN_CROSSING,27,470,45,490
1277108851Image000021.jpg,6,14,GIVE_WAY,839,523,845,537
1277108851Image000021.jpg,6,13,OTHER,838,537,844,550
1277108851Image000021.jpg,20,24,PEDESTRIAN_CROSSING,580,488,600,512
1277108851Image000021.jpg,20,20,GIVE_WAY,615,506,635,526
1277108851Image000021.jpg,18,23,OTHER,614,526,632,549
1277108851Image000021.jpg,24,24,PEDESTRIAN_CROSSING,297,461,321,485
1277108851Image000021.jpg,28,28,PASS_RIGHT_SIDE,295,489,323,517
1277108851Image000021.jpg,18,20,PEDESTRIAN_CROSSING,27,470,45,490
1277108851Image000021.jpg,6,14,GIVE_WAY,839,523,845,537
1277108851Image000021.jpg,6,13,OTHER,838,537,844,550
1277108851Image000026.jpg,24,25,PEDESTRIAN_CROSSING,294,454,318,479
1277108851Image000026.jpg,30,29,PASS_RIGHT_SIDE,290,480,320,509
1277108851Image000026.jpg,24,25,PEDESTRIAN_CROSSING,605,480,629,505
1277108851Image000026.jpg,25,22,GIVE_WAY,639,501,664,523
1277108851Image000026.jpg,18,19,OTHER,640,526,658,545
1277108851Image000026.jpg,19,24,PEDESTRIAN_CROSSING,3,465,22,489
1277108851Image000026.jpg,6,15,GIVE_WAY,869,517,875,532
1277108851Image000026.jpg,7,15,OTHER,867,531,874,546
1277108851Image000026.jpg,24,25,PEDESTRIAN_CROSSING,294,454,318,479
1277108851Image000026.jpg,30,29,PASS_RIGHT_SIDE,290,480,320,509
1277108851Image000026.jpg,24,25,PEDESTRIAN_CROSSING,605,480,629,505
1277108851Image000026.jpg,25,22,GIVE_WAY,639,501,664,523
1277108851Image000026.jpg,18,19,OTHER,640,526,658,545
1277108851Image000026.jpg,19,24,PEDESTRIAN_CROSSING,3,465,22,489
1277108851Image000026.jpg,6,15,GIVE_WAY,869,517,875,532
1277108851Image000026.jpg,7,15,OTHER,867,531,874,546
1277108851Image000026.jpg,24,25,PEDESTRIAN_CROSSING,294,454,318,479
1277108851Image000026.jpg,30,29,PASS_RIGHT_SIDE,290,480,320,509
1277108851Image000026.jpg,24,25,PEDESTRIAN_CROSSING,605,480,629,505
1277108851Image000026.jpg,25,22,GIVE_WAY,639,501,664,523
1277108851Image000026.jpg,18,19,OTHER,640,526,658,545
1277108851Image000026.jpg,19,24,PEDESTRIAN_CROSSING,3,465,22,489
1277108851Image000026.jpg,6,15,GIVE_WAY,869,517,875,532
1277108851Image000026.jpg,7,15,OTHER,867,531,874,546
1277108851Image000026.jpg,24,25,PEDESTRIAN_CROSSING,294,454,318,479
1277108851Image000026.jpg,30,29,PASS_RIGHT_SIDE,290,480,320,509
1277108851Image000026.jpg,24,25,PEDESTRIAN_CROSSING,605,480,629,505
1277108851Image000026.jpg,25,22,GIVE_WAY,639,501,664,523
1277108851Image000026.jpg,18,19,OTHER,640,526,658,545
1277108851Image000026.jpg,19,24,PEDESTRIAN_CROSSING,3,465,22,489
1277108851Image000026.jpg,6,15,GIVE_WAY,869,517,875,532
1277108851Image000026.jpg,7,15,OTHER,867,531,874,546
1277108851Image000026.jpg,24,25,PEDESTRIAN_CROSSING,294,454,318,479
1277108851Image000026.jpg,30,29,PASS_RIGHT_SIDE,290,480,320,509
1277108851Image000026.jpg,24,25,PEDESTRIAN_CROSSING,605,480,629,505
1277108851Image000026.jpg,25,22,GIVE_WAY,639,501,664,523
1277108851Image000026.jpg,18,19,OTHER,640,526,658,545
1277108851Image000026.jpg,19,24,PEDESTRIAN_CROSSING,3,465,22,489
1277108851Image000026.jpg,6,15,GIVE_WAY,869,517,875,532
1277108851Image000026.jpg,7,15,OTHER,867,531,874,546
1277108851Image000026.jpg,24,25,PEDESTRIAN_CROSSING,294,454,318,479
1277108851Image000026.jpg,30,29,PASS_RIGHT_SIDE,290,480,320,509
1277108851Image000026.jpg,24,25,PEDESTRIAN_CROSSING,605,480,629,505
1277108851Image000026.jpg,25,22,GIVE_WAY,639,501,664,523
1277108851Image000026.jpg,18,19,OTHER,640,526,658,545
1277108851Image000026.jpg,19,24,PEDESTRIAN_CROSSING,3,465,22,489
1277108851Image000026.jpg,6,15,GIVE_WAY,869,517,875,532
1277108851Image000026.jpg,7,15,OTHER,867,531,874,546
1277108851Image000026.jpg,24,25,PEDESTRIAN_CROSSING,294,454,318,479
1277108851Image000026.jpg,30,29,PASS_RIGHT_SIDE,290,480,320,509
1277108851Image000026.jpg,24,25,PEDESTRIAN_CROSSING,605,480,629,505
1277108851Image000026.jpg,25,22,GIVE_WAY,639,501,664,523
1277108851Image000026.jpg,18,19,OTHER,640,526,658,545
1277108851Image000026.jpg,19,24,PEDESTRIAN_CROSSING,3,465,22,489
1277108851Image000026.jpg,6,15,GIVE_WAY,869,517,875,532
1277108851Image000026.jpg,7,15,OTHER,867,531,874,546
1277108851Image000026.jpg,24,25,PEDESTRIAN_CROSSING,294,454,318,479
1277108851Image000026.jpg,30,29,PASS_RIGHT_SIDE,290,480,320,509
1277108851Image000026.jpg,24,25,PEDESTRIAN_CROSSING,605,480,629,505
1277108851Image000026.jpg,25,22,GIVE_WAY,639,501,664,523
1277108851Image000026.jpg,18,19,OTHER,640,526,658,545
1277108851Image000026.jpg,19,24,PEDESTRIAN_CROSSING,3,465,22,489
1277108851Image000026.jpg,6,15,GIVE_WAY,869,517,875,532
1277108851Image000026.jpg,7,15,OTHER,867,531,874,546
1277108851Image000026.jpg,24,25,PEDESTRIAN_CROSSING,294,454,318,479
1277108851Image000026.jpg,30,29,PASS_RIGHT_SIDE,290,480,320,509
1277108851Image000026.jpg,24,25,PEDESTRIAN_CROSSING,605,480,629,505
1277108851Image000026.jpg,25,22,GIVE_WAY,639,501,664,523
1277108851Image000026.jpg,18,19,OTHER,640,526,658,545
1277108851Image000026.jpg,19,24,PEDESTRIAN_CROSSING,3,465,22,489
1277108851Image000026.jpg,6,15,GIVE_WAY,869,517,875,532
1277108851Image000026.jpg,7,15,OTHER,867,531,874,546
1277108851Image000031.jpg,29,29,PEDESTRIAN_CROSSING,285,462,314,491
1277108851Image000031.jpg,36,33,PASS_RIGHT_SIDE,280,495,316,528
1277108851Image000031.jpg,30,31,PEDESTRIAN_CROSSING,636,490,666,521
1277108851Image000031.jpg,25,22,GIVE_WAY,669,520,694,542
1277108851Image000031.jpg,21,21,OTHER,669,545,690,566
1277108851Image000031.jpg,9,14,GIVE_WAY,906,538,915,552
1277108851Image000031.jpg,7,15,OTHER,904,552,911,567
1277108851Image000031.jpg,29,29,PEDESTRIAN_CROSSING,285,462,314,491
1277108851Image000031.jpg,36,33,PASS_RIGHT_SIDE,280,495,316,528
1277108851Image000031.jpg,30,31,PEDESTRIAN_CROSSING,636,490,666,521
1277108851Image000031.jpg,25,22,GIVE_WAY,669,520,694,542
1277108851Image000031.jpg,21,21,OTHER,669,545,690,566
1277108851Image000031.jpg,9,14,GIVE_WAY,906,538,915,552
1277108851Image000031.jpg,7,15,OTHER,904,552,911,567
1277108851Image000031.jpg,29,29,PEDESTRIAN_CROSSING,285,462,314,491
1277108851Image000031.jpg,36,33,PASS_RIGHT_SIDE,280,495,316,528
1277108851Image000031.jpg,30,31,PEDESTRIAN_CROSSING,636,490,666,521
1277108851Image000031.jpg,25,22,GIVE_WAY,669,520,694,542
1277108851Image000031.jpg,21,21,OTHER,669,545,690,566
1277108851Image000031.jpg,9,14,GIVE_WAY,906,538,915,552
1277108851Image000031.jpg,7,15,OTHER,904,552,911,567
1277108851Image000031.jpg,29,29,PEDESTRIAN_CROSSING,285,462,314,491
1277108851Image000031.jpg,36,33,PASS_RIGHT_SIDE,280,495,316,528
1277108851Image000031.jpg,30,31,PEDESTRIAN_CROSSING,636,490,666,521
1277108851Image000031.jpg,25,22,GIVE_WAY,669,520,694,542
1277108851Image000031.jpg,21,21,OTHER,669,545,690,566
1277108851Image000031.jpg,9,14,GIVE_WAY,906,538,915,552
1277108851Image000031.jpg,7,15,OTHER,904,552,911,567
1277108851Image000031.jpg,29,29,PEDESTRIAN_CROSSING,285,462,314,491
1277108851Image000031.jpg,36,33,PASS_RIGHT_SIDE,280,495,316,528
1277108851Image000031.jpg,30,31,PEDESTRIAN_CROSSING,636,490,666,521
1277108851Image000031.jpg,25,22,GIVE_WAY,669,520,694,542
1277108851Image000031.jpg,21,21,OTHER,669,545,690,566
1277108851Image000031.jpg,9,14,GIVE_WAY,906,538,915,552
1277108851Image000031.jpg,7,15,OTHER,904,552,911,567
1277108851Image000031.jpg,29,29,PEDESTRIAN_CROSSING,285,462,314,491
1277108851Image000031.jpg,36,33,PASS_RIGHT_SIDE,280,495,316,528
1277108851Image000031.jpg,30,31,PEDESTRIAN_CROSSING,636,490,666,521
1277108851Image000031.jpg,25,22,GIVE_WAY,669,520,694,542
1277108851Image000031.jpg,21,21,OTHER,669,545,690,566
1277108851Image000031.jpg,9,14,GIVE_WAY,906,538,915,552
1277108851Image000031.jpg,7,15,OTHER,904,552,911,567
1277108851Image000031.jpg,29,29,PEDESTRIAN_CROSSING,285,462,314,491
1277108851Image000031.jpg,36,33,PASS_RIGHT_SIDE,280,495,316,528
1277108851Image000031.jpg,30,31,PEDESTRIAN_CROSSING,636,490,666,521
1277108851Image000031.jpg,25,22,GIVE_WAY,669,520,694,542
1277108851Image000031.jpg,21,21,OTHER,669,545,690,566
1277108851Image000031.jpg,9,14,GIVE_WAY,906,538,915,552
1277108851Image000031.jpg,7,15,OTHER,904,552,911,567
1277108851Image000031.jpg,29,29,PEDESTRIAN_CROSSING,285,462,314,491
1277108851Image000031.jpg,36,33,PASS_RIGHT_SIDE,280,495,316,528
1277108851Image000031.jpg,30,31,PEDESTRIAN_CROSSING,636,490,666,521
1277108851Image000031.jpg,25,22,GIVE_WAY,669,520,694,542
1277108851Image000031.jpg,21,21,OTHER,669,545,690,566
1277108851Image000031.jpg,9,14,GIVE_WAY,906,538,915,552
1277108851Image000031.jpg,7,15,OTHER,904,552,911,567
1277108851Image000041.jpg,44,45,PEDESTRIAN_CROSSING,214,412,258,457
1277108851Image000041.jpg,50,50,PASS_RIGHT_SIDE,209,462,259,512
1277108851Image000041.jpg,43,45,PEDESTRIAN_CROSSING,761,439,804,484
1277108851Image000041.jpg,32,31,GIVE_WAY,765,495,797,526
1277108851Image000041.jpg,27,29,OTHER,767,527,794,556
1277108851Image000041.jpg,9,17,GIVE_WAY,1010,514,1019,531
1277108851Image000041.jpg,7,17,OTHER,1009,531,1016,548
1277108851Image000041.jpg,11,10,80_SIGN,506,544,517,554
1277108851Image000041.jpg,11,12,PRIORITY_ROAD,505,553,516,565
1277108851Image000041.jpg,13,12,80_SIGN,290,548,303,560
1277108851Image000041.jpg,44,45,PEDESTRIAN_CROSSING,214,412,258,457
1277108851Image000041.jpg,50,50,PASS_RIGHT_SIDE,209,462,259,512
1277108851Image000041.jpg,43,45,PEDESTRIAN_CROSSING,761,439,804,484
1277108851Image000041.jpg,32,31,GIVE_WAY,765,495,797,526
1277108851Image000041.jpg,27,29,OTHER,767,527,794,556
1277108851Image000041.jpg,9,17,GIVE_WAY,1010,514,1019,531
1277108851Image000041.jpg,7,17,OTHER,1009,531,1016,548
1277108851Image000041.jpg,11,10,80_SIGN,506,544,517,554
1277108851Image000041.jpg,11,12,PRIORITY_ROAD,505,553,516,565
1277108851Image000041.jpg,13,12,80_SIGN,290,548,303,560
1277108851Image000041.jpg,44,45,PEDESTRIAN_CROSSING,214,412,258,457
1277108851Image000041.jpg,50,50,PASS_RIGHT_SIDE,209,462,259,512
1277108851Image000041.jpg,43,45,PEDESTRIAN_CROSSING,761,439,804,484
1277108851Image000041.jpg,32,31,GIVE_WAY,765,495,797,526
1277108851Image000041.jpg,27,29,OTHER,767,527,794,556
1277108851Image000041.jpg,9,17,GIVE_WAY,1010,514,1019,531
1277108851Image000041.jpg,7,17,OTHER,1009,531,1016,548
1277108851Image000041.jpg,11,10,80_SIGN,506,544,517,554
1277108851Image000041.jpg,11,12,PRIORITY_ROAD,505,553,516,565
1277108851Image000041.jpg,13,12,80_SIGN,290,548,303,560
1277108851Image000041.jpg,44,45,PEDESTRIAN_CROSSING,214,412,258,457
1277108851Image000041.jpg,50,50,PASS_RIGHT_SIDE,209,462,259,512
1277108851Image000041.jpg,43,45,PEDESTRIAN_CROSSING,761,439,804,484
1277108851Image000041.jpg,32,31,GIVE_WAY,765,495,797,526
1277108851Image000041.jpg,27,29,OTHER,767,527,794,556
1277108851Image000041.jpg,9,17,GIVE_WAY,1010,514,1019,531
1277108851Image000041.jpg,7,17,OTHER,1009,531,1016,548
1277108851Image000041.jpg,11,10,80_SIGN,506,544,517,554
1277108851Image000041.jpg,11,12,PRIORITY_ROAD,505,553,516,565
1277108851Image000041.jpg,13,12,80_SIGN,290,548,303,560
1277108851Image000041.jpg,44,45,PEDESTRIAN_CROSSING,214,412,258,457
1277108851Image000041.jpg,50,50,PASS_RIGHT_SIDE,209,462,259,512
1277108851Image000041.jpg,43,45,PEDESTRIAN_CROSSING,761,439,804,484
1277108851Image000041.jpg,32,31,GIVE_WAY,765,495,797,526
1277108851Image000041.jpg,27,29,OTHER,767,527,794,556
1277108851Image000041.jpg,9,17,GIVE_WAY,1010,514,1019,531
1277108851Image000041.jpg,7,17,OTHER,1009,531,1016,548
1277108851Image000041.jpg,11,10,80_SIGN,506,544,517,554
1277108851Image000041.jpg,11,12,PRIORITY_ROAD,505,553,516,565
1277108851Image000041.jpg,13,12,80_SIGN,290,548,303,560
1277108851Image000041.jpg,44,45,PEDESTRIAN_CROSSING,214,412,258,457
1277108851Image000041.jpg,50,50,PASS_RIGHT_SIDE,209,462,259,512
1277108851Image000041.jpg,43,45,PEDESTRIAN_CROSSING,761,439,804,484
1277108851Image000041.jpg,32,31,GIVE_WAY,765,495,797,526
1277108851Image000041.jpg,27,29,OTHER,767,527,794,556
1277108851Image000041.jpg,9,17,GIVE_WAY,1010,514,1019,531
1277108851Image000041.jpg,7,17,OTHER,1009,531,1016,548
1277108851Image000041.jpg,11,10,80_SIGN,506,544,517,554
1277108851Image000041.jpg,11,12,PRIORITY_ROAD,505,553,516,565
1277108851Image000041.jpg,13,12,80_SIGN,290,548,303,560
1277108851Image000041.jpg,44,45,PEDESTRIAN_CROSSING,214,412,258,457
1277108851Image000041.jpg,50,50,PASS_RIGHT_SIDE,209,462,259,512
1277108851Image000041.jpg,43,45,PEDESTRIAN_CROSSING,761,439,804,484
1277108851Image000041.jpg,32,31,GIVE_WAY,765,495,797,526
1277108851Image000041.jpg,27,29,OTHER,767,527,794,556
1277108851Image000041.jpg,9,17,GIVE_WAY,1010,514,1019,531
1277108851Image000041.jpg,7,17,OTHER,1009,531,1016,548
1277108851Image000041.jpg,11,10,80_SIGN,506,544,517,554
1277108851Image000041.jpg,11,12,PRIORITY_ROAD,505,553,516,565
1277108851Image000041.jpg,13,12,80_SIGN,290,548,303,560
1277108851Image000041.jpg,44,45,PEDESTRIAN_CROSSING,214,412,258,457
1277108851Image000041.jpg,50,50,PASS_RIGHT_SIDE,209,462,259,512
1277108851Image000041.jpg,43,45,PEDESTRIAN_CROSSING,761,439,804,484
1277108851Image000041.jpg,32,31,GIVE_WAY,765,495,797,526
1277108851Image000041.jpg,27,29,OTHER,767,527,794,556
1277108851Image000041.jpg,9,17,GIVE_WAY,1010,514,1019,531
1277108851Image000041.jpg,7,17,OTHER,1009,531,1016,548
1277108851Image000041.jpg,11,10,80_SIGN,506,544,517,554
1277108851Image000041.jpg,11,12,PRIORITY_ROAD,505,553,516,565
1277108851Image000041.jpg,13,12,80_SIGN,290,548,303,560
1277108851Image000041.jpg,44,45,PEDESTRIAN_CROSSING,214,412,258,457
1277108851Image000041.jpg,50,50,PASS_RIGHT_SIDE,209,462,259,512
1277108851Image000041.jpg,43,45,PEDESTRIAN_CROSSING,761,439,804,484
1277108851Image000041.jpg,32,31,GIVE_WAY,765,495,797,526
1277108851Image000041.jpg,27,29,OTHER,767,527,794,556
1277108851Image000041.jpg,9,17,GIVE_WAY,1010,514,1019,531
1277108851Image000041.jpg,7,17,OTHER,1009,531,1016,548
1277108851Image000041.jpg,11,10,80_SIGN,506,544,517,554
1277108851Image000041.jpg,11,12,PRIORITY_ROAD,505,553,516,565
1277108851Image000041.jpg,13,12,80_SIGN,290,548,303,560
1277108851Image000041.jpg,44,45,PEDESTRIAN_CROSSING,214,412,258,457
1277108851Image000041.jpg,50,50,PASS_RIGHT_SIDE,209,462,259,512
1277108851Image000041.jpg,43,45,PEDESTRIAN_CROSSING,761,439,804,484
1277108851Image000041.jpg,32,31,GIVE_WAY,765,495,797,526
1277108851Image000041.jpg,27,29,OTHER,767,527,794,556
1277108851Image000041.jpg,9,17,GIVE_WAY,1010,514,1019,531
1277108851Image000041.jpg,7,17,OTHER,1009,531,1016,548
1277108851Image000041.jpg,11,10,80_SIGN,506,544,517,554
1277108851Image000041.jpg,11,12,PRIORITY_ROAD,505,553,516,565
1277108851Image000041.jpg,13,12,80_SIGN,290,548,303,560
1277108851Image000041.jpg,44,45,PEDESTRIAN_CROSSING,214,412,258,457
1277108851Image000041.jpg,50,50,PASS_RIGHT_SIDE,209,462,259,512
1277108851Image000041.jpg,43,45,PEDESTRIAN_CROSSING,761,439,804,484
1277108851Image000041.jpg,32,31,GIVE_WAY,765,495,797,526
1277108851Image000041.jpg,27,29,OTHER,767,527,794,556
1277108851Image000041.jpg,9,17,GIVE_WAY,1010,514,1019,531
1277108851Image000041.jpg,7,17,OTHER,1009,531,1016,548
1277108851Image000041.jpg,11,10,80_SIGN,506,544,517,554
1277108851Image000041.jpg,11,12,PRIORITY_ROAD,505,553,516,565
1277108851Image000041.jpg,13,12,80_SIGN,290,548,303,560
1277108851Image000046.jpg,56,59,PEDESTRIAN_CROSSING,140,367,196,426
1277108851Image000046.jpg,65,66,PASS_RIGHT_SIDE,133,436,198,502
1277108851Image000046.jpg,54,58,PEDESTRIAN_CROSSING,863,396,917,454
1277108851Image000046.jpg,31,36,GIVE_WAY,825,485,856,521
1277108851Image000046.jpg,32,37,OTHER,823,520,855,557
1277108851Image000046.jpg,13,13,80_SIGN,518,543,531,556
1277108851Image000046.jpg,8,10,PRIORITY_ROAD,522,554,530,564
1277108851Image000046.jpg,12,11,80_SIGN,294,552,306,563
1277108851Image000046.jpg,56,59,PEDESTRIAN_CROSSING,140,367,196,426
1277108851Image000046.jpg,65,66,PASS_RIGHT_SIDE,133,436,198,502
1277108851Image000046.jpg,54,58,PEDESTRIAN_CROSSING,863,396,917,454
1277108851Image000046.jpg,31,36,GIVE_WAY,825,485,856,521
1277108851Image000046.jpg,32,37,OTHER,823,520,855,557
1277108851Image000046.jpg,13,13,80_SIGN,518,543,531,556
1277108851Image000046.jpg,8,10,PRIORITY_ROAD,522,554,530,564
1277108851Image000046.jpg,12,11,80_SIGN,294,552,306,563
1277108851Image000046.jpg,56,59,PEDESTRIAN_CROSSING,140,367,196,426
1277108851Image000046.jpg,65,66,PASS_RIGHT_SIDE,133,436,198,502
1277108851Image000046.jpg,54,58,PEDESTRIAN_CROSSING,863,396,917,454
1277108851Image000046.jpg,31,36,GIVE_WAY,825,485,856,521
1277108851Image000046.jpg,32,37,OTHER,823,520,855,557
1277108851Image000046.jpg,13,13,80_SIGN,518,543,531,556
1277108851Image000046.jpg,8,10,PRIORITY_ROAD,522,554,530,564
1277108851Image000046.jpg,12,11,80_SIGN,294,552,306,563
1277108851Image000046.jpg,56,59,PEDESTRIAN_CROSSING,140,367,196,426
1277108851Image000046.jpg,65,66,PASS_RIGHT_SIDE,133,436,198,502
1277108851Image000046.jpg,54,58,PEDESTRIAN_CROSSING,863,396,917,454
1277108851Image000046.jpg,31,36,GIVE_WAY,825,485,856,521
1277108851Image000046.jpg,32,37,OTHER,823,520,855,557
1277108851Image000046.jpg,13,13,80_SIGN,518,543,531,556
1277108851Image000046.jpg,8,10,PRIORITY_ROAD,522,554,530,564
1277108851Image000046.jpg,12,11,80_SIGN,294,552,306,563
1277108851Image000046.jpg,56,59,PEDESTRIAN_CROSSING,140,367,196,426
1277108851Image000046.jpg,65,66,PASS_RIGHT_SIDE,133,436,198,502
1277108851Image000046.jpg,54,58,PEDESTRIAN_CROSSING,863,396,917,454
1277108851Image000046.jpg,31,36,GIVE_WAY,825,485,856,521
1277108851Image000046.jpg,32,37,OTHER,823,520,855,557
1277108851Image000046.jpg,13,13,80_SIGN,518,543,531,556
1277108851Image000046.jpg,8,10,PRIORITY_ROAD,522,554,530,564
1277108851Image000046.jpg,12,11,80_SIGN,294,552,306,563
1277108851Image000046.jpg,56,59,PEDESTRIAN_CROSSING,140,367,196,426
1277108851Image000046.jpg,65,66,PASS_RIGHT_SIDE,133,436,198,502
1277108851Image000046.jpg,54,58,PEDESTRIAN_CROSSING,863,396,917,454
1277108851Image000046.jpg,31,36,GIVE_WAY,825,485,856,521
1277108851Image000046.jpg,32,37,OTHER,823,520,855,557
1277108851Image000046.jpg,13,13,80_SIGN,518,543,531,556
1277108851Image000046.jpg,8,10,PRIORITY_ROAD,522,554,530,564
1277108851Image000046.jpg,12,11,80_SIGN,294,552,306,563
1277108851Image000046.jpg,56,59,PEDESTRIAN_CROSSING,140,367,196,426
1277108851Image000046.jpg,65,66,PASS_RIGHT_SIDE,133,436,198,502
1277108851Image000046.jpg,54,58,PEDESTRIAN_CROSSING,863,396,917,454
1277108851Image000046.jpg,31,36,GIVE_WAY,825,485,856,521
1277108851Image000046.jpg,32,37,OTHER,823,520,855,557
1277108851Image000046.jpg,13,13,80_SIGN,518,543,531,556
1277108851Image000046.jpg,8,10,PRIORITY_ROAD,522,554,530,564
1277108851Image000046.jpg,12,11,80_SIGN,294,552,306,563
1277108851Image000046.jpg,56,59,PEDESTRIAN_CROSSING,140,367,196,426
1277108851Image000046.jpg,65,66,PASS_RIGHT_SIDE,133,436,198,502
1277108851Image000046.jpg,54,58,PEDESTRIAN_CROSSING,863,396,917,454
1277108851Image000046.jpg,31,36,GIVE_WAY,825,485,856,521
1277108851Image000046.jpg,32,37,OTHER,823,520,855,557
1277108851Image000046.jpg,13,13,80_SIGN,518,543,531,556
1277108851Image000046.jpg,8,10,PRIORITY_ROAD,522,554,530,564
1277108851Image000046.jpg,12,11,80_SIGN,294,552,306,563
1277108851Image000046.jpg,56,59,PEDESTRIAN_CROSSING,140,367,196,426
1277108851Image000046.jpg,65,66,PASS_RIGHT_SIDE,133,436,198,502
1277108851Image000046.jpg,54,58,PEDESTRIAN_CROSSING,863,396,917,454
1277108851Image000046.jpg,31,36,GIVE_WAY,825,485,856,521
1277108851Image000046.jpg,32,37,OTHER,823,520,855,557
1277108851Image000046.jpg,13,13,80_SIGN,518,543,531,556
1277108851Image000046.jpg,8,10,PRIORITY_ROAD,522,554,530,564
1277108851Image000046.jpg,12,11,80_SIGN,294,552,306,563
1277108851Image000061.jpg,61,58,GIVE_WAY,994,433,1055,491
1277108851Image000061.jpg,51,52,OTHER,999,491,1050,543
1277108851Image000061.jpg,12,21,GIVE_WAY,1169,494,1181,515
1277108851Image000061.jpg,4,19,OTHER,1170,514,1174,533
1277108851Image000061.jpg,11,11,80_SIGN,501,545,512,556
1277108851Image000061.jpg,14,11,80_SIGN,245,555,259,566
1277108851Image000061.jpg,61,58,GIVE_WAY,994,433,1055,491
1277108851Image000061.jpg,51,52,OTHER,999,491,1050,543
1277108851Image000061.jpg,12,21,GIVE_WAY,1169,494,1181,515
1277108851Image000061.jpg,4,19,OTHER,1170,514,1174,533
1277108851Image000061.jpg,11,11,80_SIGN,501,545,512,556
1277108851Image000061.jpg,14,11,80_SIGN,245,555,259,566
1277108851Image000061.jpg,61,58,GIVE_WAY,994,433,1055,491
1277108851Image000061.jpg,51,52,OTHER,999,491,1050,543
1277108851Image000061.jpg,12,21,GIVE_WAY,1169,494,1181,515
1277108851Image000061.jpg,4,19,OTHER,1170,514,1174,533
1277108851Image000061.jpg,11,11,80_SIGN,501,545,512,556
1277108851Image000061.jpg,14,11,80_SIGN,245,555,259,566
1277108851Image000061.jpg,61,58,GIVE_WAY,994,433,1055,491
1277108851Image000061.jpg,51,52,OTHER,999,491,1050,543
1277108851Image000061.jpg,12,21,GIVE_WAY,1169,494,1181,515
1277108851Image000061.jpg,4,19,OTHER,1170,514,1174,533
1277108851Image000061.jpg,11,11,80_SIGN,501,545,512,556
1277108851Image000061.jpg,14,11,80_SIGN,245,555,259,566
1277108851Image000061.jpg,61,58,GIVE_WAY,994,433,1055,491
1277108851Image000061.jpg,51,52,OTHER,999,491,1050,543
1277108851Image000061.jpg,12,21,GIVE_WAY,1169,494,1181,515
1277108851Image000061.jpg,4,19,OTHER,1170,514,1174,533
1277108851Image000061.jpg,11,11,80_SIGN,501,545,512,556
1277108851Image000061.jpg,14,11,80_SIGN,245,555,259,566
1277108851Image000061.jpg,61,58,GIVE_WAY,994,433,1055,491
1277108851Image000061.jpg,51,52,OTHER,999,491,1050,543
1277108851Image000061.jpg,12,21,GIVE_WAY,1169,494,1181,515
1277108851Image000061.jpg,4,19,OTHER,1170,514,1174,533
1277108851Image000061.jpg,11,11,80_SIGN,501,545,512,556
1277108851Image000061.jpg,14,11,80_SIGN,245,555,259,566
1277108851Image000061.jpg,61,58,GIVE_WAY,994,433,1055,491
1277108851Image000061.jpg,51,52,OTHER,999,491,1050,543
1277108851Image000061.jpg,12,21,GIVE_WAY,1169,494,1181,515
1277108851Image000061.jpg,4,19,OTHER,1170,514,1174,533
1277108851Image000061.jpg,11,11,80_SIGN,501,545,512,556
1277108851Image000061.jpg,14,11,80_SIGN,245,555,259,566
1277108851Image000066.jpg,73,69,GIVE_WAY,1048,412,1121,481
1277108851Image000066.jpg,64,65,OTHER,1056,479,1120,544
1277108851Image000066.jpg,8,21,GIVE_WAY,1182,492,1190,513
1277108851Image000066.jpg,8,21,OTHER,1180,514,1188,535
1277108851Image000066.jpg,12,14,80_SIGN,474,545,486,559
1277108851Image000066.jpg,12,12,80_SIGN,211,557,223,569
1277108851Image000066.jpg,73,69,GIVE_WAY,1048,412,1121,481
1277108851Image000066.jpg,64,65,OTHER,1056,479,1120,544
1277108851Image000066.jpg,8,21,GIVE_WAY,1182,492,1190,513
1277108851Image000066.jpg,8,21,OTHER,1180,514,1188,535
1277108851Image000066.jpg,12,14,80_SIGN,474,545,486,559
1277108851Image000066.jpg,12,12,80_SIGN,211,557,223,569
1277108851Image000066.jpg,73,69,GIVE_WAY,1048,412,1121,481
1277108851Image000066.jpg,64,65,OTHER,1056,479,1120,544
1277108851Image000066.jpg,8,21,GIVE_WAY,1182,492,1190,513
1277108851Image000066.jpg,8,21,OTHER,1180,514,1188,535
1277108851Image000066.jpg,12,14,80_SIGN,474,545,486,559
1277108851Image000066.jpg,12,12,80_SIGN,211,557,223,569
1277108851Image000066.jpg,73,69,GIVE_WAY,1048,412,1121,481
1277108851Image000066.jpg,64,65,OTHER,1056,479,1120,544
1277108851Image000066.jpg,8,21,GIVE_WAY,1182,492,1190,513
1277108851Image000066.jpg,8,21,OTHER,1180,514,1188,535
1277108851Image000066.jpg,12,14,80_SIGN,474,545,486,559
1277108851Image000066.jpg,12,12,80_SIGN,211,557,223,569
1277108851Image000066.jpg,73,69,GIVE_WAY,1048,412,1121,481
1277108851Image000066.jpg,64,65,OTHER,1056,479,1120,544
1277108851Image000066.jpg,8,21,GIVE_WAY,1182,492,1190,513
1277108851Image000066.jpg,8,21,OTHER,1180,514,1188,535
1277108851Image000066.jpg,12,14,80_SIGN,474,545,486,559
1277108851Image000066.jpg,12,12,80_SIGN,211,557,223,569
1277108851Image000066.jpg,73,69,GIVE_WAY,1048,412,1121,481
1277108851Image000066.jpg,64,65,OTHER,1056,479,1120,544
1277108851Image000066.jpg,8,21,GIVE_WAY,1182,492,1190,513
1277108851Image000066.jpg,8,21,OTHER,1180,514,1188,535
1277108851Image000066.jpg,12,14,80_SIGN,474,545,486,559
1277108851Image000066.jpg,12,12,80_SIGN,211,557,223,569
1277108851Image000066.jpg,73,69,GIVE_WAY,1048,412,1121,481
1277108851Image000066.jpg,64,65,OTHER,1056,479,1120,544
1277108851Image000066.jpg,8,21,GIVE_WAY,1182,492,1190,513
1277108851Image000066.jpg,8,21,OTHER,1180,514,1188,535
1277108851Image000066.jpg,12,14,80_SIGN,474,545,486,559
1277108851Image000066.jpg,12,12,80_SIGN,211,557,223,569
1277108851Image000071.jpg,90,84,GIVE_WAY,1143,380,1233,464
1277108851Image000071.jpg,75,75,OTHER,1152,466,1227,541
1277108851Image000071.jpg,13,13,80_SIGN,421,546,434,559
1277108851Image000071.jpg,13,13,80_SIGN,143,556,156,569
1277108851Image000071.jpg,90,84,GIVE_WAY,1143,380,1233,464
1277108851Image000071.jpg,75,75,OTHER,1152,466,1227,541
1277108851Image000071.jpg,13,13,80_SIGN,421,546,434,559
1277108851Image000071.jpg,13,13,80_SIGN,143,556,156,569
1277108851Image000071.jpg,90,84,GIVE_WAY,1143,380,1233,464
1277108851Image000071.jpg,75,75,OTHER,1152,466,1227,541
1277108851Image000071.jpg,13,13,80_SIGN,421,546,434,559
1277108851Image000071.jpg,13,13,80_SIGN,143,556,156,569
1277108851Image000071.jpg,90,84,GIVE_WAY,1143,380,1233,464
1277108851Image000071.jpg,75,75,OTHER,1152,466,1227,541
1277108851Image000071.jpg,13,13,80_SIGN,421,546,434,559
1277108851Image000071.jpg,13,13,80_SIGN,143,556,156,569
1277108851Image000071.jpg,90,84,GIVE_WAY,1143,380,1233,464
1277108851Image000071.jpg,75,75,OTHER,1152,466,1227,541
1277108851Image000071.jpg,13,13,80_SIGN,421,546,434,559
1277108851Image000071.jpg,13,13,80_SIGN,143,556,156,569
1277108851Image000076.jpg,62,102,GIVE_WAY,1219,337,1281,439
1277108851Image000076.jpg,46,99,OTHER,1233,443,1279,542
1277108851Image000076.jpg,14,13,80_SIGN,332,551,346,564
1277108851Image000076.jpg,13,12,80_SIGN,43,561,56,573
1277108851Image000076.jpg,62,102,GIVE_WAY,1219,337,1281,439
1277108851Image000076.jpg,46,99,OTHER,1233,443,1279,542
1277108851Image000076.jpg,14,13,80_SIGN,332,551,346,564
1277108851Image000076.jpg,13,12,80_SIGN,43,561,56,573
1277108851Image000076.jpg,62,102,GIVE_WAY,1219,337,1281,439
1277108851Image000076.jpg,46,99,OTHER,1233,443,1279,542
1277108851Image000076.jpg,14,13,80_SIGN,332,551,346,564
1277108851Image000076.jpg,13,12,80_SIGN,43,561,56,573
1277108851Image000076.jpg,62,102,GIVE_WAY,1219,337,1281,439
1277108851Image000076.jpg,46,99,OTHER,1233,443,1279,542
1277108851Image000076.jpg,14,13,80_SIGN,332,551,346,564
1277108851Image000076.jpg,13,12,80_SIGN,43,561,56,573
1277108851Image000076.jpg,62,102,GIVE_WAY,1219,337,1281,439
1277108851Image000076.jpg,46,99,OTHER,1233,443,1279,542
1277108851Image000076.jpg,14,13,80_SIGN,332,551,346,564
1277108851Image000076.jpg,13,12,80_SIGN,43,561,56,573
1277108851Image000081.jpg,14,14,80_SIGN,188,551,202,565
1277108851Image000081.jpg,11,11,PRIORITY_ROAD,191,565,202,576
1277108851Image000081.jpg,14,14,80_SIGN,188,551,202,565
1277108851Image000081.jpg,11,11,PRIORITY_ROAD,191,565,202,576
1277108851Image000081.jpg,14,14,80_SIGN,188,551,202,565
1277108851Image000081.jpg,11,11,PRIORITY_ROAD,191,565,202,576
1277108867Image000003.jpg,23,22,80_SIGN,447,551,470,573
1277108867Image000003.jpg,19,22,PRIORITY_ROAD,450,572,469,594
1277108867Image000003.jpg,23,22,80_SIGN,447,551,470,573
1277108867Image000003.jpg,19,22,PRIORITY_ROAD,450,572,469,594
1277108867Image000003.jpg,23,22,80_SIGN,447,551,470,573
1277108867Image000003.jpg,19,22,PRIORITY_ROAD,450,572,469,594
1277108867Image000008.jpg,22,22,80_SIGN,654,545,676,567
1277108867Image000008.jpg,21,19,PRIORITY_ROAD,655,567,676,586
1277108867Image000008.jpg,20,23,80_SIGN,164,560,184,583
1277108867Image000008.jpg,22,22,80_SIGN,654,545,676,567
1277108867Image000008.jpg,21,19,PRIORITY_ROAD,655,567,676,586
1277108867Image000008.jpg,20,23,80_SIGN,164,560,184,583
1277108867Image000008.jpg,22,22,80_SIGN,654,545,676,567
1277108867Image000008.jpg,21,19,PRIORITY_ROAD,655,567,676,586
1277108867Image000008.jpg,20,23,80_SIGN,164,560,184,583
1277108867Image000008.jpg,22,22,80_SIGN,654,545,676,567
1277108867Image000008.jpg,21,19,PRIORITY_ROAD,655,567,676,586
1277108867Image000008.jpg,20,23,80_SIGN,164,560,184,583
1277108867Image000018.jpg,28,25,80_SIGN,1213,516,1241,541
1277108867Image000018.jpg,32,29,PRIORITY_ROAD,1209,538,1241,567
1277108867Image000018.jpg,23,24,80_SIGN,659,547,682,571
1277108867Image000018.jpg,28,25,80_SIGN,1213,516,1241,541
1277108867Image000018.jpg,32,29,PRIORITY_ROAD,1209,538,1241,567
1277108867Image000018.jpg,23,24,80_SIGN,659,547,682,571
1277108867Image000018.jpg,28,25,80_SIGN,1213,516,1241,541
1277108867Image000018.jpg,32,29,PRIORITY_ROAD,1209,538,1241,567
1277108867Image000018.jpg,23,24,80_SIGN,659,547,682,571
1277108867Image000023.jpg,24,24,80_SIGN,893,537,917,561
1277108877Image000001.jpg,36,37,PEDESTRIAN_CROSSING,302,481,338,518
1277108877Image000001.jpg,42,41,PASS_RIGHT_SIDE,300,520,342,561
1277108877Image000001.jpg,36,37,PEDESTRIAN_CROSSING,302,481,338,518
1277108877Image000001.jpg,42,41,PASS_RIGHT_SIDE,300,520,342,561
1277108877Image000006.jpg,42,44,PEDESTRIAN_CROSSING,259,451,301,495
1277108877Image000006.jpg,44,46,PASS_RIGHT_SIDE,258,496,302,542
1277108877Image000006.jpg,42,44,PEDESTRIAN_CROSSING,259,451,301,495
1277108877Image000006.jpg,44,46,PASS_RIGHT_SIDE,258,496,302,542
1277108877Image000021.jpg,30,96,PEDESTRIAN_CROSSING,2,299,32,395
1277108877Image000021.jpg,33,91,PASS_RIGHT_SIDE,2,401,35,492
1277108877Image000021.jpg,30,96,PEDESTRIAN_CROSSING,2,299,32,395
1277108877Image000021.jpg,33,91,PASS_RIGHT_SIDE,2,401,35,492
1277108900Image000009.jpg,14,31,30_SIGN,924,522,938,553
1277108900Image000009.jpg,12,12,PEDESTRIAN_CROSSING,477,570,489,582
1277108900Image000009.jpg,11,11,PASS_RIGHT_SIDE,477,583,488,594
1277108900Image000009.jpg,14,31,30_SIGN,924,522,938,553
1277108900Image000009.jpg,12,12,PEDESTRIAN_CROSSING,477,570,489,582
1277108900Image000009.jpg,11,11,PASS_RIGHT_SIDE,477,583,488,594
1277108900Image000009.jpg,14,31,30_SIGN,924,522,938,553
1277108900Image000009.jpg,12,12,PEDESTRIAN_CROSSING,477,570,489,582
1277108900Image000009.jpg,11,11,PASS_RIGHT_SIDE,477,583,488,594
1277108900Image000014.jpg,15,34,30_SIGN,957,505,972,539
1277108900Image000014.jpg,12,11,PEDESTRIAN_CROSSING,468,559,480,570
1277108900Image000014.jpg,11,12,PASS_RIGHT_SIDE,469,571,480,583
1277108900Image000014.jpg,15,34,30_SIGN,957,505,972,539
1277108900Image000014.jpg,12,11,PEDESTRIAN_CROSSING,468,559,480,570
1277108900Image000014.jpg,11,12,PASS_RIGHT_SIDE,469,571,480,583
1277108900Image000014.jpg,15,34,30_SIGN,957,505,972,539
1277108900Image000014.jpg,12,11,PEDESTRIAN_CROSSING,468,559,480,570
1277108900Image000014.jpg,11,12,PASS_RIGHT_SIDE,469,571,480,583
1277108900Image000019.jpg,15,37,30_SIGN,998,504,1013,541
1277108900Image000019.jpg,11,10,PEDESTRIAN_CROSSING,462,562,473,572
1277108900Image000019.jpg,14,12,PASS_RIGHT_SIDE,461,573,475,585
1277108900Image000019.jpg,15,37,30_SIGN,998,504,1013,541
1277108900Image000019.jpg,11,10,PEDESTRIAN_CROSSING,462,562,473,572
1277108900Image000019.jpg,14,12,PASS_RIGHT_SIDE,461,573,475,585
1277108900Image000019.jpg,15,37,30_SIGN,998,504,1013,541
1277108900Image000019.jpg,11,10,PEDESTRIAN_CROSSING,462,562,473,572
1277108900Image000019.jpg,14,12,PASS_RIGHT_SIDE,461,573,475,585
1277381655Image000002.jpg,26,25,PRIORITY_ROAD,521,509,547,534
1277381655Image000012.jpg,35,35,PRIORITY_ROAD,580,475,615,510
1277381655Image000017.jpg,52,48,PRIORITY_ROAD,682,428,734,476
1277381671Image000002.jpg,18,17,PASS_EITHER_SIDE,638,551,656,568
1277381671Image000002.jpg,18,17,PASS_EITHER_SIDE,638,551,656,568
1277381671Image000007.jpg,19,20,PASS_EITHER_SIDE,619,551,638,571
1277381671Image000007.jpg,19,20,PASS_EITHER_SIDE,619,551,638,571
1277381671Image000012.jpg,19,20,PASS_EITHER_SIDE,586,547,605,567
1277381671Image000012.jpg,19,20,PASS_EITHER_SIDE,586,547,605,567
1277381674Image000001.jpg,39,40,PASS_EITHER_SIDE,393,533,432,573
1277381674Image000001.jpg,22,23,PASS_RIGHT_SIDE,414,566,436,589
1277381674Image000001.jpg,16,27,GIVE_WAY,886,533,902,560
1277381674Image000001.jpg,39,40,PASS_EITHER_SIDE,393,533,432,573
1277381674Image000001.jpg,22,23,PASS_RIGHT_SIDE,414,566,436,589
1277381674Image000001.jpg,16,27,GIVE_WAY,886,533,902,560
1277381674Image000001.jpg,39,40,PASS_EITHER_SIDE,393,533,432,573
1277381674Image000001.jpg,22,23,PASS_RIGHT_SIDE,414,566,436,589
1277381674Image000001.jpg,16,27,GIVE_WAY,886,533,902,560
1277381674Image000006.jpg,46,50,PASS_EITHER_SIDE,331,521,377,571
1277381674Image000006.jpg,26,27,PASS_RIGHT_SIDE,371,564,397,591
1277381674Image000006.jpg,19,29,GIVE_WAY,895,530,914,559
1277381674Image000006.jpg,46,50,PASS_EITHER_SIDE,331,521,377,571
1277381674Image000006.jpg,26,27,PASS_RIGHT_SIDE,371,564,397,591
1277381674Image000006.jpg,19,29,GIVE_WAY,895,530,914,559
1277381674Image000006.jpg,46,50,PASS_EITHER_SIDE,331,521,377,571
1277381674Image000006.jpg,26,27,PASS_RIGHT_SIDE,371,564,397,591
1277381674Image000006.jpg,19,29,GIVE_WAY,895,530,914,559
1277381674Image000011.jpg,62,64,PASS_EITHER_SIDE,220,486,282,550
1277381674Image000011.jpg,28,30,PASS_RIGHT_SIDE,314,554,342,584
1277381674Image000011.jpg,24,33,GIVE_WAY,915,513,939,546
1277381674Image000011.jpg,62,64,PASS_EITHER_SIDE,220,486,282,550
1277381674Image000011.jpg,28,30,PASS_RIGHT_SIDE,314,554,342,584
1277381674Image000011.jpg,24,33,GIVE_WAY,915,513,939,546
1277381674Image000011.jpg,62,64,PASS_EITHER_SIDE,220,486,282,550
1277381674Image000011.jpg,28,30,PASS_RIGHT_SIDE,314,554,342,584
1277381674Image000011.jpg,24,33,GIVE_WAY,915,513,939,546
1277381674Image000016.jpg,86,84,PASS_EITHER_SIDE,62,440,148,524
1277381674Image000016.jpg,31,35,PASS_RIGHT_SIDE,255,544,286,579
1277381674Image000016.jpg,19,38,GIVE_WAY,949,507,968,545
1277381674Image000016.jpg,18,47,PASS_RIGHT_SIDE,966,525,984,572
1277381674Image000016.jpg,86,84,PASS_EITHER_SIDE,62,440,148,524
1277381674Image000016.jpg,31,35,PASS_RIGHT_SIDE,255,544,286,579
1277381674Image000016.jpg,19,38,GIVE_WAY,949,507,968,545
1277381674Image000016.jpg,18,47,PASS_RIGHT_SIDE,966,525,984,572
1277381674Image000016.jpg,86,84,PASS_EITHER_SIDE,62,440,148,524
1277381674Image000016.jpg,31,35,PASS_RIGHT_SIDE,255,544,286,579
1277381674Image000016.jpg,19,38,GIVE_WAY,949,507,968,545
1277381674Image000016.jpg,18,47,PASS_RIGHT_SIDE,966,525,984,572
1277381674Image000016.jpg,86,84,PASS_EITHER_SIDE,62,440,148,524
1277381674Image000016.jpg,31,35,PASS_RIGHT_SIDE,255,544,286,579
1277381674Image000016.jpg,19,38,GIVE_WAY,949,507,968,545
1277381674Image000016.jpg,18,47,PASS_RIGHT_SIDE,966,525,984,572
1277381674Image000021.jpg,44,44,PASS_RIGHT_SIDE,103,530,147,574
1277381674Image000021.jpg,28,56,GIVE_WAY,1051,469,1079,525
1277381674Image000021.jpg,35,68,PASS_RIGHT_SIDE,1147,488,1182,556
1277381674Image000021.jpg,44,44,PASS_RIGHT_SIDE,103,530,147,574
1277381674Image000021.jpg,28,56,GIVE_WAY,1051,469,1079,525
1277381674Image000021.jpg,35,68,PASS_RIGHT_SIDE,1147,488,1182,556
1277381674Image000021.jpg,44,44,PASS_RIGHT_SIDE,103,530,147,574
1277381674Image000021.jpg,28,56,GIVE_WAY,1051,469,1079,525
1277381674Image000021.jpg,35,68,PASS_RIGHT_SIDE,1147,488,1182,556
1277381680Image000004.jpg,45,42,70_SIGN,282,496,327,538
1277381680Image000004.jpg,46,50,70_SIGN,894,446,940,496
1277381680Image000004.jpg,42,37,PRIORITY_ROAD,895,496,937,533
1277381680Image000004.jpg,45,42,70_SIGN,282,496,327,538
1277381680Image000004.jpg,46,50,70_SIGN,894,446,940,496
1277381680Image000004.jpg,42,37,PRIORITY_ROAD,895,496,937,533
1277381680Image000004.jpg,45,42,70_SIGN,282,496,327,538
1277381680Image000004.jpg,46,50,70_SIGN,894,446,940,496
1277381680Image000004.jpg,42,37,PRIORITY_ROAD,895,496,937,533
1277381680Image000004.jpg,45,42,70_SIGN,282,496,327,538
1277381680Image000004.jpg,46,50,70_SIGN,894,446,940,496
1277381680Image000004.jpg,42,37,PRIORITY_ROAD,895,496,937,533
1277381680Image000009.jpg,66,67,70_SIGN,99,440,165,507
1277381680Image000009.jpg,67,68,70_SIGN,1051,363,1118,431
1277381680Image000009.jpg,62,58,PRIORITY_ROAD,1055,438,1117,496
1277381680Image000009.jpg,66,67,70_SIGN,99,440,165,507
1277381680Image000009.jpg,67,68,70_SIGN,1051,363,1118,431
1277381680Image000009.jpg,62,58,PRIORITY_ROAD,1055,438,1117,496
1277381680Image000009.jpg,66,67,70_SIGN,99,440,165,507
1277381680Image000009.jpg,67,68,70_SIGN,1051,363,1118,431
1277381680Image000009.jpg,62,58,PRIORITY_ROAD,1055,438,1117,496
1277381680Image000009.jpg,66,67,70_SIGN,99,440,165,507
1277381680Image000009.jpg,67,68,70_SIGN,1051,363,1118,431
1277381680Image000009.jpg,62,58,PRIORITY_ROAD,1055,438,1117,496
1277381708Image000002.jpg,37,35,70_SIGN,858,477,895,512
1277381708Image000002.jpg,31,35,PRIORITY_ROAD,864,516,895,551
1277381708Image000002.jpg,37,35,70_SIGN,858,477,895,512
1277381708Image000002.jpg,31,35,PRIORITY_ROAD,864,516,895,551
1277381708Image000007.jpg,48,47,70_SIGN,957,438,1005,485
1277381708Image000007.jpg,37,41,PRIORITY_ROAD,966,493,1003,534
1277381708Image000007.jpg,48,47,70_SIGN,957,438,1005,485
1277381708Image000007.jpg,37,41,PRIORITY_ROAD,966,493,1003,534
1277381830Image000003.jpg,31,30,90_SIGN,643,650,674,680
1277381830Image000003.jpg,26,27,PRIORITY_ROAD,647,681,673,708
1277381830Image000003.jpg,31,30,90_SIGN,643,650,674,680
1277381830Image000003.jpg,26,27,PRIORITY_ROAD,647,681,673,708
1277381830Image000003.jpg,31,30,90_SIGN,643,650,674,680
1277381830Image000003.jpg,26,27,PRIORITY_ROAD,647,681,673,708
1277381830Image000008.jpg,34,33,90_SIGN,709,631,743,664
1277381830Image000008.jpg,29,29,PRIORITY_ROAD,713,669,742,698
1277381830Image000008.jpg,34,33,90_SIGN,709,631,743,664
1277381830Image000008.jpg,29,29,PRIORITY_ROAD,713,669,742,698
1277381830Image000008.jpg,34,33,90_SIGN,709,631,743,664
1277381830Image000008.jpg,29,29,PRIORITY_ROAD,713,669,742,698
1277381830Image000013.jpg,51,48,90_SIGN,849,577,900,625
1277381830Image000013.jpg,43,45,PRIORITY_ROAD,859,633,902,678
1277381830Image000013.jpg,51,48,90_SIGN,849,577,900,625
1277381830Image000013.jpg,43,45,PRIORITY_ROAD,859,633,902,678
1277381830Image000013.jpg,51,48,90_SIGN,849,577,900,625
1277381830Image000013.jpg,43,45,PRIORITY_ROAD,859,633,902,678
1277381830Image000018.jpg,68,77,90_SIGN,1209,458,1277,535
1277381830Image000018.jpg,59,75,PRIORITY_ROAD,1219,548,1278,623
1277381830Image000018.jpg,68,77,90_SIGN,1209,458,1277,535
1277381830Image000018.jpg,59,75,PRIORITY_ROAD,1219,548,1278,623
1277381830Image000018.jpg,68,77,90_SIGN,1209,458,1277,535
1277381830Image000018.jpg,59,75,PRIORITY_ROAD,1219,548,1278,623
1277381949Image000008.jpg,21,21,70_SIGN,546,696,567,717
1277381949Image000008.jpg,18,20,PRIORITY_ROAD,548,718,566,738
1277381949Image000008.jpg,21,21,70_SIGN,546,696,567,717
1277381949Image000008.jpg,18,20,PRIORITY_ROAD,548,718,566,738
1277381949Image000013.jpg,32,28,70_SIGN,667,675,699,703
1277381949Image000013.jpg,25,25,PRIORITY_ROAD,671,707,696,732
1277381949Image000013.jpg,32,28,70_SIGN,667,675,699,703
1277381949Image000013.jpg,25,25,PRIORITY_ROAD,671,707,696,732
1277381949Image000018.jpg,52,47,70_SIGN,889,651,941,698
1277381949Image000018.jpg,42,40,PRIORITY_ROAD,895,705,937,745
1277381949Image000018.jpg,52,47,70_SIGN,889,651,941,698
1277381949Image000018.jpg,42,40,PRIORITY_ROAD,895,705,937,745
1277381967Image000004.jpg,36,39,PRIORITY_ROAD,580,679,616,718
1277381967Image000004.jpg,37,34,OTHER,139,691,176,725
1277381967Image000004.jpg,40,34,OTHER,504,678,544,712
1277381967Image000004.jpg,36,39,PRIORITY_ROAD,580,679,616,718
1277381967Image000004.jpg,37,34,OTHER,139,691,176,725
1277381967Image000004.jpg,40,34,OTHER,504,678,544,712
1277381967Image000004.jpg,36,39,PRIORITY_ROAD,580,679,616,718
1277381967Image000004.jpg,37,34,OTHER,139,691,176,725
1277381967Image000004.jpg,40,34,OTHER,504,678,544,712
1277381967Image000004.jpg,36,39,PRIORITY_ROAD,580,679,616,718
1277381967Image000004.jpg,37,34,OTHER,139,691,176,725
1277381967Image000004.jpg,40,34,OTHER,504,678,544,712
1277381967Image000009.jpg,77,67,OTHER,573,620,650,687
1277381967Image000009.jpg,77,67,OTHER,573,620,650,687
1277381967Image000014.jpg,155,146,OTHER,769,463,924,609
1277381967Image000014.jpg,155,146,OTHER,769,463,924,609
1277381979Image000008.jpg,67,72,70_SIGN,749,607,816,679
1277382078Image000006.jpg,38,38,PRIORITY_ROAD,559,622,597,660
1277382078Image000006.jpg,38,38,PRIORITY_ROAD,559,622,597,660
1277382078Image000011.jpg,65,68,PRIORITY_ROAD,707,537,772,605
1277382078Image000011.jpg,65,68,PRIORITY_ROAD,707,537,772,605
1277382078Image000016.jpg,131,153,PRIORITY_ROAD,1148,292,1279,445
1277382078Image000016.jpg,131,153,PRIORITY_ROAD,1148,292,1279,445
1277382118Image000006.jpg,84,85,OTHER,921,606,1005,691
1277382153Image000004.jpg,45,44,OTHER,500,669,545,713
1277382153Image000009.jpg,66,62,OTHER,595,640,661,702
1277382153Image000014.jpg,98,89,OTHER,741,584,839,673
1277382153Image000019.jpg,150,180,OTHER,1132,426,1282,606
1277382288Image000003.jpg,67,71,80_SIGN,780,586,847,657
1277382288Image000008.jpg,121,129,80_SIGN,1134,441,1255,570
1277382333Image000001.jpg,19,18,70_SIGN,202,682,221,700
1277382333Image000001.jpg,17,18,70_SIGN,491,679,508,697
1277382333Image000001.jpg,19,18,70_SIGN,202,682,221,700
1277382333Image000001.jpg,17,18,70_SIGN,491,679,508,697
1277382333Image000006.jpg,21,19,70_SIGN,174,686,195,705
1277382333Image000006.jpg,18,20,70_SIGN,499,679,517,699
1277382333Image000006.jpg,21,19,70_SIGN,174,686,195,705
1277382333Image000006.jpg,18,20,70_SIGN,499,679,517,699
1277382333Image000011.jpg,24,22,70_SIGN,130,697,154,719
1277382333Image000011.jpg,23,25,70_SIGN,510,686,533,711
1277382333Image000011.jpg,24,22,70_SIGN,130,697,154,719
1277382333Image000011.jpg,23,25,70_SIGN,510,686,533,711
1277382333Image000016.jpg,30,28,70_SIGN,71,686,101,714
1277382333Image000016.jpg,31,28,70_SIGN,528,675,559,703
1277382333Image000016.jpg,30,28,70_SIGN,71,686,101,714
1277382333Image000016.jpg,31,28,70_SIGN,528,675,559,703
1277382333Image000016.jpg,30,28,70_SIGN,71,686,101,714
1277382333Image000016.jpg,31,28,70_SIGN,528,675,559,703
1277382333Image000021.jpg,21,36,70_SIGN,0,682,21,718
1277382333Image000021.jpg,34,35,70_SIGN,562,663,596,698
1277382333Image000021.jpg,21,36,70_SIGN,0,682,21,718
1277382333Image000021.jpg,34,35,70_SIGN,562,663,596,698
1277382333Image000021.jpg,21,36,70_SIGN,0,682,21,718
1277382333Image000021.jpg,34,35,70_SIGN,562,663,596,698
1277382333Image000026.jpg,50,51,70_SIGN,631,643,681,694
1277382333Image000026.jpg,50,51,70_SIGN,631,643,681,694
1277382333Image000031.jpg,73,73,70_SIGN,737,594,810,667
1277382333Image000031.jpg,73,73,70_SIGN,737,594,810,667
1277382333Image000036.jpg,113,125,70_SIGN,1005,484,1118,609
1277382385Image000003.jpg,37,38,80_SIGN,585,651,622,689
1277382385Image000008.jpg,48,49,80_SIGN,665,631,713,680
1277382385Image000013.jpg,97,105,80_SIGN,952,504,1049,609
1277382434Image000001.jpg,15,15,80_SIGN,460,720,475,735
1277382434Image000006.jpg,16,16,80_SIGN,470,713,486,729
1277382434Image000011.jpg,19,19,80_SIGN,482,704,501,723
1277382434Image000021.jpg,25,26,80_SIGN,522,683,547,709
1277382434Image000026.jpg,34,35,80_SIGN,582,672,616,707
1277382434Image000031.jpg,53,52,80_SIGN,683,637,736,689
1277382434Image000036.jpg,82,84,80_SIGN,891,570,973,654
1277382589Image000001.jpg,18,17,50_SIGN,544,700,562,717
1277382589Image000001.jpg,18,17,50_SIGN,544,700,562,717
1277382589Image000006.jpg,22,20,50_SIGN,542,702,564,722
1277382589Image000006.jpg,22,20,50_SIGN,542,702,564,722
1277382589Image000011.jpg,25,24,50_SIGN,546,689,571,713
1277382589Image000011.jpg,25,24,50_SIGN,546,689,571,713
1277382590Image000004.jpg,48,44,50_SIGN,630,641,678,685
1277382590Image000004.jpg,48,44,50_SIGN,630,641,678,685
1277382590Image000009.jpg,66,66,50_SIGN,715,590,781,656
1277382590Image000009.jpg,66,66,50_SIGN,715,590,781,656
1277382590Image000014.jpg,130,141,50_SIGN,1053,401,1183,542
1277382590Image000014.jpg,130,141,50_SIGN,1053,401,1183,542
1277382599Image000001.jpg,31,30,50_SIGN,58,709,89,739
1277382599Image000001.jpg,30,30,50_SIGN,550,685,580,715
1277382599Image000001.jpg,31,30,50_SIGN,58,709,89,739
1277382599Image000001.jpg,30,30,50_SIGN,550,685,580,715
1277382599Image000006.jpg,39,38,50_SIGN,573,665,612,703
1277382599Image000011.jpg,57,54,50_SIGN,629,629,686,683
1277382599Image000016.jpg,82,86,50_SIGN,740,572,822,658
1277382599Image000021.jpg,153,156,50_SIGN,1081,399,1234,555
1277382613Image000001.jpg,25,20,PEDESTRIAN_CROSSING,120,679,145,699
1277382613Image000001.jpg,30,24,PASS_RIGHT_SIDE,118,704,148,728
1277382613Image000001.jpg,13,49,GIVE_WAY,1088,657,1101,706
1277382613Image000001.jpg,25,20,PEDESTRIAN_CROSSING,120,679,145,699
1277382613Image000001.jpg,30,24,PASS_RIGHT_SIDE,118,704,148,728
1277382613Image000001.jpg,13,49,GIVE_WAY,1088,657,1101,706
1277382613Image000001.jpg,25,20,PEDESTRIAN_CROSSING,120,679,145,699
1277382613Image000001.jpg,30,24,PASS_RIGHT_SIDE,118,704,148,728
1277382613Image000001.jpg,13,49,GIVE_WAY,1088,657,1101,706
1277382613Image000006.jpg,28,28,PEDESTRIAN_CROSSING,118,662,146,690
1277382613Image000006.jpg,30,29,PASS_RIGHT_SIDE,117,694,147,723
1277382613Image000006.jpg,28,28,PEDESTRIAN_CROSSING,118,662,146,690
1277382613Image000006.jpg,30,29,PASS_RIGHT_SIDE,117,694,147,723
1277382613Image000011.jpg,32,30,PEDESTRIAN_CROSSING,105,650,137,680
1277382613Image000011.jpg,36,34,PASS_RIGHT_SIDE,103,685,139,719
1277382613Image000011.jpg,32,30,PEDESTRIAN_CROSSING,105,650,137,680
1277382613Image000011.jpg,36,34,PASS_RIGHT_SIDE,103,685,139,719
1277382613Image000016.jpg,39,39,PEDESTRIAN_CROSSING,78,633,117,672
1277382613Image000016.jpg,46,43,PASS_RIGHT_SIDE,72,676,118,719
1277382613Image000016.jpg,39,39,PEDESTRIAN_CROSSING,78,633,117,672
1277382613Image000016.jpg,46,43,PASS_RIGHT_SIDE,72,676,118,719
1277382613Image000021.jpg,54,52,PEDESTRIAN_CROSSING,6,587,60,639
1277382613Image000021.jpg,57,58,PASS_RIGHT_SIDE,6,648,63,706
1277382613Image000021.jpg,54,52,PEDESTRIAN_CROSSING,6,587,60,639
1277382613Image000021.jpg,57,58,PASS_RIGHT_SIDE,6,648,63,706
1277382639Image000001.jpg,35,34,80_SIGN,584,675,619,709
1277382639Image000011.jpg,68,64,80_SIGN,757,615,825,679
1277382639Image000011.jpg,68,64,80_SIGN,757,615,825,679
1277382639Image000016.jpg,47,141,80_SIGN,1234,418,1281,559
1277382703Image000009.jpg,56,66,OTHER,825,597,881,663
1277382703Image000009.jpg,9,24,GIVE_WAY,741,690,750,714
1277382703Image000009.jpg,56,66,OTHER,825,597,881,663
1277382703Image000009.jpg,9,24,GIVE_WAY,741,690,750,714
1277382730Image000001.jpg,15,13,80_SIGN,300,700,315,713
1277382730Image000001.jpg,10,10,PRIORITY_ROAD,303,717,313,727
1277382730Image000001.jpg,15,13,80_SIGN,300,700,315,713
1277382730Image000001.jpg,10,10,PRIORITY_ROAD,303,717,313,727
1277382730Image000006.jpg,15,14,80_SIGN,323,699,338,713
1277382730Image000006.jpg,15,13,PRIORITY_ROAD,324,715,339,728
1277382730Image000006.jpg,15,14,80_SIGN,323,699,338,713
1277382730Image000006.jpg,15,13,PRIORITY_ROAD,324,715,339,728
1277382730Image000011.jpg,17,17,80_SIGN,346,697,363,714
1277382730Image000011.jpg,17,15,PRIORITY_ROAD,346,714,363,729
1277382730Image000011.jpg,17,17,80_SIGN,346,697,363,714
1277382730Image000011.jpg,17,15,PRIORITY_ROAD,346,714,363,729
1277382730Image000016.jpg,20,20,80_SIGN,378,687,398,707
1277382730Image000016.jpg,19,18,PRIORITY_ROAD,379,711,398,729
1277382730Image000016.jpg,20,20,80_SIGN,378,687,398,707
1277382730Image000016.jpg,19,18,PRIORITY_ROAD,379,711,398,729
1277382730Image000021.jpg,22,21,80_SIGN,415,690,437,711
1277382730Image000021.jpg,20,21,PRIORITY_ROAD,415,714,435,735
1277382730Image000021.jpg,22,21,80_SIGN,415,690,437,711
1277382730Image000021.jpg,20,21,PRIORITY_ROAD,415,714,435,735
1277382730Image000026.jpg,34,33,80_SIGN,509,664,543,697
1277382730Image000026.jpg,31,30,PRIORITY_ROAD,510,701,541,731
1277382730Image000026.jpg,34,33,80_SIGN,509,664,543,697
1277382730Image000026.jpg,31,30,PRIORITY_ROAD,510,701,541,731
1277382730Image000031.jpg,51,50,80_SIGN,634,628,685,678
1277382730Image000031.jpg,47,46,PRIORITY_ROAD,633,686,680,732
1277382730Image000031.jpg,51,50,80_SIGN,634,628,685,678
1277382730Image000031.jpg,47,46,PRIORITY_ROAD,633,686,680,732
1277382760Image000001.jpg,58,60,OTHER,669,641,727,701
1277382760Image000001.jpg,58,60,OTHER,669,641,727,701
1277382760Image000006.jpg,94,82,OTHER,797,612,891,694
1277382760Image000006.jpg,94,82,OTHER,797,612,891,694
1277382760Image000011.jpg,100,158,OTHER,1188,482,1288,640
1277382760Image000011.jpg,100,158,OTHER,1188,482,1288,640
1277382818Image000002.jpg,29,29,OTHER,5,699,34,728
1277382818Image000002.jpg,33,26,OTHER,526,673,559,699
1277382818Image000002.jpg,29,29,OTHER,5,699,34,728
1277382818Image000002.jpg,33,26,OTHER,526,673,559,699
1277382818Image000012.jpg,69,68,OTHER,698,607,767,675
1277382818Image000017.jpg,57,153,OTHER,1225,412,1282,565
1277382818Image000017.jpg,11,11,60_SIGN,259,724,270,735
1277382818Image000017.jpg,12,10,60_SIGN,445,718,457,728
1277382818Image000017.jpg,57,153,OTHER,1225,412,1282,565
1277382818Image000017.jpg,11,11,60_SIGN,259,724,270,735
1277382818Image000017.jpg,12,10,60_SIGN,445,718,457,728
1277382818Image000017.jpg,57,153,OTHER,1225,412,1282,565
1277382818Image000017.jpg,11,11,60_SIGN,259,724,270,735
1277382818Image000017.jpg,12,10,60_SIGN,445,718,457,728
1277382818Image000027.jpg,14,15,60_SIGN,221,728,235,743
1277382818Image000027.jpg,14,14,60_SIGN,451,720,465,734
1277382818Image000027.jpg,14,15,60_SIGN,221,728,235,743
1277382818Image000027.jpg,14,14,60_SIGN,451,720,465,734
1277382818Image000032.jpg,18,17,60_SIGN,191,730,209,747
1277382818Image000032.jpg,17,15,60_SIGN,458,719,475,734
1277382818Image000032.jpg,18,17,60_SIGN,191,730,209,747
1277382818Image000032.jpg,17,15,60_SIGN,458,719,475,734
1277382818Image000037.jpg,21,17,60_SIGN,165,718,186,735
1277382818Image000037.jpg,16,16,60_SIGN,465,703,481,719
1277382818Image000037.jpg,21,17,60_SIGN,165,718,186,735
1277382818Image000037.jpg,16,16,60_SIGN,465,703,481,719
1277382818Image000042.jpg,20,18,60_SIGN,134,708,154,726
1277382818Image000042.jpg,19,19,60_SIGN,473,688,492,707
1277382818Image000042.jpg,20,18,60_SIGN,134,708,154,726
1277382818Image000042.jpg,19,19,60_SIGN,473,688,492,707
1277382818Image000047.jpg,22,20,60_SIGN,97,696,119,716
1277382818Image000047.jpg,22,21,60_SIGN,488,678,510,699
1277382818Image000047.jpg,22,20,60_SIGN,97,696,119,716
1277382818Image000047.jpg,22,21,60_SIGN,488,678,510,699
1277382818Image000052.jpg,27,25,60_SIGN,49,693,76,718
1277382818Image000052.jpg,26,27,60_SIGN,510,671,536,698
1277382818Image000052.jpg,27,25,60_SIGN,49,693,76,718
1277382818Image000052.jpg,26,27,60_SIGN,510,671,536,698
1277382818Image000057.jpg,33,35,60_SIGN,568,660,601,695
1277382829Image000002.jpg,24,22,60_SIGN,484,697,508,719
1277382829Image000002.jpg,22,20,PRIORITY_ROAD,487,721,509,741
1277382829Image000002.jpg,24,22,60_SIGN,484,697,508,719
1277382829Image000002.jpg,22,20,PRIORITY_ROAD,487,721,509,741
1277382829Image000002.jpg,24,22,60_SIGN,484,697,508,719
1277382829Image000002.jpg,22,20,PRIORITY_ROAD,487,721,509,741
1277382829Image000007.jpg,29,27,60_SIGN,517,683,546,710
1277382829Image000007.jpg,25,25,PRIORITY_ROAD,518,713,543,738
1277382829Image000007.jpg,29,27,60_SIGN,517,683,546,710
1277382829Image000007.jpg,25,25,PRIORITY_ROAD,518,713,543,738
1277382829Image000007.jpg,29,27,60_SIGN,517,683,546,710
1277382829Image000007.jpg,25,25,PRIORITY_ROAD,518,713,543,738
1277382829Image000012.jpg,35,36,60_SIGN,558,669,593,705
1277382829Image000012.jpg,33,33,PRIORITY_ROAD,558,704,591,737
1277382829Image000012.jpg,35,36,60_SIGN,558,669,593,705
1277382829Image000012.jpg,33,33,PRIORITY_ROAD,558,704,591,737
1277382829Image000012.jpg,35,36,60_SIGN,558,669,593,705
1277382829Image000012.jpg,33,33,PRIORITY_ROAD,558,704,591,737
1277382829Image000017.jpg,51,46,60_SIGN,608,644,659,690
1277382829Image000017.jpg,40,41,PRIORITY_ROAD,614,694,654,735
1277382829Image000017.jpg,51,46,60_SIGN,608,644,659,690
1277382829Image000017.jpg,40,41,PRIORITY_ROAD,614,694,654,735
1277382829Image000017.jpg,51,46,60_SIGN,608,644,659,690
1277382829Image000017.jpg,40,41,PRIORITY_ROAD,614,694,654,735
1277382829Image000022.jpg,78,71,60_SIGN,729,586,807,657
1277382829Image000022.jpg,64,66,PRIORITY_ROAD,735,656,799,722
1277382829Image000022.jpg,78,71,60_SIGN,729,586,807,657
1277382829Image000022.jpg,64,66,PRIORITY_ROAD,735,656,799,722
1277382829Image000022.jpg,78,71,60_SIGN,729,586,807,657
1277382829Image000022.jpg,64,66,PRIORITY_ROAD,735,656,799,722
1277382843Image000004.jpg,40,37,OTHER,599,681,639,718
1277382843Image000009.jpg,64,56,OTHER,712,640,776,696
1277382843Image000014.jpg,115,105,OTHER,989,559,1104,664
1277382878Image000002.jpg,32,31,50_SIGN,3,697,35,728
1277382878Image000002.jpg,34,32,50_SIGN,516,663,550,695
1277382878Image000002.jpg,27,22,OTHER,505,688,532,710
1277382878Image000002.jpg,32,31,50_SIGN,3,697,35,728
1277382878Image000002.jpg,34,32,50_SIGN,516,663,550,695
1277382878Image000002.jpg,27,22,OTHER,505,688,532,710
1277382878Image000002.jpg,32,31,50_SIGN,3,697,35,728
1277382878Image000002.jpg,34,32,50_SIGN,516,663,550,695
1277382878Image000002.jpg,27,22,OTHER,505,688,532,710
1277382878Image000007.jpg,42,38,50_SIGN,530,646,572,684
1277382878Image000007.jpg,30,25,OTHER,508,681,538,706
1277382878Image000007.jpg,42,38,50_SIGN,530,646,572,684
1277382878Image000007.jpg,30,25,OTHER,508,681,538,706
1277382878Image000012.jpg,33,29,OTHER,514,676,547,705
1277382878Image000012.jpg,48,48,50_SIGN,558,628,606,676
1277382878Image000012.jpg,33,29,OTHER,514,676,547,705
1277382878Image000012.jpg,48,48,50_SIGN,558,628,606,676
1277382878Image000017.jpg,41,33,OTHER,530,671,571,704
1277382878Image000017.jpg,68,67,50_SIGN,622,586,690,653
1277382878Image000017.jpg,41,33,OTHER,530,671,571,704
1277382878Image000017.jpg,68,67,50_SIGN,622,586,690,653
1277382878Image000027.jpg,62,54,OTHER,593,643,655,697
1277382878Image000032.jpg,111,97,OTHER,748,550,859,647
1277382878Image000037.jpg,175,172,OTHER,987,416,1162,588
1277382922Image000001.jpg,52,50,70_SIGN,617,641,669,691
1277382922Image000006.jpg,76,77,70_SIGN,727,596,803,673
1277382922Image000011.jpg,100,169,70_SIGN,1180,424,1280,593
1277382922Image000011.jpg,12,9,OTHER,320,677,332,686
1277382922Image000011.jpg,100,169,70_SIGN,1180,424,1280,593
1277382922Image000011.jpg,12,9,OTHER,320,677,332,686
1277382931Image000001.jpg,79,77,OTHER,761,601,840,678
1277382931Image000001.jpg,31,29,OTHER,450,725,481,754
1277382931Image000001.jpg,79,77,OTHER,761,601,840,678
1277382931Image000001.jpg,31,29,OTHER,450,725,481,754
1277382931Image000001.jpg,79,77,OTHER,761,601,840,678
1277382931Image000001.jpg,31,29,OTHER,450,725,481,754
1277382931Image000006.jpg,39,34,OTHER,523,701,562,735
1277382931Image000011.jpg,50,48,OTHER,637,676,687,724
1277382931Image000016.jpg,70,65,OTHER,794,636,864,701
1277382931Image000021.jpg,48,116,OTHER,1233,515,1281,631
1277382985Image000001.jpg,57,55,OTHER,632,636,689,691
1277382985Image000006.jpg,91,85,OTHER,740,571,831,656
1277382985Image000011.jpg,131,191,OTHER,1156,384,1287,575
1277383042Image000006.jpg,36,37,OTHER,589,688,625,725
1277383042Image000006.jpg,36,37,OTHER,589,688,625,725
1277383042Image000011.jpg,55,53,OTHER,665,661,720,714
1277383042Image000011.jpg,55,53,OTHER,665,661,720,714
1277383042Image000016.jpg,78,73,OTHER,793,617,871,690
1277383042Image000016.jpg,78,73,OTHER,793,617,871,690
1277383085Image000003.jpg,94,85,OTHER,814,609,908,694
1277383114Image000002.jpg,17,18,PRIORITY_ROAD,465,674,482,692
1277383114Image000002.jpg,17,18,PRIORITY_ROAD,465,674,482,692
1277383114Image000007.jpg,20,21,PRIORITY_ROAD,495,669,515,690
1277383114Image000007.jpg,20,21,PRIORITY_ROAD,495,669,515,690
1277383115Image000002.jpg,42,44,PRIORITY_ROAD,662,647,704,691
1277383115Image000002.jpg,42,44,PRIORITY_ROAD,662,647,704,691
1277383115Image000007.jpg,55,59,PRIORITY_ROAD,793,634,848,693
1277383115Image000007.jpg,55,59,PRIORITY_ROAD,793,634,848,693
1277383143Image000001.jpg,55,52,OTHER,613,646,668,698
1277383143Image000001.jpg,9,9,PEDESTRIAN_CROSSING,422,743,431,752
1277383143Image000001.jpg,10,10,PEDESTRIAN_CROSSING,275,743,285,753
1277383143Image000001.jpg,55,52,OTHER,613,646,668,698
1277383143Image000001.jpg,9,9,PEDESTRIAN_CROSSING,422,743,431,752
1277383143Image000001.jpg,10,10,PEDESTRIAN_CROSSING,275,743,285,753
1277383143Image000001.jpg,55,52,OTHER,613,646,668,698
1277383143Image000001.jpg,9,9,PEDESTRIAN_CROSSING,422,743,431,752
1277383143Image000001.jpg,10,10,PEDESTRIAN_CROSSING,275,743,285,753
1277383143Image000006.jpg,81,68,OTHER,707,614,788,682
1277383143Image000006.jpg,12,10,PEDESTRIAN_CROSSING,265,743,277,753
1277383143Image000006.jpg,10,11,PEDESTRIAN_CROSSING,422,743,432,754
1277383143Image000006.jpg,81,68,OTHER,707,614,788,682
1277383143Image000006.jpg,12,10,PEDESTRIAN_CROSSING,265,743,277,753
1277383143Image000006.jpg,10,11,PEDESTRIAN_CROSSING,422,743,432,754
1277383143Image000006.jpg,81,68,OTHER,707,614,788,682
1277383143Image000006.jpg,12,10,PEDESTRIAN_CROSSING,265,743,277,753
1277383143Image000006.jpg,10,11,PEDESTRIAN_CROSSING,422,743,432,754
1277383143Image000011.jpg,131,125,OTHER,947,521,1078,646
1277383143Image000011.jpg,12,11,PEDESTRIAN_CROSSING,253,744,265,755
1277383143Image000011.jpg,10,12,PEDESTRIAN_CROSSING,423,744,433,756
1277383143Image000011.jpg,131,125,OTHER,947,521,1078,646
1277383143Image000011.jpg,12,11,PEDESTRIAN_CROSSING,253,744,265,755
1277383143Image000011.jpg,10,12,PEDESTRIAN_CROSSING,423,744,433,756
1277383143Image000011.jpg,131,125,OTHER,947,521,1078,646
1277383143Image000011.jpg,12,11,PEDESTRIAN_CROSSING,253,744,265,755
1277383143Image000011.jpg,10,12,PEDESTRIAN_CROSSING,423,744,433,756
1277383148Image000003.jpg,51,51,PEDESTRIAN_CROSSING,652,579,703,630
1277383154Image000001.jpg,50,45,PEDESTRIAN_CROSSING,584,608,634,653
1277383154Image000001.jpg,37,34,PEDESTRIAN_CROSSING,16,653,53,687
1277383154Image000001.jpg,50,45,PEDESTRIAN_CROSSING,584,608,634,653
1277383154Image000001.jpg,37,34,PEDESTRIAN_CROSSING,16,653,53,687
1277383154Image000006.jpg,56,48,PEDESTRIAN_CROSSING,631,572,687,620
1277383171Image000004.jpg,73,73,OTHER,680,585,753,658
1277383171Image000009.jpg,103,109,OTHER,834,511,937,620
1277383182Image000008.jpg,18,17,70_SIGN,161,710,179,727
1277383182Image000008.jpg,16,18,70_SIGN,497,664,513,682
1277383182Image000008.jpg,22,22,OTHER,668,663,690,685
1277383182Image000008.jpg,18,17,70_SIGN,161,710,179,727
1277383182Image000008.jpg,16,18,70_SIGN,497,664,513,682
1277383182Image000008.jpg,22,22,OTHER,668,663,690,685
1277383182Image000008.jpg,18,17,70_SIGN,161,710,179,727
1277383182Image000008.jpg,16,18,70_SIGN,497,664,513,682
1277383182Image000008.jpg,22,22,OTHER,668,663,690,685
1277383182Image000008.jpg,18,17,70_SIGN,161,710,179,727
1277383182Image000008.jpg,16,18,70_SIGN,497,664,513,682
1277383182Image000008.jpg,22,22,OTHER,668,663,690,685
1277383185Image000003.jpg,62,67,70_SIGN,875,458,937,525
1277383185Image000003.jpg,62,67,70_SIGN,875,458,937,525
1277383185Image000008.jpg,22,21,OTHER,136,699,158,720
1277383185Image000008.jpg,19,19,OTHER,504,685,523,704
1277383185Image000008.jpg,22,21,OTHER,136,699,158,720
1277383185Image000008.jpg,19,19,OTHER,504,685,523,704
1277383188Image000002.jpg,70,71,OTHER,872,509,942,580
1277383207Image000004.jpg,34,64,PEDESTRIAN_CROSSING,1229,496,1263,560
1277383207Image000004.jpg,24,36,PEDESTRIAN_CROSSING,908,603,932,639
1277383207Image000004.jpg,15,17,PRIORITY_ROAD,568,688,583,705
1277383207Image000004.jpg,34,64,PEDESTRIAN_CROSSING,1229,496,1263,560
1277383207Image000004.jpg,24,36,PEDESTRIAN_CROSSING,908,603,932,639
1277383207Image000004.jpg,15,17,PRIORITY_ROAD,568,688,583,705
1277383207Image000004.jpg,34,64,PEDESTRIAN_CROSSING,1229,496,1263,560
1277383207Image000004.jpg,24,36,PEDESTRIAN_CROSSING,908,603,932,639
1277383207Image000004.jpg,15,17,PRIORITY_ROAD,568,688,583,705
1277383207Image000004.jpg,34,64,PEDESTRIAN_CROSSING,1229,496,1263,560
1277383207Image000004.jpg,24,36,PEDESTRIAN_CROSSING,908,603,932,639
1277383207Image000004.jpg,15,17,PRIORITY_ROAD,568,688,583,705
1277383207Image000014.jpg,25,24,PRIORITY_ROAD,649,657,674,681
1277383207Image000014.jpg,16,14,50_SIGN,480,682,496,696
1277383207Image000014.jpg,16,14,50_SIGN,173,713,189,727
1277383207Image000014.jpg,25,24,PRIORITY_ROAD,649,657,674,681
1277383207Image000014.jpg,16,14,50_SIGN,480,682,496,696
1277383207Image000014.jpg,16,14,50_SIGN,173,713,189,727
1277383207Image000014.jpg,25,24,PRIORITY_ROAD,649,657,674,681
1277383207Image000014.jpg,16,14,50_SIGN,480,682,496,696
1277383207Image000014.jpg,16,14,50_SIGN,173,713,189,727
1277383207Image000014.jpg,25,24,PRIORITY_ROAD,649,657,674,681
1277383207Image000014.jpg,16,14,50_SIGN,480,682,496,696
1277383207Image000014.jpg,16,14,50_SIGN,173,713,189,727
1277383207Image000019.jpg,28,30,PRIORITY_ROAD,714,648,742,678
1277383207Image000019.jpg,15,16,50_SIGN,154,716,169,732
1277383207Image000019.jpg,14,15,50_SIGN,492,686,506,701
1277383207Image000019.jpg,28,30,PRIORITY_ROAD,714,648,742,678
1277383207Image000019.jpg,15,16,50_SIGN,154,716,169,732
1277383207Image000019.jpg,14,15,50_SIGN,492,686,506,701
1277383207Image000019.jpg,28,30,PRIORITY_ROAD,714,648,742,678
1277383207Image000019.jpg,15,16,50_SIGN,154,716,169,732
1277383207Image000019.jpg,14,15,50_SIGN,492,686,506,701
1277383207Image000019.jpg,28,30,PRIORITY_ROAD,714,648,742,678
1277383207Image000019.jpg,15,16,50_SIGN,154,716,169,732
1277383207Image000019.jpg,14,15,50_SIGN,492,686,506,701
1277383207Image000024.jpg,17,16,50_SIGN,128,715,145,731
1277383207Image000024.jpg,16,15,50_SIGN,504,678,520,693
1277383207Image000024.jpg,39,39,PRIORITY_ROAD,812,614,851,653
1277383207Image000024.jpg,17,16,50_SIGN,128,715,145,731
1277383207Image000024.jpg,16,15,50_SIGN,504,678,520,693
1277383207Image000024.jpg,39,39,PRIORITY_ROAD,812,614,851,653
1277383207Image000024.jpg,17,16,50_SIGN,128,715,145,731
1277383207Image000024.jpg,16,15,50_SIGN,504,678,520,693
1277383207Image000024.jpg,39,39,PRIORITY_ROAD,812,614,851,653
1277383207Image000024.jpg,17,16,50_SIGN,128,715,145,731
1277383207Image000024.jpg,16,15,50_SIGN,504,678,520,693
1277383207Image000024.jpg,39,39,PRIORITY_ROAD,812,614,851,653
1277383207Image000029.jpg,68,70,PRIORITY_ROAD,1211,506,1279,576
1277383207Image000029.jpg,23,22,50_SIGN,527,665,550,687
1277383207Image000029.jpg,22,22,50_SIGN,71,704,93,726
1277383207Image000029.jpg,68,70,PRIORITY_ROAD,1211,506,1279,576
1277383207Image000029.jpg,23,22,50_SIGN,527,665,550,687
1277383207Image000029.jpg,22,22,50_SIGN,71,704,93,726
1277383207Image000029.jpg,68,70,PRIORITY_ROAD,1211,506,1279,576
1277383207Image000029.jpg,23,22,50_SIGN,527,665,550,687
1277383207Image000029.jpg,22,22,50_SIGN,71,704,93,726
1277383207Image000029.jpg,68,70,PRIORITY_ROAD,1211,506,1279,576
1277383207Image000029.jpg,23,22,50_SIGN,527,665,550,687
1277383207Image000029.jpg,22,22,50_SIGN,71,704,93,726
1277383207Image000034.jpg,24,23,50_SIGN,564,657,588,680
1277383207Image000034.jpg,14,27,50_SIGN,0,708,14,735
1277383207Image000034.jpg,24,23,50_SIGN,564,657,588,680
1277383207Image000034.jpg,14,27,50_SIGN,0,708,14,735
1277383207Image000034.jpg,24,23,50_SIGN,564,657,588,680
1277383207Image000034.jpg,14,27,50_SIGN,0,708,14,735
1277383207Image000039.jpg,34,31,50_SIGN,618,635,652,666
1277383207Image000039.jpg,34,31,50_SIGN,618,635,652,666
1277383207Image000044.jpg,42,38,50_SIGN,721,601,763,639
1277383207Image000044.jpg,42,38,50_SIGN,721,601,763,639
1277383207Image000049.jpg,65,103,50_SIGN,1215,406,1280,509
1277383217Image000006.jpg,29,31,PASS_RIGHT_SIDE,230,667,259,698
1277383217Image000006.jpg,19,19,PASS_RIGHT_SIDE,311,690,330,709
1277383217Image000006.jpg,21,16,PEDESTRIAN_CROSSING,462,688,483,704
1277383217Image000006.jpg,12,24,PEDESTRIAN_CROSSING,720,628,732,652
1277383217Image000006.jpg,29,31,PASS_RIGHT_SIDE,230,667,259,698
1277383217Image000006.jpg,19,19,PASS_RIGHT_SIDE,311,690,330,709
1277383217Image000006.jpg,21,16,PEDESTRIAN_CROSSING,462,688,483,704
1277383217Image000006.jpg,12,24,PEDESTRIAN_CROSSING,720,628,732,652
1277383217Image000006.jpg,29,31,PASS_RIGHT_SIDE,230,667,259,698
1277383217Image000006.jpg,19,19,PASS_RIGHT_SIDE,311,690,330,709
1277383217Image000006.jpg,21,16,PEDESTRIAN_CROSSING,462,688,483,704
1277383217Image000006.jpg,12,24,PEDESTRIAN_CROSSING,720,628,732,652
1277383217Image000006.jpg,29,31,PASS_RIGHT_SIDE,230,667,259,698
1277383217Image000006.jpg,19,19,PASS_RIGHT_SIDE,311,690,330,709
1277383217Image000006.jpg,21,16,PEDESTRIAN_CROSSING,462,688,483,704
1277383217Image000006.jpg,12,24,PEDESTRIAN_CROSSING,720,628,732,652
1277383217Image000011.jpg,44,42,PASS_RIGHT_SIDE,137,639,181,681
1277383217Image000011.jpg,26,24,PASS_RIGHT_SIDE,274,681,300,705
1277383217Image000011.jpg,22,21,PEDESTRIAN_CROSSING,459,680,481,701
1277383217Image000011.jpg,16,32,PEDESTRIAN_CROSSING,811,593,827,625
1277383217Image000011.jpg,44,42,PASS_RIGHT_SIDE,137,639,181,681
1277383217Image000011.jpg,26,24,PASS_RIGHT_SIDE,274,681,300,705
1277383217Image000011.jpg,22,21,PEDESTRIAN_CROSSING,459,680,481,701
1277383217Image000011.jpg,16,32,PEDESTRIAN_CROSSING,811,593,827,625
1277383217Image000011.jpg,44,42,PASS_RIGHT_SIDE,137,639,181,681
1277383217Image000011.jpg,26,24,PASS_RIGHT_SIDE,274,681,300,705
1277383217Image000011.jpg,22,21,PEDESTRIAN_CROSSING,459,680,481,701
1277383217Image000011.jpg,16,32,PEDESTRIAN_CROSSING,811,593,827,625
1277383217Image000011.jpg,44,42,PASS_RIGHT_SIDE,137,639,181,681
1277383217Image000011.jpg,26,24,PASS_RIGHT_SIDE,274,681,300,705
1277383217Image000011.jpg,22,21,PEDESTRIAN_CROSSING,459,680,481,701
1277383217Image000011.jpg,16,32,PEDESTRIAN_CROSSING,811,593,827,625
1277383217Image000016.jpg,68,65,PASS_RIGHT_SIDE,0,591,68,656
1277383217Image000016.jpg,29,30,PASS_RIGHT_SIDE,248,672,277,702
1277383217Image000016.jpg,26,23,PEDESTRIAN_CROSSING,469,671,495,694
1277383217Image000016.jpg,25,41,PEDESTRIAN_CROSSING,948,542,973,583
1277383217Image000016.jpg,68,65,PASS_RIGHT_SIDE,0,591,68,656
1277383217Image000016.jpg,29,30,PASS_RIGHT_SIDE,248,672,277,702
1277383217Image000016.jpg,26,23,PEDESTRIAN_CROSSING,469,671,495,694
1277383217Image000016.jpg,25,41,PEDESTRIAN_CROSSING,948,542,973,583
1277383217Image000016.jpg,68,65,PASS_RIGHT_SIDE,0,591,68,656
1277383217Image000016.jpg,29,30,PASS_RIGHT_SIDE,248,672,277,702
1277383217Image000016.jpg,26,23,PEDESTRIAN_CROSSING,469,671,495,694
1277383217Image000016.jpg,25,41,PEDESTRIAN_CROSSING,948,542,973,583
1277383217Image000016.jpg,68,65,PASS_RIGHT_SIDE,0,591,68,656
1277383217Image000016.jpg,29,30,PASS_RIGHT_SIDE,248,672,277,702
1277383217Image000016.jpg,26,23,PEDESTRIAN_CROSSING,469,671,495,694
1277383217Image000016.jpg,25,41,PEDESTRIAN_CROSSING,948,542,973,583
1277383217Image000021.jpg,32,34,PASS_RIGHT_SIDE,212,659,244,693
1277383217Image000021.jpg,31,27,PEDESTRIAN_CROSSING,486,657,517,684
1277383217Image000021.jpg,10,11,PRIORITY_ROAD,440,739,450,750
1277383217Image000021.jpg,46,70,PEDESTRIAN_CROSSING,1207,439,1253,509
1277383217Image000021.jpg,32,34,PASS_RIGHT_SIDE,212,659,244,693
1277383217Image000021.jpg,31,27,PEDESTRIAN_CROSSING,486,657,517,684
1277383217Image000021.jpg,10,11,PRIORITY_ROAD,440,739,450,750
1277383217Image000021.jpg,46,70,PEDESTRIAN_CROSSING,1207,439,1253,509
1277383217Image000021.jpg,32,34,PASS_RIGHT_SIDE,212,659,244,693
1277383217Image000021.jpg,31,27,PEDESTRIAN_CROSSING,486,657,517,684
1277383217Image000021.jpg,10,11,PRIORITY_ROAD,440,739,450,750
1277383217Image000021.jpg,46,70,PEDESTRIAN_CROSSING,1207,439,1253,509
1277383217Image000021.jpg,32,34,PASS_RIGHT_SIDE,212,659,244,693
1277383217Image000021.jpg,31,27,PEDESTRIAN_CROSSING,486,657,517,684
1277383217Image000021.jpg,10,11,PRIORITY_ROAD,440,739,450,750
1277383217Image000021.jpg,46,70,PEDESTRIAN_CROSSING,1207,439,1253,509
1277383217Image000026.jpg,49,52,PASS_RIGHT_SIDE,134,621,183,673
1277383217Image000026.jpg,45,42,PEDESTRIAN_CROSSING,524,622,569,664
1277383217Image000026.jpg,11,10,PRIORITY_ROAD,448,739,459,749
1277383217Image000026.jpg,49,52,PASS_RIGHT_SIDE,134,621,183,673
1277383217Image000026.jpg,45,42,PEDESTRIAN_CROSSING,524,622,569,664
1277383217Image000026.jpg,11,10,PRIORITY_ROAD,448,739,459,749
1277383217Image000026.jpg,49,52,PASS_RIGHT_SIDE,134,621,183,673
1277383217Image000026.jpg,45,42,PEDESTRIAN_CROSSING,524,622,569,664
1277383217Image000026.jpg,11,10,PRIORITY_ROAD,448,739,459,749
1277383217Image000031.jpg,79,74,PEDESTRIAN_CROSSING,644,527,723,601
1277383217Image000031.jpg,15,14,PRIORITY_ROAD,465,734,480,748
1277383217Image000031.jpg,79,74,PEDESTRIAN_CROSSING,644,527,723,601
1277383217Image000031.jpg,15,14,PRIORITY_ROAD,465,734,480,748
1277383217Image000036.jpg,166,145,PEDESTRIAN_CROSSING,953,296,1119,441
1277383217Image000036.jpg,16,15,PRIORITY_ROAD,498,727,514,742
1277383217Image000036.jpg,166,145,PEDESTRIAN_CROSSING,953,296,1119,441
1277383217Image000036.jpg,16,15,PRIORITY_ROAD,498,727,514,742
1277383217Image000041.jpg,18,19,PRIORITY_ROAD,550,712,568,731
1277383222Image000009.jpg,52,53,PRIORITY_ROAD,835,614,887,667
1277383240Image000002.jpg,54,57,50_SIGN,759,542,813,599
1277383240Image000002.jpg,45,40,PRIORITY_ROAD,767,603,812,643
1277383240Image000002.jpg,54,57,50_SIGN,759,542,813,599
1277383240Image000002.jpg,45,40,PRIORITY_ROAD,767,603,812,643
1277383240Image000007.jpg,70,68,50_SIGN,850,486,920,554
1277383240Image000007.jpg,55,56,PRIORITY_ROAD,863,557,918,613
1277383240Image000007.jpg,70,68,50_SIGN,850,486,920,554
1277383240Image000007.jpg,55,56,PRIORITY_ROAD,863,557,918,613
1277383240Image000012.jpg,105,109,50_SIGN,1098,365,1203,474
1277383240Image000012.jpg,87,97,PRIORITY_ROAD,1114,471,1201,568
1277383240Image000012.jpg,105,109,50_SIGN,1098,365,1203,474
1277383240Image000012.jpg,87,97,PRIORITY_ROAD,1114,471,1201,568
1277383256Image000006.jpg,149,149,OTHER,1019,477,1168,626
1277383267Image000001.jpg,40,37,PASS_RIGHT_SIDE,105,676,145,713
1277383267Image000001.jpg,12,12,PASS_RIGHT_SIDE,74,707,86,719
1277383267Image000001.jpg,14,14,PRIORITY_ROAD,180,701,194,715
1277383267Image000001.jpg,40,37,PASS_RIGHT_SIDE,105,676,145,713
1277383267Image000001.jpg,12,12,PASS_RIGHT_SIDE,74,707,86,719
1277383267Image000001.jpg,14,14,PRIORITY_ROAD,180,701,194,715
1277383267Image000001.jpg,40,37,PASS_RIGHT_SIDE,105,676,145,713
1277383267Image000001.jpg,12,12,PASS_RIGHT_SIDE,74,707,86,719
1277383267Image000001.jpg,14,14,PRIORITY_ROAD,180,701,194,715
1277383267Image000001.jpg,40,37,PASS_RIGHT_SIDE,105,676,145,713
1277383267Image000001.jpg,12,12,PASS_RIGHT_SIDE,74,707,86,719
1277383267Image000001.jpg,14,14,PRIORITY_ROAD,180,701,194,715
1277383267Image000006.jpg,52,53,PASS_RIGHT_SIDE,35,662,87,715
1277383267Image000006.jpg,14,12,PRIORITY_ROAD,180,708,194,720
1277383267Image000006.jpg,52,53,PASS_RIGHT_SIDE,35,662,87,715
1277383267Image000006.jpg,14,12,PRIORITY_ROAD,180,708,194,720
1277383267Image000006.jpg,52,53,PASS_RIGHT_SIDE,35,662,87,715
1277383267Image000006.jpg,14,12,PRIORITY_ROAD,180,708,194,720
1277383267Image000011.jpg,14,13,PASS_RIGHT_SIDE,52,702,66,715
1277383267Image000011.jpg,13,13,PRIORITY_ROAD,181,698,194,711
1277383267Image000011.jpg,14,13,PASS_RIGHT_SIDE,52,702,66,715
1277383267Image000011.jpg,13,13,PRIORITY_ROAD,181,698,194,711
1277383267Image000011.jpg,14,13,PASS_RIGHT_SIDE,52,702,66,715
1277383267Image000011.jpg,13,13,PRIORITY_ROAD,181,698,194,711
1277383267Image000016.jpg,15,13,PASS_RIGHT_SIDE,41,699,56,712
1277383267Image000016.jpg,15,15,PRIORITY_ROAD,184,690,199,705
1277383267Image000016.jpg,15,13,PASS_RIGHT_SIDE,41,699,56,712
1277383267Image000016.jpg,15,15,PRIORITY_ROAD,184,690,199,705
1277383267Image000016.jpg,15,13,PASS_RIGHT_SIDE,41,699,56,712
1277383267Image000016.jpg,15,15,PRIORITY_ROAD,184,690,199,705
1277383267Image000021.jpg,16,18,PRIORITY_ROAD,193,679,209,697
1277383267Image000021.jpg,16,18,PRIORITY_ROAD,193,679,209,697
1277383267Image000026.jpg,18,19,PRIORITY_ROAD,220,679,238,698
1277383267Image000026.jpg,19,21,PASS_RIGHT_SIDE,44,682,63,703
1277383267Image000026.jpg,18,19,PRIORITY_ROAD,220,679,238,698
1277383267Image000026.jpg,19,21,PASS_RIGHT_SIDE,44,682,63,703
1277383267Image000026.jpg,18,19,PRIORITY_ROAD,220,679,238,698
1277383267Image000026.jpg,19,21,PASS_RIGHT_SIDE,44,682,63,703
1277383267Image000031.jpg,19,20,PASS_RIGHT_SIDE,56,688,75,708
1277383267Image000031.jpg,21,22,PRIORITY_ROAD,250,683,271,705
1277383267Image000031.jpg,7,20,GIVE_WAY,522,695,529,715
1277383267Image000031.jpg,8,20,PASS_RIGHT_SIDE,530,688,538,708
1277383267Image000031.jpg,19,20,PASS_RIGHT_SIDE,56,688,75,708
1277383267Image000031.jpg,21,22,PRIORITY_ROAD,250,683,271,705
1277383267Image000031.jpg,7,20,GIVE_WAY,522,695,529,715
1277383267Image000031.jpg,8,20,PASS_RIGHT_SIDE,530,688,538,708
1277383267Image000031.jpg,19,20,PASS_RIGHT_SIDE,56,688,75,708
1277383267Image000031.jpg,21,22,PRIORITY_ROAD,250,683,271,705
1277383267Image000031.jpg,7,20,GIVE_WAY,522,695,529,715
1277383267Image000031.jpg,8,20,PASS_RIGHT_SIDE,530,688,538,708
1277383267Image000031.jpg,19,20,PASS_RIGHT_SIDE,56,688,75,708
1277383267Image000031.jpg,21,22,PRIORITY_ROAD,250,683,271,705
1277383267Image000031.jpg,7,20,GIVE_WAY,522,695,529,715
1277383267Image000031.jpg,8,20,PASS_RIGHT_SIDE,530,688,538,708
1277383267Image000031.jpg,19,20,PASS_RIGHT_SIDE,56,688,75,708
1277383267Image000031.jpg,21,22,PRIORITY_ROAD,250,683,271,705
1277383267Image000031.jpg,7,20,GIVE_WAY,522,695,529,715
1277383267Image000031.jpg,8,20,PASS_RIGHT_SIDE,530,688,538,708
1277383267Image000036.jpg,22,22,PASS_RIGHT_SIDE,75,689,97,711
1277383267Image000036.jpg,22,23,PRIORITY_ROAD,296,682,318,705
1277383267Image000036.jpg,9,25,PASS_RIGHT_SIDE,618,678,627,703
1277383267Image000036.jpg,22,22,PASS_RIGHT_SIDE,75,689,97,711
1277383267Image000036.jpg,22,23,PRIORITY_ROAD,296,682,318,705
1277383267Image000036.jpg,9,25,PASS_RIGHT_SIDE,618,678,627,703
1277383267Image000036.jpg,22,22,PASS_RIGHT_SIDE,75,689,97,711
1277383267Image000036.jpg,22,23,PRIORITY_ROAD,296,682,318,705
1277383267Image000036.jpg,9,25,PASS_RIGHT_SIDE,618,678,627,703
1277383267Image000036.jpg,22,22,PASS_RIGHT_SIDE,75,689,97,711
1277383267Image000036.jpg,22,23,PRIORITY_ROAD,296,682,318,705
1277383267Image000036.jpg,9,25,PASS_RIGHT_SIDE,618,678,627,703
1277383267Image000041.jpg,29,26,PASS_RIGHT_SIDE,87,678,116,704
1277383267Image000041.jpg,27,27,PRIORITY_ROAD,353,671,380,698
1277383267Image000041.jpg,14,28,GIVE_WAY,719,680,733,708
1277383267Image000041.jpg,13,29,PASS_RIGHT_SIDE,752,665,765,694
1277383267Image000041.jpg,29,26,PASS_RIGHT_SIDE,87,678,116,704
1277383267Image000041.jpg,27,27,PRIORITY_ROAD,353,671,380,698
1277383267Image000041.jpg,14,28,GIVE_WAY,719,680,733,708
1277383267Image000041.jpg,13,29,PASS_RIGHT_SIDE,752,665,765,694
1277383267Image000041.jpg,29,26,PASS_RIGHT_SIDE,87,678,116,704
1277383267Image000041.jpg,27,27,PRIORITY_ROAD,353,671,380,698
1277383267Image000041.jpg,14,28,GIVE_WAY,719,680,733,708
1277383267Image000041.jpg,13,29,PASS_RIGHT_SIDE,752,665,765,694
1277383267Image000041.jpg,29,26,PASS_RIGHT_SIDE,87,678,116,704
1277383267Image000041.jpg,27,27,PRIORITY_ROAD,353,671,380,698
1277383267Image000041.jpg,14,28,GIVE_WAY,719,680,733,708
1277383267Image000041.jpg,13,29,PASS_RIGHT_SIDE,752,665,765,694
1277383267Image000041.jpg,29,26,PASS_RIGHT_SIDE,87,678,116,704
1277383267Image000041.jpg,27,27,PRIORITY_ROAD,353,671,380,698
1277383267Image000041.jpg,14,28,GIVE_WAY,719,680,733,708
1277383267Image000041.jpg,13,29,PASS_RIGHT_SIDE,752,665,765,694
1277383267Image000046.jpg,34,31,PASS_RIGHT_SIDE,85,667,119,698
1277383267Image000046.jpg,37,32,PRIORITY_ROAD,390,660,427,692
1277383267Image000046.jpg,34,31,PASS_RIGHT_SIDE,85,667,119,698
1277383267Image000046.jpg,37,32,PRIORITY_ROAD,390,660,427,692
1277383267Image000046.jpg,34,31,PASS_RIGHT_SIDE,85,667,119,698
1277383267Image000046.jpg,37,32,PRIORITY_ROAD,390,660,427,692
1277383267Image000051.jpg,38,38,PASS_RIGHT_SIDE,64,670,102,708
1277383267Image000051.jpg,37,38,PRIORITY_ROAD,443,660,480,698
1277383267Image000051.jpg,11,39,GIVE_WAY,990,659,1001,698
1277383267Image000051.jpg,28,47,PASS_RIGHT_SIDE,1107,622,1135,669
1277383267Image000051.jpg,38,38,PASS_RIGHT_SIDE,64,670,102,708
1277383267Image000051.jpg,37,38,PRIORITY_ROAD,443,660,480,698
1277383267Image000051.jpg,11,39,GIVE_WAY,990,659,1001,698
1277383267Image000051.jpg,28,47,PASS_RIGHT_SIDE,1107,622,1135,669
1277383267Image000051.jpg,38,38,PASS_RIGHT_SIDE,64,670,102,708
1277383267Image000051.jpg,37,38,PRIORITY_ROAD,443,660,480,698
1277383267Image000051.jpg,11,39,GIVE_WAY,990,659,1001,698
1277383267Image000051.jpg,28,47,PASS_RIGHT_SIDE,1107,622,1135,669
1277383267Image000051.jpg,38,38,PASS_RIGHT_SIDE,64,670,102,708
1277383267Image000051.jpg,37,38,PRIORITY_ROAD,443,660,480,698
1277383267Image000051.jpg,11,39,GIVE_WAY,990,659,1001,698
1277383267Image000051.jpg,28,47,PASS_RIGHT_SIDE,1107,622,1135,669
1277383267Image000051.jpg,38,38,PASS_RIGHT_SIDE,64,670,102,708
1277383267Image000051.jpg,37,38,PRIORITY_ROAD,443,660,480,698
1277383267Image000051.jpg,11,39,GIVE_WAY,990,659,1001,698
1277383267Image000051.jpg,28,47,PASS_RIGHT_SIDE,1107,622,1135,669
1277383267Image000056.jpg,28,54,PASS_RIGHT_SIDE,0,655,28,709
1277383267Image000056.jpg,49,52,PRIORITY_ROAD,510,632,559,684
1277383267Image000056.jpg,28,54,PASS_RIGHT_SIDE,0,655,28,709
1277383267Image000056.jpg,49,52,PRIORITY_ROAD,510,632,559,684
1277383267Image000056.jpg,28,54,PASS_RIGHT_SIDE,0,655,28,709
1277383267Image000056.jpg,49,52,PRIORITY_ROAD,510,632,559,684
1277383267Image000061.jpg,72,76,PRIORITY_ROAD,621,576,693,652
1277383267Image000061.jpg,72,76,PRIORITY_ROAD,621,576,693,652
1277383267Image000066.jpg,109,115,PRIORITY_ROAD,798,500,907,615
1277383267Image000066.jpg,109,115,PRIORITY_ROAD,798,500,907,615
1277383292Image000003.jpg,25,26,PASS_RIGHT_SIDE,235,687,260,713
1277383292Image000003.jpg,13,12,PEDESTRIAN_CROSSING,433,665,446,677
1277383292Image000003.jpg,25,26,PASS_RIGHT_SIDE,235,687,260,713
1277383292Image000003.jpg,13,12,PEDESTRIAN_CROSSING,433,665,446,677
1277383292Image000003.jpg,25,26,PASS_RIGHT_SIDE,235,687,260,713
1277383292Image000003.jpg,13,12,PEDESTRIAN_CROSSING,433,665,446,677
1277383292Image000008.jpg,32,32,PASS_RIGHT_SIDE,184,678,216,710
1277383292Image000008.jpg,12,12,PEDESTRIAN_CROSSING,417,661,429,673
1277383292Image000008.jpg,11,10,PASS_RIGHT_SIDE,89,698,100,708
1277383292Image000008.jpg,11,11,PEDESTRIAN_CROSSING,89,684,100,695
1277383292Image000008.jpg,14,16,PEDESTRIAN_CROSSING,210,673,224,689
1277383292Image000008.jpg,10,10,PEDESTRIAN_CROSSING,172,674,182,684
1277383292Image000008.jpg,32,32,PASS_RIGHT_SIDE,184,678,216,710
1277383292Image000008.jpg,12,12,PEDESTRIAN_CROSSING,417,661,429,673
1277383292Image000008.jpg,11,10,PASS_RIGHT_SIDE,89,698,100,708
1277383292Image000008.jpg,11,11,PEDESTRIAN_CROSSING,89,684,100,695
1277383292Image000008.jpg,14,16,PEDESTRIAN_CROSSING,210,673,224,689
1277383292Image000008.jpg,10,10,PEDESTRIAN_CROSSING,172,674,182,684
1277383292Image000008.jpg,32,32,PASS_RIGHT_SIDE,184,678,216,710
1277383292Image000008.jpg,12,12,PEDESTRIAN_CROSSING,417,661,429,673
1277383292Image000008.jpg,11,10,PASS_RIGHT_SIDE,89,698,100,708
1277383292Image000008.jpg,11,11,PEDESTRIAN_CROSSING,89,684,100,695
1277383292Image000008.jpg,14,16,PEDESTRIAN_CROSSING,210,673,224,689
1277383292Image000008.jpg,10,10,PEDESTRIAN_CROSSING,172,674,182,684
1277383292Image000008.jpg,32,32,PASS_RIGHT_SIDE,184,678,216,710
1277383292Image000008.jpg,12,12,PEDESTRIAN_CROSSING,417,661,429,673
1277383292Image000008.jpg,11,10,PASS_RIGHT_SIDE,89,698,100,708
1277383292Image000008.jpg,11,11,PEDESTRIAN_CROSSING,89,684,100,695
1277383292Image000008.jpg,14,16,PEDESTRIAN_CROSSING,210,673,224,689
1277383292Image000008.jpg,10,10,PEDESTRIAN_CROSSING,172,674,182,684
1277383292Image000008.jpg,32,32,PASS_RIGHT_SIDE,184,678,216,710
1277383292Image000008.jpg,12,12,PEDESTRIAN_CROSSING,417,661,429,673
1277383292Image000008.jpg,11,10,PASS_RIGHT_SIDE,89,698,100,708
1277383292Image000008.jpg,11,11,PEDESTRIAN_CROSSING,89,684,100,695
1277383292Image000008.jpg,14,16,PEDESTRIAN_CROSSING,210,673,224,689
1277383292Image000008.jpg,10,10,PEDESTRIAN_CROSSING,172,674,182,684
1277383292Image000008.jpg,32,32,PASS_RIGHT_SIDE,184,678,216,710
1277383292Image000008.jpg,12,12,PEDESTRIAN_CROSSING,417,661,429,673
1277383292Image000008.jpg,11,10,PASS_RIGHT_SIDE,89,698,100,708
1277383292Image000008.jpg,11,11,PEDESTRIAN_CROSSING,89,684,100,695
1277383292Image000008.jpg,14,16,PEDESTRIAN_CROSSING,210,673,224,689
1277383292Image000008.jpg,10,10,PEDESTRIAN_CROSSING,172,674,182,684
1277383292Image000013.jpg,42,45,PASS_RIGHT_SIDE,87,677,129,722
1277383292Image000013.jpg,13,16,PEDESTRIAN_CROSSING,166,685,179,701
1277383292Image000013.jpg,11,12,PEDESTRIAN_CROSSING,132,686,143,698
1277383292Image000013.jpg,11,11,PEDESTRIAN_CROSSING,37,698,48,709
1277383292Image000013.jpg,12,10,PASS_RIGHT_SIDE,37,712,49,722
1277383292Image000013.jpg,13,14,PEDESTRIAN_CROSSING,400,666,413,680
1277383292Image000013.jpg,3,12,PEDESTRIAN_CROSSING,363,666,366,678
1277383292Image000013.jpg,42,45,PASS_RIGHT_SIDE,87,677,129,722
1277383292Image000013.jpg,13,16,PEDESTRIAN_CROSSING,166,685,179,701
1277383292Image000013.jpg,11,12,PEDESTRIAN_CROSSING,132,686,143,698
1277383292Image000013.jpg,11,11,PEDESTRIAN_CROSSING,37,698,48,709
1277383292Image000013.jpg,12,10,PASS_RIGHT_SIDE,37,712,49,722
1277383292Image000013.jpg,13,14,PEDESTRIAN_CROSSING,400,666,413,680
1277383292Image000013.jpg,3,12,PEDESTRIAN_CROSSING,363,666,366,678
1277383292Image000013.jpg,42,45,PASS_RIGHT_SIDE,87,677,129,722
1277383292Image000013.jpg,13,16,PEDESTRIAN_CROSSING,166,685,179,701
1277383292Image000013.jpg,11,12,PEDESTRIAN_CROSSING,132,686,143,698
1277383292Image000013.jpg,11,11,PEDESTRIAN_CROSSING,37,698,48,709
1277383292Image000013.jpg,12,10,PASS_RIGHT_SIDE,37,712,49,722
1277383292Image000013.jpg,13,14,PEDESTRIAN_CROSSING,400,666,413,680
1277383292Image000013.jpg,3,12,PEDESTRIAN_CROSSING,363,666,366,678
1277383292Image000013.jpg,42,45,PASS_RIGHT_SIDE,87,677,129,722
1277383292Image000013.jpg,13,16,PEDESTRIAN_CROSSING,166,685,179,701
1277383292Image000013.jpg,11,12,PEDESTRIAN_CROSSING,132,686,143,698
1277383292Image000013.jpg,11,11,PEDESTRIAN_CROSSING,37,698,48,709
1277383292Image000013.jpg,12,10,PASS_RIGHT_SIDE,37,712,49,722
1277383292Image000013.jpg,13,14,PEDESTRIAN_CROSSING,400,666,413,680
1277383292Image000013.jpg,3,12,PEDESTRIAN_CROSSING,363,666,366,678
1277383292Image000013.jpg,42,45,PASS_RIGHT_SIDE,87,677,129,722
1277383292Image000013.jpg,13,16,PEDESTRIAN_CROSSING,166,685,179,701
1277383292Image000013.jpg,11,12,PEDESTRIAN_CROSSING,132,686,143,698
1277383292Image000013.jpg,11,11,PEDESTRIAN_CROSSING,37,698,48,709
1277383292Image000013.jpg,12,10,PASS_RIGHT_SIDE,37,712,49,722
1277383292Image000013.jpg,13,14,PEDESTRIAN_CROSSING,400,666,413,680
1277383292Image000013.jpg,3,12,PEDESTRIAN_CROSSING,363,666,366,678
1277383292Image000013.jpg,42,45,PASS_RIGHT_SIDE,87,677,129,722
1277383292Image000013.jpg,13,16,PEDESTRIAN_CROSSING,166,685,179,701
1277383292Image000013.jpg,11,12,PEDESTRIAN_CROSSING,132,686,143,698
1277383292Image000013.jpg,11,11,PEDESTRIAN_CROSSING,37,698,48,709
1277383292Image000013.jpg,12,10,PASS_RIGHT_SIDE,37,712,49,722
1277383292Image000013.jpg,13,14,PEDESTRIAN_CROSSING,400,666,413,680
1277383292Image000013.jpg,3,12,PEDESTRIAN_CROSSING,363,666,366,678
1277383292Image000013.jpg,42,45,PASS_RIGHT_SIDE,87,677,129,722
1277383292Image000013.jpg,13,16,PEDESTRIAN_CROSSING,166,685,179,701
1277383292Image000013.jpg,11,12,PEDESTRIAN_CROSSING,132,686,143,698
1277383292Image000013.jpg,11,11,PEDESTRIAN_CROSSING,37,698,48,709
1277383292Image000013.jpg,12,10,PASS_RIGHT_SIDE,37,712,49,722
1277383292Image000013.jpg,13,14,PEDESTRIAN_CROSSING,400,666,413,680
1277383292Image000013.jpg,3,12,PEDESTRIAN_CROSSING,363,666,366,678
1277383292Image000018.jpg,15,15,PEDESTRIAN_CROSSING,387,645,402,660
1277383292Image000018.jpg,4,13,PEDESTRIAN_CROSSING,345,648,349,661
1277383292Image000018.jpg,16,16,PEDESTRIAN_CROSSING,120,665,136,681
1277383292Image000018.jpg,9,12,PEDESTRIAN_CROSSING,94,669,103,681
1277383292Image000018.jpg,15,15,PEDESTRIAN_CROSSING,387,645,402,660
1277383292Image000018.jpg,4,13,PEDESTRIAN_CROSSING,345,648,349,661
1277383292Image000018.jpg,16,16,PEDESTRIAN_CROSSING,120,665,136,681
1277383292Image000018.jpg,9,12,PEDESTRIAN_CROSSING,94,669,103,681
1277383292Image000018.jpg,15,15,PEDESTRIAN_CROSSING,387,645,402,660
1277383292Image000018.jpg,4,13,PEDESTRIAN_CROSSING,345,648,349,661
1277383292Image000018.jpg,16,16,PEDESTRIAN_CROSSING,120,665,136,681
1277383292Image000018.jpg,9,12,PEDESTRIAN_CROSSING,94,669,103,681
1277383292Image000018.jpg,15,15,PEDESTRIAN_CROSSING,387,645,402,660
1277383292Image000018.jpg,4,13,PEDESTRIAN_CROSSING,345,648,349,661
1277383292Image000018.jpg,16,16,PEDESTRIAN_CROSSING,120,665,136,681
1277383292Image000018.jpg,9,12,PEDESTRIAN_CROSSING,94,669,103,681
1277383292Image000023.jpg,19,17,PEDESTRIAN_CROSSING,389,631,408,648
1277383292Image000023.jpg,9,15,PEDESTRIAN_CROSSING,338,638,347,653
1277383292Image000023.jpg,16,19,PEDESTRIAN_CROSSING,70,653,86,672
1277383292Image000023.jpg,10,13,PEDESTRIAN_CROSSING,59,662,69,675
1277383292Image000023.jpg,19,17,PEDESTRIAN_CROSSING,389,631,408,648
1277383292Image000023.jpg,9,15,PEDESTRIAN_CROSSING,338,638,347,653
1277383292Image000023.jpg,16,19,PEDESTRIAN_CROSSING,70,653,86,672
1277383292Image000023.jpg,10,13,PEDESTRIAN_CROSSING,59,662,69,675
1277383292Image000023.jpg,19,17,PEDESTRIAN_CROSSING,389,631,408,648
1277383292Image000023.jpg,9,15,PEDESTRIAN_CROSSING,338,638,347,653
1277383292Image000023.jpg,16,19,PEDESTRIAN_CROSSING,70,653,86,672
1277383292Image000023.jpg,10,13,PEDESTRIAN_CROSSING,59,662,69,675
1277383292Image000023.jpg,19,17,PEDESTRIAN_CROSSING,389,631,408,648
1277383292Image000023.jpg,9,15,PEDESTRIAN_CROSSING,338,638,347,653
1277383292Image000023.jpg,16,19,PEDESTRIAN_CROSSING,70,653,86,672
1277383292Image000023.jpg,10,13,PEDESTRIAN_CROSSING,59,662,69,675
1277383292Image000033.jpg,18,29,PEDESTRIAN_CROSSING,0,627,18,656
1277383292Image000033.jpg,28,28,PEDESTRIAN_CROSSING,463,601,491,629
1277383292Image000033.jpg,5,18,PEDESTRIAN_CROSSING,397,623,402,641
1277383292Image000033.jpg,11,19,PASS_RIGHT_SIDE,395,653,406,672
1277383292Image000033.jpg,15,16,PEDESTRIAN_CROSSING,49,655,64,671
1277383292Image000033.jpg,18,29,PEDESTRIAN_CROSSING,0,627,18,656
1277383292Image000033.jpg,28,28,PEDESTRIAN_CROSSING,463,601,491,629
1277383292Image000033.jpg,5,18,PEDESTRIAN_CROSSING,397,623,402,641
1277383292Image000033.jpg,11,19,PASS_RIGHT_SIDE,395,653,406,672
1277383292Image000033.jpg,15,16,PEDESTRIAN_CROSSING,49,655,64,671
1277383292Image000033.jpg,18,29,PEDESTRIAN_CROSSING,0,627,18,656
1277383292Image000033.jpg,28,28,PEDESTRIAN_CROSSING,463,601,491,629
1277383292Image000033.jpg,5,18,PEDESTRIAN_CROSSING,397,623,402,641
1277383292Image000033.jpg,11,19,PASS_RIGHT_SIDE,395,653,406,672
1277383292Image000033.jpg,15,16,PEDESTRIAN_CROSSING,49,655,64,671
1277383292Image000033.jpg,18,29,PEDESTRIAN_CROSSING,0,627,18,656
1277383292Image000033.jpg,28,28,PEDESTRIAN_CROSSING,463,601,491,629
1277383292Image000033.jpg,5,18,PEDESTRIAN_CROSSING,397,623,402,641
1277383292Image000033.jpg,11,19,PASS_RIGHT_SIDE,395,653,406,672
1277383292Image000033.jpg,15,16,PEDESTRIAN_CROSSING,49,655,64,671
1277383292Image000033.jpg,18,29,PEDESTRIAN_CROSSING,0,627,18,656
1277383292Image000033.jpg,28,28,PEDESTRIAN_CROSSING,463,601,491,629
1277383292Image000033.jpg,5,18,PEDESTRIAN_CROSSING,397,623,402,641
1277383292Image000033.jpg,11,19,PASS_RIGHT_SIDE,395,653,406,672
1277383292Image000033.jpg,15,16,PEDESTRIAN_CROSSING,49,655,64,671
1277383292Image000038.jpg,38,38,PEDESTRIAN_CROSSING,563,582,601,620
1277383292Image000038.jpg,7,22,PEDESTRIAN_CROSSING,469,623,476,645
1277383292Image000038.jpg,10,23,PASS_RIGHT_SIDE,466,655,476,678
1277383292Image000038.jpg,18,19,PEDESTRIAN_CROSSING,65,657,83,676
1277383292Image000038.jpg,38,38,PEDESTRIAN_CROSSING,563,582,601,620
1277383292Image000038.jpg,7,22,PEDESTRIAN_CROSSING,469,623,476,645
1277383292Image000038.jpg,10,23,PASS_RIGHT_SIDE,466,655,476,678
1277383292Image000038.jpg,18,19,PEDESTRIAN_CROSSING,65,657,83,676
1277383292Image000038.jpg,38,38,PEDESTRIAN_CROSSING,563,582,601,620
1277383292Image000038.jpg,7,22,PEDESTRIAN_CROSSING,469,623,476,645
1277383292Image000038.jpg,10,23,PASS_RIGHT_SIDE,466,655,476,678
1277383292Image000038.jpg,18,19,PEDESTRIAN_CROSSING,65,657,83,676
1277383292Image000038.jpg,38,38,PEDESTRIAN_CROSSING,563,582,601,620
1277383292Image000038.jpg,7,22,PEDESTRIAN_CROSSING,469,623,476,645
1277383292Image000038.jpg,10,23,PASS_RIGHT_SIDE,466,655,476,678
1277383292Image000038.jpg,18,19,PEDESTRIAN_CROSSING,65,657,83,676
1277383292Image000043.jpg,49,48,PEDESTRIAN_CROSSING,690,561,739,609
1277383292Image000043.jpg,10,28,PEDESTRIAN_CROSSING,550,626,560,654
1277383292Image000043.jpg,12,32,PASS_RIGHT_SIDE,548,664,560,696
1277383292Image000043.jpg,19,23,PEDESTRIAN_CROSSING,92,667,111,690
1277383292Image000043.jpg,49,48,PEDESTRIAN_CROSSING,690,561,739,609
1277383292Image000043.jpg,10,28,PEDESTRIAN_CROSSING,550,626,560,654
1277383292Image000043.jpg,12,32,PASS_RIGHT_SIDE,548,664,560,696
1277383292Image000043.jpg,19,23,PEDESTRIAN_CROSSING,92,667,111,690
1277383292Image000043.jpg,49,48,PEDESTRIAN_CROSSING,690,561,739,609
1277383292Image000043.jpg,10,28,PEDESTRIAN_CROSSING,550,626,560,654
1277383292Image000043.jpg,12,32,PASS_RIGHT_SIDE,548,664,560,696
1277383292Image000043.jpg,19,23,PEDESTRIAN_CROSSING,92,667,111,690
1277383292Image000043.jpg,49,48,PEDESTRIAN_CROSSING,690,561,739,609
1277383292Image000043.jpg,10,28,PEDESTRIAN_CROSSING,550,626,560,654
1277383292Image000043.jpg,12,32,PASS_RIGHT_SIDE,548,664,560,696
1277383292Image000043.jpg,19,23,PEDESTRIAN_CROSSING,92,667,111,690
1277383292Image000048.jpg,75,72,PEDESTRIAN_CROSSING,913,499,988,571
1277383292Image000048.jpg,12,36,PEDESTRIAN_CROSSING,663,612,675,648
1277383292Image000048.jpg,16,38,PASS_RIGHT_SIDE,655,658,671,696
1277383292Image000048.jpg,22,24,PEDESTRIAN_CROSSING,127,655,149,679
1277383292Image000048.jpg,75,72,PEDESTRIAN_CROSSING,913,499,988,571
1277383292Image000048.jpg,12,36,PEDESTRIAN_CROSSING,663,612,675,648
1277383292Image000048.jpg,16,38,PASS_RIGHT_SIDE,655,658,671,696
1277383292Image000048.jpg,22,24,PEDESTRIAN_CROSSING,127,655,149,679
1277383292Image000048.jpg,75,72,PEDESTRIAN_CROSSING,913,499,988,571
1277383292Image000048.jpg,12,36,PEDESTRIAN_CROSSING,663,612,675,648
1277383292Image000048.jpg,16,38,PASS_RIGHT_SIDE,655,658,671,696
1277383292Image000048.jpg,22,24,PEDESTRIAN_CROSSING,127,655,149,679
1277383292Image000048.jpg,75,72,PEDESTRIAN_CROSSING,913,499,988,571
1277383292Image000048.jpg,12,36,PEDESTRIAN_CROSSING,663,612,675,648
1277383292Image000048.jpg,16,38,PASS_RIGHT_SIDE,655,658,671,696
1277383292Image000048.jpg,22,24,PEDESTRIAN_CROSSING,127,655,149,679
1277383292Image000053.jpg,19,40,PEDESTRIAN_CROSSING,787,598,806,638
1277383292Image000053.jpg,17,43,PASS_RIGHT_SIDE,782,653,799,696
1277383292Image000053.jpg,23,26,PEDESTRIAN_CROSSING,168,651,191,677
1277383292Image000053.jpg,19,40,PEDESTRIAN_CROSSING,787,598,806,638
1277383292Image000053.jpg,17,43,PASS_RIGHT_SIDE,782,653,799,696
1277383292Image000053.jpg,23,26,PEDESTRIAN_CROSSING,168,651,191,677
1277383292Image000053.jpg,19,40,PEDESTRIAN_CROSSING,787,598,806,638
1277383292Image000053.jpg,17,43,PASS_RIGHT_SIDE,782,653,799,696
1277383292Image000053.jpg,23,26,PEDESTRIAN_CROSSING,168,651,191,677
1277383292Image000063.jpg,46,48,PEDESTRIAN_CROSSING,516,593,562,641
1277383292Image000063.jpg,23,22,PRIORITY_ROAD,33,695,56,717
1277383292Image000063.jpg,46,48,PEDESTRIAN_CROSSING,516,593,562,641
1277383292Image000063.jpg,23,22,PRIORITY_ROAD,33,695,56,717
1277383292Image000063.jpg,46,48,PEDESTRIAN_CROSSING,516,593,562,641
1277383292Image000063.jpg,23,22,PRIORITY_ROAD,33,695,56,717
1277383292Image000068.jpg,51,56,PEDESTRIAN_CROSSING,693,547,744,603
1277383292Image000068.jpg,31,22,PRIORITY_ROAD,126,683,157,705
1277383292Image000068.jpg,51,56,PEDESTRIAN_CROSSING,693,547,744,603
1277383292Image000068.jpg,31,22,PRIORITY_ROAD,126,683,157,705
1277383292Image000068.jpg,51,56,PEDESTRIAN_CROSSING,693,547,744,603
1277383292Image000068.jpg,31,22,PRIORITY_ROAD,126,683,157,705
1277383292Image000073.jpg,31,33,PRIORITY_ROAD,340,666,371,699
1277383292Image000073.jpg,31,33,PRIORITY_ROAD,340,666,371,699
1277383292Image000083.jpg,49,51,PRIORITY_ROAD,671,604,720,655
1277383292Image000083.jpg,49,51,PRIORITY_ROAD,671,604,720,655
1277383307Image000001.jpg,16,19,PEDESTRIAN_CROSSING,459,701,475,720
1277383307Image000001.jpg,15,16,PEDESTRIAN_CROSSING,493,707,508,723
1277383307Image000001.jpg,13,15,PEDESTRIAN_CROSSING,289,710,302,725
1277383307Image000001.jpg,16,15,PASS_RIGHT_SIDE,460,720,476,735
1277383307Image000001.jpg,16,19,PEDESTRIAN_CROSSING,459,701,475,720
1277383307Image000001.jpg,15,16,PEDESTRIAN_CROSSING,493,707,508,723
1277383307Image000001.jpg,13,15,PEDESTRIAN_CROSSING,289,710,302,725
1277383307Image000001.jpg,16,15,PASS_RIGHT_SIDE,460,720,476,735
1277383307Image000001.jpg,16,19,PEDESTRIAN_CROSSING,459,701,475,720
1277383307Image000001.jpg,15,16,PEDESTRIAN_CROSSING,493,707,508,723
1277383307Image000001.jpg,13,15,PEDESTRIAN_CROSSING,289,710,302,725
1277383307Image000001.jpg,16,15,PASS_RIGHT_SIDE,460,720,476,735
1277383307Image000001.jpg,16,19,PEDESTRIAN_CROSSING,459,701,475,720
1277383307Image000001.jpg,15,16,PEDESTRIAN_CROSSING,493,707,508,723
1277383307Image000001.jpg,13,15,PEDESTRIAN_CROSSING,289,710,302,725
1277383307Image000001.jpg,16,15,PASS_RIGHT_SIDE,460,720,476,735
1277383307Image000006.jpg,16,17,PEDESTRIAN_CROSSING,451,694,467,711
1277383307Image000006.jpg,13,16,PEDESTRIAN_CROSSING,488,700,501,716
1277383307Image000006.jpg,16,16,PEDESTRIAN_CROSSING,268,703,284,719
1277383307Image000006.jpg,15,17,PEDESTRIAN_CROSSING,670,691,685,708
1277383307Image000006.jpg,16,17,PEDESTRIAN_CROSSING,451,694,467,711
1277383307Image000006.jpg,13,16,PEDESTRIAN_CROSSING,488,700,501,716
1277383307Image000006.jpg,16,16,PEDESTRIAN_CROSSING,268,703,284,719
1277383307Image000006.jpg,15,17,PEDESTRIAN_CROSSING,670,691,685,708
1277383307Image000006.jpg,16,17,PEDESTRIAN_CROSSING,451,694,467,711
1277383307Image000006.jpg,13,16,PEDESTRIAN_CROSSING,488,700,501,716
1277383307Image000006.jpg,16,16,PEDESTRIAN_CROSSING,268,703,284,719
1277383307Image000006.jpg,15,17,PEDESTRIAN_CROSSING,670,691,685,708
1277383307Image000006.jpg,16,17,PEDESTRIAN_CROSSING,451,694,467,711
1277383307Image000006.jpg,13,16,PEDESTRIAN_CROSSING,488,700,501,716
1277383307Image000006.jpg,16,16,PEDESTRIAN_CROSSING,268,703,284,719
1277383307Image000006.jpg,15,17,PEDESTRIAN_CROSSING,670,691,685,708
1277383307Image000016.jpg,21,22,PEDESTRIAN_CROSSING,440,654,461,676
1277383307Image000016.jpg,26,26,PASS_RIGHT_SIDE,437,677,463,703
1277383307Image000016.jpg,19,22,PEDESTRIAN_CROSSING,487,661,506,683
1277383307Image000016.jpg,24,24,PEDESTRIAN_CROSSING,727,646,751,670
1277383307Image000016.jpg,20,23,PEDESTRIAN_CROSSING,194,666,214,689
1277383307Image000016.jpg,21,22,PEDESTRIAN_CROSSING,440,654,461,676
1277383307Image000016.jpg,26,26,PASS_RIGHT_SIDE,437,677,463,703
1277383307Image000016.jpg,19,22,PEDESTRIAN_CROSSING,487,661,506,683
1277383307Image000016.jpg,24,24,PEDESTRIAN_CROSSING,727,646,751,670
1277383307Image000016.jpg,20,23,PEDESTRIAN_CROSSING,194,666,214,689
1277383307Image000016.jpg,21,22,PEDESTRIAN_CROSSING,440,654,461,676
1277383307Image000016.jpg,26,26,PASS_RIGHT_SIDE,437,677,463,703
1277383307Image000016.jpg,19,22,PEDESTRIAN_CROSSING,487,661,506,683
1277383307Image000016.jpg,24,24,PEDESTRIAN_CROSSING,727,646,751,670
1277383307Image000016.jpg,20,23,PEDESTRIAN_CROSSING,194,666,214,689
1277383307Image000016.jpg,21,22,PEDESTRIAN_CROSSING,440,654,461,676
1277383307Image000016.jpg,26,26,PASS_RIGHT_SIDE,437,677,463,703
1277383307Image000016.jpg,19,22,PEDESTRIAN_CROSSING,487,661,506,683
1277383307Image000016.jpg,24,24,PEDESTRIAN_CROSSING,727,646,751,670
1277383307Image000016.jpg,20,23,PEDESTRIAN_CROSSING,194,666,214,689
1277383307Image000016.jpg,21,22,PEDESTRIAN_CROSSING,440,654,461,676
1277383307Image000016.jpg,26,26,PASS_RIGHT_SIDE,437,677,463,703
1277383307Image000016.jpg,19,22,PEDESTRIAN_CROSSING,487,661,506,683
1277383307Image000016.jpg,24,24,PEDESTRIAN_CROSSING,727,646,751,670
1277383307Image000016.jpg,20,23,PEDESTRIAN_CROSSING,194,666,214,689
1277383307Image000021.jpg,26,23,PEDESTRIAN_CROSSING,125,670,151,693
1277383307Image000021.jpg,24,27,PEDESTRIAN_CROSSING,414,648,438,675
1277383307Image000021.jpg,33,33,PASS_RIGHT_SIDE,412,678,445,711
1277383307Image000021.jpg,25,26,PEDESTRIAN_CROSSING,753,636,778,662
1277383307Image000021.jpg,24,24,PEDESTRIAN_CROSSING,465,660,489,684
1277383307Image000021.jpg,26,23,PEDESTRIAN_CROSSING,125,670,151,693
1277383307Image000021.jpg,24,27,PEDESTRIAN_CROSSING,414,648,438,675
1277383307Image000021.jpg,33,33,PASS_RIGHT_SIDE,412,678,445,711
1277383307Image000021.jpg,25,26,PEDESTRIAN_CROSSING,753,636,778,662
1277383307Image000021.jpg,24,24,PEDESTRIAN_CROSSING,465,660,489,684
1277383307Image000021.jpg,26,23,PEDESTRIAN_CROSSING,125,670,151,693
1277383307Image000021.jpg,24,27,PEDESTRIAN_CROSSING,414,648,438,675
1277383307Image000021.jpg,33,33,PASS_RIGHT_SIDE,412,678,445,711
1277383307Image000021.jpg,25,26,PEDESTRIAN_CROSSING,753,636,778,662
1277383307Image000021.jpg,24,24,PEDESTRIAN_CROSSING,465,660,489,684
1277383307Image000021.jpg,26,23,PEDESTRIAN_CROSSING,125,670,151,693
1277383307Image000021.jpg,24,27,PEDESTRIAN_CROSSING,414,648,438,675
1277383307Image000021.jpg,33,33,PASS_RIGHT_SIDE,412,678,445,711
1277383307Image000021.jpg,25,26,PEDESTRIAN_CROSSING,753,636,778,662
1277383307Image000021.jpg,24,24,PEDESTRIAN_CROSSING,465,660,489,684
1277383307Image000021.jpg,26,23,PEDESTRIAN_CROSSING,125,670,151,693
1277383307Image000021.jpg,24,27,PEDESTRIAN_CROSSING,414,648,438,675
1277383307Image000021.jpg,33,33,PASS_RIGHT_SIDE,412,678,445,711
1277383307Image000021.jpg,25,26,PEDESTRIAN_CROSSING,753,636,778,662
1277383307Image000021.jpg,24,24,PEDESTRIAN_CROSSING,465,660,489,684
1277383307Image000026.jpg,14,29,PEDESTRIAN_CROSSING,0,669,14,698
1277383307Image000026.jpg,37,37,PASS_RIGHT_SIDE,342,680,379,717
1277383307Image000026.jpg,32,32,PEDESTRIAN_CROSSING,344,643,376,675
1277383307Image000026.jpg,25,30,PEDESTRIAN_CROSSING,407,659,432,689
1277383307Image000026.jpg,32,33,PEDESTRIAN_CROSSING,751,628,783,661
1277383307Image000026.jpg,14,29,PEDESTRIAN_CROSSING,0,669,14,698
1277383307Image000026.jpg,37,37,PASS_RIGHT_SIDE,342,680,379,717
1277383307Image000026.jpg,32,32,PEDESTRIAN_CROSSING,344,643,376,675
1277383307Image000026.jpg,25,30,PEDESTRIAN_CROSSING,407,659,432,689
1277383307Image000026.jpg,32,33,PEDESTRIAN_CROSSING,751,628,783,661
1277383307Image000026.jpg,14,29,PEDESTRIAN_CROSSING,0,669,14,698
1277383307Image000026.jpg,37,37,PASS_RIGHT_SIDE,342,680,379,717
1277383307Image000026.jpg,32,32,PEDESTRIAN_CROSSING,344,643,376,675
1277383307Image000026.jpg,25,30,PEDESTRIAN_CROSSING,407,659,432,689
1277383307Image000026.jpg,32,33,PEDESTRIAN_CROSSING,751,628,783,661
1277383307Image000026.jpg,14,29,PEDESTRIAN_CROSSING,0,669,14,698
1277383307Image000026.jpg,37,37,PASS_RIGHT_SIDE,342,680,379,717
1277383307Image000026.jpg,32,32,PEDESTRIAN_CROSSING,344,643,376,675
1277383307Image000026.jpg,25,30,PEDESTRIAN_CROSSING,407,659,432,689
1277383307Image000026.jpg,32,33,PEDESTRIAN_CROSSING,751,628,783,661
1277383307Image000026.jpg,14,29,PEDESTRIAN_CROSSING,0,669,14,698
1277383307Image000026.jpg,37,37,PASS_RIGHT_SIDE,342,680,379,717
1277383307Image000026.jpg,32,32,PEDESTRIAN_CROSSING,344,643,376,675
1277383307Image000026.jpg,25,30,PEDESTRIAN_CROSSING,407,659,432,689
1277383307Image000026.jpg,32,33,PEDESTRIAN_CROSSING,751,628,783,661
1277383307Image000031.jpg,45,48,PASS_RIGHT_SIDE,247,662,292,710
1277383307Image000031.jpg,40,42,PEDESTRIAN_CROSSING,250,613,290,655
1277383307Image000031.jpg,39,38,PEDESTRIAN_CROSSING,748,605,787,643
1277383307Image000031.jpg,34,35,PEDESTRIAN_CROSSING,329,639,363,674
1277383307Image000031.jpg,45,48,PASS_RIGHT_SIDE,247,662,292,710
1277383307Image000031.jpg,40,42,PEDESTRIAN_CROSSING,250,613,290,655
1277383307Image000031.jpg,39,38,PEDESTRIAN_CROSSING,748,605,787,643
1277383307Image000031.jpg,34,35,PEDESTRIAN_CROSSING,329,639,363,674
1277383307Image000031.jpg,45,48,PASS_RIGHT_SIDE,247,662,292,710
1277383307Image000031.jpg,40,42,PEDESTRIAN_CROSSING,250,613,290,655
1277383307Image000031.jpg,39,38,PEDESTRIAN_CROSSING,748,605,787,643
1277383307Image000031.jpg,34,35,PEDESTRIAN_CROSSING,329,639,363,674
1277383307Image000031.jpg,45,48,PASS_RIGHT_SIDE,247,662,292,710
1277383307Image000031.jpg,40,42,PEDESTRIAN_CROSSING,250,613,290,655
1277383307Image000031.jpg,39,38,PEDESTRIAN_CROSSING,748,605,787,643
1277383307Image000031.jpg,34,35,PEDESTRIAN_CROSSING,329,639,363,674
1277383307Image000036.jpg,53,57,PEDESTRIAN_CROSSING,78,551,131,608
1277383307Image000036.jpg,67,66,PASS_RIGHT_SIDE,70,620,137,686
1277383307Image000036.jpg,55,55,PEDESTRIAN_CROSSING,783,551,838,606
1277383307Image000036.jpg,44,53,PEDESTRIAN_CROSSING,205,596,249,649
1277383307Image000036.jpg,53,57,PEDESTRIAN_CROSSING,78,551,131,608
1277383307Image000036.jpg,67,66,PASS_RIGHT_SIDE,70,620,137,686
1277383307Image000036.jpg,55,55,PEDESTRIAN_CROSSING,783,551,838,606
1277383307Image000036.jpg,44,53,PEDESTRIAN_CROSSING,205,596,249,649
1277383307Image000036.jpg,53,57,PEDESTRIAN_CROSSING,78,551,131,608
1277383307Image000036.jpg,67,66,PASS_RIGHT_SIDE,70,620,137,686
1277383307Image000036.jpg,55,55,PEDESTRIAN_CROSSING,783,551,838,606
1277383307Image000036.jpg,44,53,PEDESTRIAN_CROSSING,205,596,249,649
1277383307Image000036.jpg,53,57,PEDESTRIAN_CROSSING,78,551,131,608
1277383307Image000036.jpg,67,66,PASS_RIGHT_SIDE,70,620,137,686
1277383307Image000036.jpg,55,55,PEDESTRIAN_CROSSING,783,551,838,606
1277383307Image000036.jpg,44,53,PEDESTRIAN_CROSSING,205,596,249,649
1277383307Image000041.jpg,56,67,PEDESTRIAN_CROSSING,113,558,169,625
1277383307Image000041.jpg,64,70,PEDESTRIAN_CROSSING,875,490,939,560
1277383307Image000041.jpg,56,67,PEDESTRIAN_CROSSING,113,558,169,625
1277383307Image000041.jpg,64,70,PEDESTRIAN_CROSSING,875,490,939,560
1277383307Image000046.jpg,95,120,PEDESTRIAN_CROSSING,1187,291,1282,411
1277383319Image000001.jpg,18,20,PRIORITY_ROAD,757,663,775,683
1277383319Image000006.jpg,19,22,PRIORITY_ROAD,757,658,776,680
1277383319Image000011.jpg,29,28,PRIORITY_ROAD,769,638,798,666
1277383319Image000016.jpg,35,36,PRIORITY_ROAD,800,609,835,645
1277383319Image000021.jpg,48,50,PRIORITY_ROAD,883,572,931,622
1277383319Image000021.jpg,11,9,PEDESTRIAN_CROSSING,653,701,664,710
1277383319Image000021.jpg,9,9,PEDESTRIAN_CROSSING,721,693,730,702
1277383319Image000021.jpg,10,10,PASS_RIGHT_SIDE,719,705,729,715
1277383319Image000021.jpg,10,10,PEDESTRIAN_CROSSING,732,693,742,703
1277383319Image000021.jpg,48,50,PRIORITY_ROAD,883,572,931,622
1277383319Image000021.jpg,11,9,PEDESTRIAN_CROSSING,653,701,664,710
1277383319Image000021.jpg,9,9,PEDESTRIAN_CROSSING,721,693,730,702
1277383319Image000021.jpg,10,10,PASS_RIGHT_SIDE,719,705,729,715
1277383319Image000021.jpg,10,10,PEDESTRIAN_CROSSING,732,693,742,703
1277383319Image000021.jpg,48,50,PRIORITY_ROAD,883,572,931,622
1277383319Image000021.jpg,11,9,PEDESTRIAN_CROSSING,653,701,664,710
1277383319Image000021.jpg,9,9,PEDESTRIAN_CROSSING,721,693,730,702
1277383319Image000021.jpg,10,10,PASS_RIGHT_SIDE,719,705,729,715
1277383319Image000021.jpg,10,10,PEDESTRIAN_CROSSING,732,693,742,703
1277383319Image000021.jpg,48,50,PRIORITY_ROAD,883,572,931,622
1277383319Image000021.jpg,11,9,PEDESTRIAN_CROSSING,653,701,664,710
1277383319Image000021.jpg,9,9,PEDESTRIAN_CROSSING,721,693,730,702
1277383319Image000021.jpg,10,10,PASS_RIGHT_SIDE,719,705,729,715
1277383319Image000021.jpg,10,10,PEDESTRIAN_CROSSING,732,693,742,703
1277383319Image000021.jpg,48,50,PRIORITY_ROAD,883,572,931,622
1277383319Image000021.jpg,11,9,PEDESTRIAN_CROSSING,653,701,664,710
1277383319Image000021.jpg,9,9,PEDESTRIAN_CROSSING,721,693,730,702
1277383319Image000021.jpg,10,10,PASS_RIGHT_SIDE,719,705,729,715
1277383319Image000021.jpg,10,10,PEDESTRIAN_CROSSING,732,693,742,703
1277383319Image000026.jpg,69,78,PRIORITY_ROAD,1045,489,1114,567
1277383319Image000026.jpg,10,11,PEDESTRIAN_CROSSING,615,698,625,709
1277383319Image000026.jpg,11,11,PEDESTRIAN_CROSSING,686,690,697,701
1277383319Image000026.jpg,11,10,PASS_RIGHT_SIDE,686,703,697,713
1277383319Image000026.jpg,10,8,PEDESTRIAN_CROSSING,700,690,710,698
1277383319Image000026.jpg,69,78,PRIORITY_ROAD,1045,489,1114,567
1277383319Image000026.jpg,10,11,PEDESTRIAN_CROSSING,615,698,625,709
1277383319Image000026.jpg,11,11,PEDESTRIAN_CROSSING,686,690,697,701
1277383319Image000026.jpg,11,10,PASS_RIGHT_SIDE,686,703,697,713
1277383319Image000026.jpg,10,8,PEDESTRIAN_CROSSING,700,690,710,698
1277383319Image000026.jpg,69,78,PRIORITY_ROAD,1045,489,1114,567
1277383319Image000026.jpg,10,11,PEDESTRIAN_CROSSING,615,698,625,709
1277383319Image000026.jpg,11,11,PEDESTRIAN_CROSSING,686,690,697,701
1277383319Image000026.jpg,11,10,PASS_RIGHT_SIDE,686,703,697,713
1277383319Image000026.jpg,10,8,PEDESTRIAN_CROSSING,700,690,710,698
1277383319Image000026.jpg,69,78,PRIORITY_ROAD,1045,489,1114,567
1277383319Image000026.jpg,10,11,PEDESTRIAN_CROSSING,615,698,625,709
1277383319Image000026.jpg,11,11,PEDESTRIAN_CROSSING,686,690,697,701
1277383319Image000026.jpg,11,10,PASS_RIGHT_SIDE,686,703,697,713
1277383319Image000026.jpg,10,8,PEDESTRIAN_CROSSING,700,690,710,698
1277383319Image000026.jpg,69,78,PRIORITY_ROAD,1045,489,1114,567
1277383319Image000026.jpg,10,11,PEDESTRIAN_CROSSING,615,698,625,709
1277383319Image000026.jpg,11,11,PEDESTRIAN_CROSSING,686,690,697,701
1277383319Image000026.jpg,11,10,PASS_RIGHT_SIDE,686,703,697,713
1277383319Image000026.jpg,10,8,PEDESTRIAN_CROSSING,700,690,710,698
1277383319Image000031.jpg,15,14,PEDESTRIAN_CROSSING,560,696,575,710
1277383319Image000031.jpg,13,12,PEDESTRIAN_CROSSING,640,686,653,698
1277383319Image000031.jpg,11,11,PASS_RIGHT_SIDE,640,701,651,712
1277383319Image000031.jpg,12,11,PEDESTRIAN_CROSSING,653,687,665,698
1277383319Image000031.jpg,15,14,PEDESTRIAN_CROSSING,560,696,575,710
1277383319Image000031.jpg,13,12,PEDESTRIAN_CROSSING,640,686,653,698
1277383319Image000031.jpg,11,11,PASS_RIGHT_SIDE,640,701,651,712
1277383319Image000031.jpg,12,11,PEDESTRIAN_CROSSING,653,687,665,698
1277383319Image000031.jpg,15,14,PEDESTRIAN_CROSSING,560,696,575,710
1277383319Image000031.jpg,13,12,PEDESTRIAN_CROSSING,640,686,653,698
1277383319Image000031.jpg,11,11,PASS_RIGHT_SIDE,640,701,651,712
1277383319Image000031.jpg,12,11,PEDESTRIAN_CROSSING,653,687,665,698
1277383319Image000031.jpg,15,14,PEDESTRIAN_CROSSING,560,696,575,710
1277383319Image000031.jpg,13,12,PEDESTRIAN_CROSSING,640,686,653,698
1277383319Image000031.jpg,11,11,PASS_RIGHT_SIDE,640,701,651,712
1277383319Image000031.jpg,12,11,PEDESTRIAN_CROSSING,653,687,665,698
1277383326Image000002.jpg,26,24,PEDESTRIAN_CROSSING,159,684,185,708
1277383326Image000002.jpg,24,25,PEDESTRIAN_CROSSING,641,633,665,658
1277383326Image000002.jpg,26,25,PEDESTRIAN_CROSSING,338,655,364,680
1277383326Image000002.jpg,23,25,PASS_RIGHT_SIDE,340,687,363,712
1277383326Image000002.jpg,22,27,PEDESTRIAN_CROSSING,360,659,382,686
1277383326Image000002.jpg,26,24,PEDESTRIAN_CROSSING,159,684,185,708
1277383326Image000002.jpg,24,25,PEDESTRIAN_CROSSING,641,633,665,658
1277383326Image000002.jpg,26,25,PEDESTRIAN_CROSSING,338,655,364,680
1277383326Image000002.jpg,23,25,PASS_RIGHT_SIDE,340,687,363,712
1277383326Image000002.jpg,22,27,PEDESTRIAN_CROSSING,360,659,382,686
1277383326Image000002.jpg,26,24,PEDESTRIAN_CROSSING,159,684,185,708
1277383326Image000002.jpg,24,25,PEDESTRIAN_CROSSING,641,633,665,658
1277383326Image000002.jpg,26,25,PEDESTRIAN_CROSSING,338,655,364,680
1277383326Image000002.jpg,23,25,PASS_RIGHT_SIDE,340,687,363,712
1277383326Image000002.jpg,22,27,PEDESTRIAN_CROSSING,360,659,382,686
1277383326Image000002.jpg,26,24,PEDESTRIAN_CROSSING,159,684,185,708
1277383326Image000002.jpg,24,25,PEDESTRIAN_CROSSING,641,633,665,658
1277383326Image000002.jpg,26,25,PEDESTRIAN_CROSSING,338,655,364,680
1277383326Image000002.jpg,23,25,PASS_RIGHT_SIDE,340,687,363,712
1277383326Image000002.jpg,22,27,PEDESTRIAN_CROSSING,360,659,382,686
1277383326Image000002.jpg,26,24,PEDESTRIAN_CROSSING,159,684,185,708
1277383326Image000002.jpg,24,25,PEDESTRIAN_CROSSING,641,633,665,658
1277383326Image000002.jpg,26,25,PEDESTRIAN_CROSSING,338,655,364,680
1277383326Image000002.jpg,23,25,PASS_RIGHT_SIDE,340,687,363,712
1277383326Image000002.jpg,22,27,PEDESTRIAN_CROSSING,360,659,382,686
1277383326Image000002.jpg,26,24,PEDESTRIAN_CROSSING,159,684,185,708
1277383326Image000002.jpg,24,25,PEDESTRIAN_CROSSING,641,633,665,658
1277383326Image000002.jpg,26,25,PEDESTRIAN_CROSSING,338,655,364,680
1277383326Image000002.jpg,23,25,PASS_RIGHT_SIDE,340,687,363,712
1277383326Image000002.jpg,22,27,PEDESTRIAN_CROSSING,360,659,382,686
1277383326Image000007.jpg,30,27,PEDESTRIAN_CROSSING,82,676,112,703
1277383326Image000007.jpg,33,34,PASS_RIGHT_SIDE,284,677,317,711
1277383326Image000007.jpg,26,27,PEDESTRIAN_CROSSING,307,651,333,678
1277383326Image000007.jpg,29,29,PEDESTRIAN_CROSSING,631,618,660,647
1277383326Image000007.jpg,35,30,PEDESTRIAN_CROSSING,280,639,315,669
1277383326Image000007.jpg,30,27,PEDESTRIAN_CROSSING,82,676,112,703
1277383326Image000007.jpg,33,34,PASS_RIGHT_SIDE,284,677,317,711
1277383326Image000007.jpg,26,27,PEDESTRIAN_CROSSING,307,651,333,678
1277383326Image000007.jpg,29,29,PEDESTRIAN_CROSSING,631,618,660,647
1277383326Image000007.jpg,35,30,PEDESTRIAN_CROSSING,280,639,315,669
1277383326Image000007.jpg,30,27,PEDESTRIAN_CROSSING,82,676,112,703
1277383326Image000007.jpg,33,34,PASS_RIGHT_SIDE,284,677,317,711
1277383326Image000007.jpg,26,27,PEDESTRIAN_CROSSING,307,651,333,678
1277383326Image000007.jpg,29,29,PEDESTRIAN_CROSSING,631,618,660,647
1277383326Image000007.jpg,35,30,PEDESTRIAN_CROSSING,280,639,315,669
1277383326Image000007.jpg,30,27,PEDESTRIAN_CROSSING,82,676,112,703
1277383326Image000007.jpg,33,34,PASS_RIGHT_SIDE,284,677,317,711
1277383326Image000007.jpg,26,27,PEDESTRIAN_CROSSING,307,651,333,678
1277383326Image000007.jpg,29,29,PEDESTRIAN_CROSSING,631,618,660,647
1277383326Image000007.jpg,35,30,PEDESTRIAN_CROSSING,280,639,315,669
1277383326Image000007.jpg,30,27,PEDESTRIAN_CROSSING,82,676,112,703
1277383326Image000007.jpg,33,34,PASS_RIGHT_SIDE,284,677,317,711
1277383326Image000007.jpg,26,27,PEDESTRIAN_CROSSING,307,651,333,678
1277383326Image000007.jpg,29,29,PEDESTRIAN_CROSSING,631,618,660,647
1277383326Image000007.jpg,35,30,PEDESTRIAN_CROSSING,280,639,315,669
1277383326Image000007.jpg,30,27,PEDESTRIAN_CROSSING,82,676,112,703
1277383326Image000007.jpg,33,34,PASS_RIGHT_SIDE,284,677,317,711
1277383326Image000007.jpg,26,27,PEDESTRIAN_CROSSING,307,651,333,678
1277383326Image000007.jpg,29,29,PEDESTRIAN_CROSSING,631,618,660,647
1277383326Image000007.jpg,35,30,PEDESTRIAN_CROSSING,280,639,315,669
1277383326Image000017.jpg,48,54,PEDESTRIAN_CROSSING,136,587,184,641
1277383326Image000017.jpg,54,50,PASS_RIGHT_SIDE,136,646,190,696
1277383326Image000017.jpg,46,38,PEDESTRIAN_CROSSING,180,617,226,655
1277383326Image000017.jpg,44,41,PEDESTRIAN_CROSSING,661,570,705,611
1277383326Image000017.jpg,48,54,PEDESTRIAN_CROSSING,136,587,184,641
1277383326Image000017.jpg,54,50,PASS_RIGHT_SIDE,136,646,190,696
1277383326Image000017.jpg,46,38,PEDESTRIAN_CROSSING,180,617,226,655
1277383326Image000017.jpg,44,41,PEDESTRIAN_CROSSING,661,570,705,611
1277383326Image000017.jpg,48,54,PEDESTRIAN_CROSSING,136,587,184,641
1277383326Image000017.jpg,54,50,PASS_RIGHT_SIDE,136,646,190,696
1277383326Image000017.jpg,46,38,PEDESTRIAN_CROSSING,180,617,226,655
1277383326Image000017.jpg,44,41,PEDESTRIAN_CROSSING,661,570,705,611
1277383326Image000017.jpg,48,54,PEDESTRIAN_CROSSING,136,587,184,641
1277383326Image000017.jpg,54,50,PASS_RIGHT_SIDE,136,646,190,696
1277383326Image000017.jpg,46,38,PEDESTRIAN_CROSSING,180,617,226,655
1277383326Image000017.jpg,44,41,PEDESTRIAN_CROSSING,661,570,705,611
1277383326Image000017.jpg,48,54,PEDESTRIAN_CROSSING,136,587,184,641
1277383326Image000017.jpg,54,50,PASS_RIGHT_SIDE,136,646,190,696
1277383326Image000017.jpg,46,38,PEDESTRIAN_CROSSING,180,617,226,655
1277383326Image000017.jpg,44,41,PEDESTRIAN_CROSSING,661,570,705,611
1277383326Image000022.jpg,55,62,PEDESTRIAN_CROSSING,29,543,84,605
1277383326Image000022.jpg,73,73,PEDESTRIAN_CROSSING,843,444,916,517
1277383326Image000022.jpg,55,62,PEDESTRIAN_CROSSING,29,543,84,605
1277383326Image000022.jpg,73,73,PEDESTRIAN_CROSSING,843,444,916,517
1277383326Image000022.jpg,55,62,PEDESTRIAN_CROSSING,29,543,84,605
1277383326Image000022.jpg,73,73,PEDESTRIAN_CROSSING,843,444,916,517
1277383326Image000027.jpg,100,110,PEDESTRIAN_CROSSING,1077,309,1177,419
1277383326Image000027.jpg,100,110,PEDESTRIAN_CROSSING,1077,309,1177,419
1277383326Image000032.jpg,10,10,GIVE_WAY,421,698,431,708
1277383326Image000032.jpg,10,10,PRIORITY_ROAD,397,703,407,713
1277383326Image000032.jpg,10,10,GIVE_WAY,421,698,431,708
1277383326Image000032.jpg,10,10,PRIORITY_ROAD,397,703,407,713
1277383326Image000032.jpg,10,10,GIVE_WAY,421,698,431,708
1277383326Image000032.jpg,10,10,PRIORITY_ROAD,397,703,407,713
1277383333Image000003.jpg,19,19,GIVE_WAY,496,694,515,713
1277383333Image000003.jpg,14,15,PRIORITY_ROAD,455,702,469,717
1277383333Image000003.jpg,19,19,GIVE_WAY,496,694,515,713
1277383333Image000003.jpg,14,15,PRIORITY_ROAD,455,702,469,717
1277383333Image000003.jpg,19,19,GIVE_WAY,496,694,515,713
1277383333Image000003.jpg,14,15,PRIORITY_ROAD,455,702,469,717
1277383333Image000008.jpg,19,22,GIVE_WAY,503,691,522,713
1277383333Image000008.jpg,13,13,PRIORITY_ROAD,460,704,473,717
1277383333Image000008.jpg,19,22,GIVE_WAY,503,691,522,713
1277383333Image000008.jpg,13,13,PRIORITY_ROAD,460,704,473,717
1277383333Image000008.jpg,19,22,GIVE_WAY,503,691,522,713
1277383333Image000008.jpg,13,13,PRIORITY_ROAD,460,704,473,717
1277383333Image000013.jpg,23,21,GIVE_WAY,514,690,537,711
1277383333Image000013.jpg,16,15,PRIORITY_ROAD,462,702,478,717
1277383333Image000013.jpg,23,21,GIVE_WAY,514,690,537,711
1277383333Image000013.jpg,16,15,PRIORITY_ROAD,462,702,478,717
1277383333Image000013.jpg,23,21,GIVE_WAY,514,690,537,711
1277383333Image000013.jpg,16,15,PRIORITY_ROAD,462,702,478,717
1277383333Image000018.jpg,24,24,GIVE_WAY,530,683,554,707
1277383333Image000018.jpg,18,19,PRIORITY_ROAD,468,696,486,715
1277383333Image000018.jpg,24,24,GIVE_WAY,530,683,554,707
1277383333Image000018.jpg,18,19,PRIORITY_ROAD,468,696,486,715
1277383333Image000018.jpg,24,24,GIVE_WAY,530,683,554,707
1277383333Image000018.jpg,18,19,PRIORITY_ROAD,468,696,486,715
1277383333Image000033.jpg,43,43,GIVE_WAY,643,656,686,699
1277383333Image000033.jpg,27,28,PRIORITY_ROAD,543,685,570,713
1277383333Image000033.jpg,43,43,GIVE_WAY,643,656,686,699
1277383333Image000033.jpg,27,28,PRIORITY_ROAD,543,685,570,713
1277383333Image000033.jpg,43,43,GIVE_WAY,643,656,686,699
1277383333Image000033.jpg,27,28,PRIORITY_ROAD,543,685,570,713
1277383333Image000038.jpg,51,56,GIVE_WAY,775,634,826,690
1277383333Image000038.jpg,32,34,PRIORITY_ROAD,629,672,661,706
1277383333Image000038.jpg,51,56,GIVE_WAY,775,634,826,690
1277383333Image000038.jpg,32,34,PRIORITY_ROAD,629,672,661,706
1277383333Image000038.jpg,51,56,GIVE_WAY,775,634,826,690
1277383333Image000038.jpg,32,34,PRIORITY_ROAD,629,672,661,706
1277383333Image000043.jpg,60,77,GIVE_WAY,949,597,1009,674
1277383333Image000043.jpg,43,45,PRIORITY_ROAD,733,650,776,695
1277383333Image000043.jpg,60,77,GIVE_WAY,949,597,1009,674
1277383333Image000043.jpg,43,45,PRIORITY_ROAD,733,650,776,695
1277383333Image000043.jpg,60,77,GIVE_WAY,949,597,1009,674
1277383333Image000043.jpg,43,45,PRIORITY_ROAD,733,650,776,695
1277383342Image000007.jpg,10,16,GIVE_WAY,377,686,387,702
1277383342Image000007.jpg,14,13,GIVE_WAY,197,670,211,683
1277383342Image000007.jpg,14,13,OTHER,199,684,213,697
1277383342Image000007.jpg,11,11,PEDESTRIAN_CROSSING,64,682,75,693
1277383342Image000007.jpg,13,13,PASS_RIGHT_SIDE,63,694,76,707
1277383342Image000007.jpg,10,16,GIVE_WAY,377,686,387,702
1277383342Image000007.jpg,14,13,GIVE_WAY,197,670,211,683
1277383342Image000007.jpg,14,13,OTHER,199,684,213,697
1277383342Image000007.jpg,11,11,PEDESTRIAN_CROSSING,64,682,75,693
1277383342Image000007.jpg,13,13,PASS_RIGHT_SIDE,63,694,76,707
1277383342Image000007.jpg,10,16,GIVE_WAY,377,686,387,702
1277383342Image000007.jpg,14,13,GIVE_WAY,197,670,211,683
1277383342Image000007.jpg,14,13,OTHER,199,684,213,697
1277383342Image000007.jpg,11,11,PEDESTRIAN_CROSSING,64,682,75,693
1277383342Image000007.jpg,13,13,PASS_RIGHT_SIDE,63,694,76,707
1277383342Image000007.jpg,10,16,GIVE_WAY,377,686,387,702
1277383342Image000007.jpg,14,13,GIVE_WAY,197,670,211,683
1277383342Image000007.jpg,14,13,OTHER,199,684,213,697
1277383342Image000007.jpg,11,11,PEDESTRIAN_CROSSING,64,682,75,693
1277383342Image000007.jpg,13,13,PASS_RIGHT_SIDE,63,694,76,707
1277383342Image000007.jpg,10,16,GIVE_WAY,377,686,387,702
1277383342Image000007.jpg,14,13,GIVE_WAY,197,670,211,683
1277383342Image000007.jpg,14,13,OTHER,199,684,213,697
1277383342Image000007.jpg,11,11,PEDESTRIAN_CROSSING,64,682,75,693
1277383342Image000007.jpg,13,13,PASS_RIGHT_SIDE,63,694,76,707
1277383342Image000007.jpg,10,16,GIVE_WAY,377,686,387,702
1277383342Image000007.jpg,14,13,GIVE_WAY,197,670,211,683
1277383342Image000007.jpg,14,13,OTHER,199,684,213,697
1277383342Image000007.jpg,11,11,PEDESTRIAN_CROSSING,64,682,75,693
1277383342Image000007.jpg,13,13,PASS_RIGHT_SIDE,63,694,76,707
1277383342Image000012.jpg,13,17,GIVE_WAY,391,671,404,688
1277383342Image000012.jpg,16,13,GIVE_WAY,198,657,214,670
1277383342Image000012.jpg,15,13,OTHER,202,671,217,684
1277383342Image000012.jpg,13,12,PEDESTRIAN_CROSSING,56,668,69,680
1277383342Image000012.jpg,14,12,PASS_RIGHT_SIDE,57,682,71,694
1277383342Image000012.jpg,13,17,GIVE_WAY,391,671,404,688
1277383342Image000012.jpg,16,13,GIVE_WAY,198,657,214,670
1277383342Image000012.jpg,15,13,OTHER,202,671,217,684
1277383342Image000012.jpg,13,12,PEDESTRIAN_CROSSING,56,668,69,680
1277383342Image000012.jpg,14,12,PASS_RIGHT_SIDE,57,682,71,694
1277383342Image000012.jpg,13,17,GIVE_WAY,391,671,404,688
1277383342Image000012.jpg,16,13,GIVE_WAY,198,657,214,670
1277383342Image000012.jpg,15,13,OTHER,202,671,217,684
1277383342Image000012.jpg,13,12,PEDESTRIAN_CROSSING,56,668,69,680
1277383342Image000012.jpg,14,12,PASS_RIGHT_SIDE,57,682,71,694
1277383342Image000012.jpg,13,17,GIVE_WAY,391,671,404,688
1277383342Image000012.jpg,16,13,GIVE_WAY,198,657,214,670
1277383342Image000012.jpg,15,13,OTHER,202,671,217,684
1277383342Image000012.jpg,13,12,PEDESTRIAN_CROSSING,56,668,69,680
1277383342Image000012.jpg,14,12,PASS_RIGHT_SIDE,57,682,71,694
1277383342Image000012.jpg,13,17,GIVE_WAY,391,671,404,688
1277383342Image000012.jpg,16,13,GIVE_WAY,198,657,214,670
1277383342Image000012.jpg,15,13,OTHER,202,671,217,684
1277383342Image000012.jpg,13,12,PEDESTRIAN_CROSSING,56,668,69,680
1277383342Image000012.jpg,14,12,PASS_RIGHT_SIDE,57,682,71,694
1277383342Image000012.jpg,13,17,GIVE_WAY,391,671,404,688
1277383342Image000012.jpg,16,13,GIVE_WAY,198,657,214,670
1277383342Image000012.jpg,15,13,OTHER,202,671,217,684
1277383342Image000012.jpg,13,12,PEDESTRIAN_CROSSING,56,668,69,680
1277383342Image000012.jpg,14,12,PASS_RIGHT_SIDE,57,682,71,694
1277383342Image000017.jpg,12,20,GIVE_WAY,412,689,424,709
1277383342Image000017.jpg,16,14,GIVE_WAY,204,677,220,691
1277383342Image000017.jpg,14,15,OTHER,207,691,221,706
1277383342Image000017.jpg,14,14,PEDESTRIAN_CROSSING,50,689,64,703
1277383342Image000017.jpg,13,14,PASS_RIGHT_SIDE,51,704,64,718
1277383342Image000017.jpg,12,20,GIVE_WAY,412,689,424,709
1277383342Image000017.jpg,16,14,GIVE_WAY,204,677,220,691
1277383342Image000017.jpg,14,15,OTHER,207,691,221,706
1277383342Image000017.jpg,14,14,PEDESTRIAN_CROSSING,50,689,64,703
1277383342Image000017.jpg,13,14,PASS_RIGHT_SIDE,51,704,64,718
1277383342Image000017.jpg,12,20,GIVE_WAY,412,689,424,709
1277383342Image000017.jpg,16,14,GIVE_WAY,204,677,220,691
1277383342Image000017.jpg,14,15,OTHER,207,691,221,706
1277383342Image000017.jpg,14,14,PEDESTRIAN_CROSSING,50,689,64,703
1277383342Image000017.jpg,13,14,PASS_RIGHT_SIDE,51,704,64,718
1277383342Image000017.jpg,12,20,GIVE_WAY,412,689,424,709
1277383342Image000017.jpg,16,14,GIVE_WAY,204,677,220,691
1277383342Image000017.jpg,14,15,OTHER,207,691,221,706
1277383342Image000017.jpg,14,14,PEDESTRIAN_CROSSING,50,689,64,703
1277383342Image000017.jpg,13,14,PASS_RIGHT_SIDE,51,704,64,718
1277383342Image000017.jpg,12,20,GIVE_WAY,412,689,424,709
1277383342Image000017.jpg,16,14,GIVE_WAY,204,677,220,691
1277383342Image000017.jpg,14,15,OTHER,207,691,221,706
1277383342Image000017.jpg,14,14,PEDESTRIAN_CROSSING,50,689,64,703
1277383342Image000017.jpg,13,14,PASS_RIGHT_SIDE,51,704,64,718
1277383342Image000017.jpg,12,20,GIVE_WAY,412,689,424,709
1277383342Image000017.jpg,16,14,GIVE_WAY,204,677,220,691
1277383342Image000017.jpg,14,15,OTHER,207,691,221,706
1277383342Image000017.jpg,14,14,PEDESTRIAN_CROSSING,50,689,64,703
1277383342Image000017.jpg,13,14,PASS_RIGHT_SIDE,51,704,64,718
1277383342Image000022.jpg,14,21,GIVE_WAY,438,677,452,698
1277383342Image000022.jpg,19,16,GIVE_WAY,209,665,228,681
1277383342Image000022.jpg,19,17,OTHER,211,682,230,699
1277383342Image000022.jpg,16,15,PEDESTRIAN_CROSSING,42,680,58,695
1277383342Image000022.jpg,17,16,PASS_RIGHT_SIDE,43,694,60,710
1277383342Image000022.jpg,14,21,GIVE_WAY,438,677,452,698
1277383342Image000022.jpg,19,16,GIVE_WAY,209,665,228,681
1277383342Image000022.jpg,19,17,OTHER,211,682,230,699
1277383342Image000022.jpg,16,15,PEDESTRIAN_CROSSING,42,680,58,695
1277383342Image000022.jpg,17,16,PASS_RIGHT_SIDE,43,694,60,710
1277383342Image000022.jpg,14,21,GIVE_WAY,438,677,452,698
1277383342Image000022.jpg,19,16,GIVE_WAY,209,665,228,681
1277383342Image000022.jpg,19,17,OTHER,211,682,230,699
1277383342Image000022.jpg,16,15,PEDESTRIAN_CROSSING,42,680,58,695
1277383342Image000022.jpg,17,16,PASS_RIGHT_SIDE,43,694,60,710
1277383342Image000022.jpg,14,21,GIVE_WAY,438,677,452,698
1277383342Image000022.jpg,19,16,GIVE_WAY,209,665,228,681
1277383342Image000022.jpg,19,17,OTHER,211,682,230,699
1277383342Image000022.jpg,16,15,PEDESTRIAN_CROSSING,42,680,58,695
1277383342Image000022.jpg,17,16,PASS_RIGHT_SIDE,43,694,60,710
1277383342Image000022.jpg,14,21,GIVE_WAY,438,677,452,698
1277383342Image000022.jpg,19,16,GIVE_WAY,209,665,228,681
1277383342Image000022.jpg,19,17,OTHER,211,682,230,699
1277383342Image000022.jpg,16,15,PEDESTRIAN_CROSSING,42,680,58,695
1277383342Image000022.jpg,17,16,PASS_RIGHT_SIDE,43,694,60,710
1277383342Image000022.jpg,14,21,GIVE_WAY,438,677,452,698
1277383342Image000022.jpg,19,16,GIVE_WAY,209,665,228,681
1277383342Image000022.jpg,19,17,OTHER,211,682,230,699
1277383342Image000022.jpg,16,15,PEDESTRIAN_CROSSING,42,680,58,695
1277383342Image000022.jpg,17,16,PASS_RIGHT_SIDE,43,694,60,710
1277383342Image000032.jpg,20,26,GIVE_WAY,502,655,522,681
1277383342Image000032.jpg,19,19,GIVE_WAY,237,649,256,668
1277383342Image000032.jpg,19,19,OTHER,237,668,256,687
1277383342Image000032.jpg,18,17,PEDESTRIAN_CROSSING,38,669,56,686
1277383342Image000032.jpg,18,17,PASS_RIGHT_SIDE,39,687,57,704
1277383342Image000032.jpg,20,26,GIVE_WAY,502,655,522,681
1277383342Image000032.jpg,19,19,GIVE_WAY,237,649,256,668
1277383342Image000032.jpg,19,19,OTHER,237,668,256,687
1277383342Image000032.jpg,18,17,PEDESTRIAN_CROSSING,38,669,56,686
1277383342Image000032.jpg,18,17,PASS_RIGHT_SIDE,39,687,57,704
1277383342Image000032.jpg,20,26,GIVE_WAY,502,655,522,681
1277383342Image000032.jpg,19,19,GIVE_WAY,237,649,256,668
1277383342Image000032.jpg,19,19,OTHER,237,668,256,687
1277383342Image000032.jpg,18,17,PEDESTRIAN_CROSSING,38,669,56,686
1277383342Image000032.jpg,18,17,PASS_RIGHT_SIDE,39,687,57,704
1277383342Image000032.jpg,20,26,GIVE_WAY,502,655,522,681
1277383342Image000032.jpg,19,19,GIVE_WAY,237,649,256,668
1277383342Image000032.jpg,19,19,OTHER,237,668,256,687
1277383342Image000032.jpg,18,17,PEDESTRIAN_CROSSING,38,669,56,686
1277383342Image000032.jpg,18,17,PASS_RIGHT_SIDE,39,687,57,704
1277383342Image000032.jpg,20,26,GIVE_WAY,502,655,522,681
1277383342Image000032.jpg,19,19,GIVE_WAY,237,649,256,668
1277383342Image000032.jpg,19,19,OTHER,237,668,256,687
1277383342Image000032.jpg,18,17,PEDESTRIAN_CROSSING,38,669,56,686
1277383342Image000032.jpg,18,17,PASS_RIGHT_SIDE,39,687,57,704
1277383342Image000032.jpg,20,26,GIVE_WAY,502,655,522,681
1277383342Image000032.jpg,19,19,GIVE_WAY,237,649,256,668
1277383342Image000032.jpg,19,19,OTHER,237,668,256,687
1277383342Image000032.jpg,18,17,PEDESTRIAN_CROSSING,38,669,56,686
1277383342Image000032.jpg,18,17,PASS_RIGHT_SIDE,39,687,57,704
1277383342Image000037.jpg,19,33,GIVE_WAY,538,653,557,686
1277383342Image000037.jpg,20,19,GIVE_WAY,245,653,265,672
1277383342Image000037.jpg,20,19,OTHER,249,674,269,693
1277383342Image000037.jpg,20,18,PEDESTRIAN_CROSSING,37,674,57,692
1277383342Image000037.jpg,18,19,PASS_RIGHT_SIDE,38,693,56,712
1277383342Image000037.jpg,19,33,GIVE_WAY,538,653,557,686
1277383342Image000037.jpg,20,19,GIVE_WAY,245,653,265,672
1277383342Image000037.jpg,20,19,OTHER,249,674,269,693
1277383342Image000037.jpg,20,18,PEDESTRIAN_CROSSING,37,674,57,692
1277383342Image000037.jpg,18,19,PASS_RIGHT_SIDE,38,693,56,712
1277383342Image000037.jpg,19,33,GIVE_WAY,538,653,557,686
1277383342Image000037.jpg,20,19,GIVE_WAY,245,653,265,672
1277383342Image000037.jpg,20,19,OTHER,249,674,269,693
1277383342Image000037.jpg,20,18,PEDESTRIAN_CROSSING,37,674,57,692
1277383342Image000037.jpg,18,19,PASS_RIGHT_SIDE,38,693,56,712
1277383342Image000037.jpg,19,33,GIVE_WAY,538,653,557,686
1277383342Image000037.jpg,20,19,GIVE_WAY,245,653,265,672
1277383342Image000037.jpg,20,19,OTHER,249,674,269,693
1277383342Image000037.jpg,20,18,PEDESTRIAN_CROSSING,37,674,57,692
1277383342Image000037.jpg,18,19,PASS_RIGHT_SIDE,38,693,56,712
1277383342Image000037.jpg,19,33,GIVE_WAY,538,653,557,686
1277383342Image000037.jpg,20,19,GIVE_WAY,245,653,265,672
1277383342Image000037.jpg,20,19,OTHER,249,674,269,693
1277383342Image000037.jpg,20,18,PEDESTRIAN_CROSSING,37,674,57,692
1277383342Image000037.jpg,18,19,PASS_RIGHT_SIDE,38,693,56,712
1277383342Image000037.jpg,19,33,GIVE_WAY,538,653,557,686
1277383342Image000037.jpg,20,19,GIVE_WAY,245,653,265,672
1277383342Image000037.jpg,20,19,OTHER,249,674,269,693
1277383342Image000037.jpg,20,18,PEDESTRIAN_CROSSING,37,674,57,692
1277383342Image000037.jpg,18,19,PASS_RIGHT_SIDE,38,693,56,712
1277383342Image000042.jpg,20,35,GIVE_WAY,579,639,599,674
1277383342Image000042.jpg,24,20,GIVE_WAY,258,641,282,661
1277383342Image000042.jpg,22,21,OTHER,261,662,283,683
1277383342Image000042.jpg,21,17,PEDESTRIAN_CROSSING,37,663,58,680
1277383342Image000042.jpg,19,20,PASS_RIGHT_SIDE,40,681,59,701
1277383342Image000042.jpg,20,35,GIVE_WAY,579,639,599,674
1277383342Image000042.jpg,24,20,GIVE_WAY,258,641,282,661
1277383342Image000042.jpg,22,21,OTHER,261,662,283,683
1277383342Image000042.jpg,21,17,PEDESTRIAN_CROSSING,37,663,58,680
1277383342Image000042.jpg,19,20,PASS_RIGHT_SIDE,40,681,59,701
1277383342Image000042.jpg,20,35,GIVE_WAY,579,639,599,674
1277383342Image000042.jpg,24,20,GIVE_WAY,258,641,282,661
1277383342Image000042.jpg,22,21,OTHER,261,662,283,683
1277383342Image000042.jpg,21,17,PEDESTRIAN_CROSSING,37,663,58,680
1277383342Image000042.jpg,19,20,PASS_RIGHT_SIDE,40,681,59,701
1277383342Image000042.jpg,20,35,GIVE_WAY,579,639,599,674
1277383342Image000042.jpg,24,20,GIVE_WAY,258,641,282,661
1277383342Image000042.jpg,22,21,OTHER,261,662,283,683
1277383342Image000042.jpg,21,17,PEDESTRIAN_CROSSING,37,663,58,680
1277383342Image000042.jpg,19,20,PASS_RIGHT_SIDE,40,681,59,701
1277383342Image000042.jpg,20,35,GIVE_WAY,579,639,599,674
1277383342Image000042.jpg,24,20,GIVE_WAY,258,641,282,661
1277383342Image000042.jpg,22,21,OTHER,261,662,283,683
1277383342Image000042.jpg,21,17,PEDESTRIAN_CROSSING,37,663,58,680
1277383342Image000042.jpg,19,20,PASS_RIGHT_SIDE,40,681,59,701
1277383342Image000042.jpg,20,35,GIVE_WAY,579,639,599,674
1277383342Image000042.jpg,24,20,GIVE_WAY,258,641,282,661
1277383342Image000042.jpg,22,21,OTHER,261,662,283,683
1277383342Image000042.jpg,21,17,PEDESTRIAN_CROSSING,37,663,58,680
1277383342Image000042.jpg,19,20,PASS_RIGHT_SIDE,40,681,59,701
1277383342Image000047.jpg,22,41,GIVE_WAY,649,625,671,666
1277383342Image000047.jpg,27,22,GIVE_WAY,280,632,307,654
1277383342Image000047.jpg,24,22,OTHER,283,655,307,677
1277383342Image000047.jpg,24,20,PEDESTRIAN_CROSSING,36,654,60,674
1277383342Image000047.jpg,21,20,PASS_RIGHT_SIDE,39,677,60,697
1277383342Image000047.jpg,22,41,GIVE_WAY,649,625,671,666
1277383342Image000047.jpg,27,22,GIVE_WAY,280,632,307,654
1277383342Image000047.jpg,24,22,OTHER,283,655,307,677
1277383342Image000047.jpg,24,20,PEDESTRIAN_CROSSING,36,654,60,674
1277383342Image000047.jpg,21,20,PASS_RIGHT_SIDE,39,677,60,697
1277383342Image000047.jpg,22,41,GIVE_WAY,649,625,671,666
1277383342Image000047.jpg,27,22,GIVE_WAY,280,632,307,654
1277383342Image000047.jpg,24,22,OTHER,283,655,307,677
1277383342Image000047.jpg,24,20,PEDESTRIAN_CROSSING,36,654,60,674
1277383342Image000047.jpg,21,20,PASS_RIGHT_SIDE,39,677,60,697
1277383342Image000047.jpg,22,41,GIVE_WAY,649,625,671,666
1277383342Image000047.jpg,27,22,GIVE_WAY,280,632,307,654
1277383342Image000047.jpg,24,22,OTHER,283,655,307,677
1277383342Image000047.jpg,24,20,PEDESTRIAN_CROSSING,36,654,60,674
1277383342Image000047.jpg,21,20,PASS_RIGHT_SIDE,39,677,60,697
1277383342Image000047.jpg,22,41,GIVE_WAY,649,625,671,666
1277383342Image000047.jpg,27,22,GIVE_WAY,280,632,307,654
1277383342Image000047.jpg,24,22,OTHER,283,655,307,677
1277383342Image000047.jpg,24,20,PEDESTRIAN_CROSSING,36,654,60,674
1277383342Image000047.jpg,21,20,PASS_RIGHT_SIDE,39,677,60,697
1277383342Image000047.jpg,22,41,GIVE_WAY,649,625,671,666
1277383342Image000047.jpg,27,22,GIVE_WAY,280,632,307,654
1277383342Image000047.jpg,24,22,OTHER,283,655,307,677
1277383342Image000047.jpg,24,20,PEDESTRIAN_CROSSING,36,654,60,674
1277383342Image000047.jpg,21,20,PASS_RIGHT_SIDE,39,677,60,697
1277383342Image000052.jpg,17,58,PEDESTRIAN_CROSSING,967,545,984,603
1277383342Image000052.jpg,17,61,PASS_RIGHT_SIDE,967,608,984,669
1277383342Image000052.jpg,27,52,GIVE_WAY,741,610,768,662
1277383342Image000052.jpg,28,26,GIVE_WAY,305,621,333,647
1277383342Image000052.jpg,25,22,OTHER,309,649,334,671
1277383342Image000052.jpg,25,24,PEDESTRIAN_CROSSING,34,641,59,665
1277383342Image000052.jpg,24,24,PASS_RIGHT_SIDE,36,665,60,689
1277383342Image000052.jpg,17,58,PEDESTRIAN_CROSSING,967,545,984,603
1277383342Image000052.jpg,17,61,PASS_RIGHT_SIDE,967,608,984,669
1277383342Image000052.jpg,27,52,GIVE_WAY,741,610,768,662
1277383342Image000052.jpg,28,26,GIVE_WAY,305,621,333,647
1277383342Image000052.jpg,25,22,OTHER,309,649,334,671
1277383342Image000052.jpg,25,24,PEDESTRIAN_CROSSING,34,641,59,665
1277383342Image000052.jpg,24,24,PASS_RIGHT_SIDE,36,665,60,689
1277383342Image000052.jpg,17,58,PEDESTRIAN_CROSSING,967,545,984,603
1277383342Image000052.jpg,17,61,PASS_RIGHT_SIDE,967,608,984,669
1277383342Image000052.jpg,27,52,GIVE_WAY,741,610,768,662
1277383342Image000052.jpg,28,26,GIVE_WAY,305,621,333,647
1277383342Image000052.jpg,25,22,OTHER,309,649,334,671
1277383342Image000052.jpg,25,24,PEDESTRIAN_CROSSING,34,641,59,665
1277383342Image000052.jpg,24,24,PASS_RIGHT_SIDE,36,665,60,689
1277383342Image000052.jpg,17,58,PEDESTRIAN_CROSSING,967,545,984,603
1277383342Image000052.jpg,17,61,PASS_RIGHT_SIDE,967,608,984,669
1277383342Image000052.jpg,27,52,GIVE_WAY,741,610,768,662
1277383342Image000052.jpg,28,26,GIVE_WAY,305,621,333,647
1277383342Image000052.jpg,25,22,OTHER,309,649,334,671
1277383342Image000052.jpg,25,24,PEDESTRIAN_CROSSING,34,641,59,665
1277383342Image000052.jpg,24,24,PASS_RIGHT_SIDE,36,665,60,689
1277383342Image000052.jpg,17,58,PEDESTRIAN_CROSSING,967,545,984,603
1277383342Image000052.jpg,17,61,PASS_RIGHT_SIDE,967,608,984,669
1277383342Image000052.jpg,27,52,GIVE_WAY,741,610,768,662
1277383342Image000052.jpg,28,26,GIVE_WAY,305,621,333,647
1277383342Image000052.jpg,25,22,OTHER,309,649,334,671
1277383342Image000052.jpg,25,24,PEDESTRIAN_CROSSING,34,641,59,665
1277383342Image000052.jpg,24,24,PASS_RIGHT_SIDE,36,665,60,689
1277383342Image000052.jpg,17,58,PEDESTRIAN_CROSSING,967,545,984,603
1277383342Image000052.jpg,17,61,PASS_RIGHT_SIDE,967,608,984,669
1277383342Image000052.jpg,27,52,GIVE_WAY,741,610,768,662
1277383342Image000052.jpg,28,26,GIVE_WAY,305,621,333,647
1277383342Image000052.jpg,25,22,OTHER,309,649,334,671
1277383342Image000052.jpg,25,24,PEDESTRIAN_CROSSING,34,641,59,665
1277383342Image000052.jpg,24,24,PASS_RIGHT_SIDE,36,665,60,689
1277383342Image000052.jpg,17,58,PEDESTRIAN_CROSSING,967,545,984,603
1277383342Image000052.jpg,17,61,PASS_RIGHT_SIDE,967,608,984,669
1277383342Image000052.jpg,27,52,GIVE_WAY,741,610,768,662
1277383342Image000052.jpg,28,26,GIVE_WAY,305,621,333,647
1277383342Image000052.jpg,25,22,OTHER,309,649,334,671
1277383342Image000052.jpg,25,24,PEDESTRIAN_CROSSING,34,641,59,665
1277383342Image000052.jpg,24,24,PASS_RIGHT_SIDE,36,665,60,689
1277383342Image000052.jpg,17,58,PEDESTRIAN_CROSSING,967,545,984,603
1277383342Image000052.jpg,17,61,PASS_RIGHT_SIDE,967,608,984,669
1277383342Image000052.jpg,27,52,GIVE_WAY,741,610,768,662
1277383342Image000052.jpg,28,26,GIVE_WAY,305,621,333,647
1277383342Image000052.jpg,25,22,OTHER,309,649,334,671
1277383342Image000052.jpg,25,24,PEDESTRIAN_CROSSING,34,641,59,665
1277383342Image000052.jpg,24,24,PASS_RIGHT_SIDE,36,665,60,689
1277383342Image000057.jpg,26,70,GIVE_WAY,956,578,982,648
1277383342Image000057.jpg,35,31,GIVE_WAY,346,610,381,641
1277383342Image000057.jpg,29,30,OTHER,350,642,379,672
1277383342Image000057.jpg,29,27,PEDESTRIAN_CROSSING,32,630,61,657
1277383342Image000057.jpg,30,28,PASS_RIGHT_SIDE,30,659,60,687
1277383342Image000057.jpg,26,70,GIVE_WAY,956,578,982,648
1277383342Image000057.jpg,35,31,GIVE_WAY,346,610,381,641
1277383342Image000057.jpg,29,30,OTHER,350,642,379,672
1277383342Image000057.jpg,29,27,PEDESTRIAN_CROSSING,32,630,61,657
1277383342Image000057.jpg,30,28,PASS_RIGHT_SIDE,30,659,60,687
1277383342Image000057.jpg,26,70,GIVE_WAY,956,578,982,648
1277383342Image000057.jpg,35,31,GIVE_WAY,346,610,381,641
1277383342Image000057.jpg,29,30,OTHER,350,642,379,672
1277383342Image000057.jpg,29,27,PEDESTRIAN_CROSSING,32,630,61,657
1277383342Image000057.jpg,30,28,PASS_RIGHT_SIDE,30,659,60,687
1277383342Image000057.jpg,26,70,GIVE_WAY,956,578,982,648
1277383342Image000057.jpg,35,31,GIVE_WAY,346,610,381,641
1277383342Image000057.jpg,29,30,OTHER,350,642,379,672
1277383342Image000057.jpg,29,27,PEDESTRIAN_CROSSING,32,630,61,657
1277383342Image000057.jpg,30,28,PASS_RIGHT_SIDE,30,659,60,687
1277383342Image000057.jpg,26,70,GIVE_WAY,956,578,982,648
1277383342Image000057.jpg,35,31,GIVE_WAY,346,610,381,641
1277383342Image000057.jpg,29,30,OTHER,350,642,379,672
1277383342Image000057.jpg,29,27,PEDESTRIAN_CROSSING,32,630,61,657
1277383342Image000057.jpg,30,28,PASS_RIGHT_SIDE,30,659,60,687
1277383342Image000057.jpg,26,70,GIVE_WAY,956,578,982,648
1277383342Image000057.jpg,35,31,GIVE_WAY,346,610,381,641
1277383342Image000057.jpg,29,30,OTHER,350,642,379,672
1277383342Image000057.jpg,29,27,PEDESTRIAN_CROSSING,32,630,61,657
1277383342Image000057.jpg,30,28,PASS_RIGHT_SIDE,30,659,60,687
1277383342Image000062.jpg,27,91,GIVE_WAY,1183,535,1210,626
1277383342Image000062.jpg,34,33,GIVE_WAY,390,597,424,630
1277383342Image000062.jpg,36,33,OTHER,390,631,426,664
1277383342Image000062.jpg,32,31,PEDESTRIAN_CROSSING,36,613,68,644
1277383342Image000062.jpg,35,31,PASS_RIGHT_SIDE,35,646,70,677
1277383342Image000062.jpg,27,91,GIVE_WAY,1183,535,1210,626
1277383342Image000062.jpg,34,33,GIVE_WAY,390,597,424,630
1277383342Image000062.jpg,36,33,OTHER,390,631,426,664
1277383342Image000062.jpg,32,31,PEDESTRIAN_CROSSING,36,613,68,644
1277383342Image000062.jpg,35,31,PASS_RIGHT_SIDE,35,646,70,677
1277383342Image000062.jpg,27,91,GIVE_WAY,1183,535,1210,626
1277383342Image000062.jpg,34,33,GIVE_WAY,390,597,424,630
1277383342Image000062.jpg,36,33,OTHER,390,631,426,664
1277383342Image000062.jpg,32,31,PEDESTRIAN_CROSSING,36,613,68,644
1277383342Image000062.jpg,35,31,PASS_RIGHT_SIDE,35,646,70,677
1277383342Image000062.jpg,27,91,GIVE_WAY,1183,535,1210,626
1277383342Image000062.jpg,34,33,GIVE_WAY,390,597,424,630
1277383342Image000062.jpg,36,33,OTHER,390,631,426,664
1277383342Image000062.jpg,32,31,PEDESTRIAN_CROSSING,36,613,68,644
1277383342Image000062.jpg,35,31,PASS_RIGHT_SIDE,35,646,70,677
1277383342Image000062.jpg,27,91,GIVE_WAY,1183,535,1210,626
1277383342Image000062.jpg,34,33,GIVE_WAY,390,597,424,630
1277383342Image000062.jpg,36,33,OTHER,390,631,426,664
1277383342Image000062.jpg,32,31,PEDESTRIAN_CROSSING,36,613,68,644
1277383342Image000062.jpg,35,31,PASS_RIGHT_SIDE,35,646,70,677
1277383342Image000067.jpg,41,37,GIVE_WAY,426,581,467,618
1277383342Image000067.jpg,33,34,OTHER,431,620,464,654
1277383342Image000067.jpg,34,33,PEDESTRIAN_CROSSING,39,599,73,632
1277383342Image000067.jpg,36,33,PASS_RIGHT_SIDE,40,634,76,667
1277383342Image000067.jpg,41,37,GIVE_WAY,426,581,467,618
1277383342Image000067.jpg,33,34,OTHER,431,620,464,654
1277383342Image000067.jpg,34,33,PEDESTRIAN_CROSSING,39,599,73,632
1277383342Image000067.jpg,36,33,PASS_RIGHT_SIDE,40,634,76,667
1277383342Image000067.jpg,41,37,GIVE_WAY,426,581,467,618
1277383342Image000067.jpg,33,34,OTHER,431,620,464,654
1277383342Image000067.jpg,34,33,PEDESTRIAN_CROSSING,39,599,73,632
1277383342Image000067.jpg,36,33,PASS_RIGHT_SIDE,40,634,76,667
1277383342Image000067.jpg,41,37,GIVE_WAY,426,581,467,618
1277383342Image000067.jpg,33,34,OTHER,431,620,464,654
1277383342Image000067.jpg,34,33,PEDESTRIAN_CROSSING,39,599,73,632
1277383342Image000067.jpg,36,33,PASS_RIGHT_SIDE,40,634,76,667
1277383342Image000067.jpg,41,37,GIVE_WAY,426,581,467,618
1277383342Image000067.jpg,33,34,OTHER,431,620,464,654
1277383342Image000067.jpg,34,33,PEDESTRIAN_CROSSING,39,599,73,632
1277383342Image000067.jpg,36,33,PASS_RIGHT_SIDE,40,634,76,667
1277383342Image000072.jpg,44,42,GIVE_WAY,459,563,503,605
1277383342Image000072.jpg,37,38,OTHER,463,606,500,644
1277383342Image000072.jpg,35,37,PEDESTRIAN_CROSSING,41,581,76,618
1277383342Image000072.jpg,37,37,PASS_RIGHT_SIDE,38,619,75,656
1277383342Image000072.jpg,44,42,GIVE_WAY,459,563,503,605
1277383342Image000072.jpg,37,38,OTHER,463,606,500,644
1277383342Image000072.jpg,35,37,PEDESTRIAN_CROSSING,41,581,76,618
1277383342Image000072.jpg,37,37,PASS_RIGHT_SIDE,38,619,75,656
1277383342Image000072.jpg,44,42,GIVE_WAY,459,563,503,605
1277383342Image000072.jpg,37,38,OTHER,463,606,500,644
1277383342Image000072.jpg,35,37,PEDESTRIAN_CROSSING,41,581,76,618
1277383342Image000072.jpg,37,37,PASS_RIGHT_SIDE,38,619,75,656
1277383342Image000072.jpg,44,42,GIVE_WAY,459,563,503,605
1277383342Image000072.jpg,37,38,OTHER,463,606,500,644
1277383342Image000072.jpg,35,37,PEDESTRIAN_CROSSING,41,581,76,618
1277383342Image000072.jpg,37,37,PASS_RIGHT_SIDE,38,619,75,656
1277383342Image000077.jpg,49,47,GIVE_WAY,503,542,552,589
1277383342Image000077.jpg,43,44,OTHER,508,588,551,632
1277383342Image000077.jpg,41,40,PEDESTRIAN_CROSSING,33,556,74,596
1277383342Image000077.jpg,42,40,PASS_RIGHT_SIDE,33,599,75,639
1277383342Image000077.jpg,49,47,GIVE_WAY,503,542,552,589
1277383342Image000077.jpg,43,44,OTHER,508,588,551,632
1277383342Image000077.jpg,41,40,PEDESTRIAN_CROSSING,33,556,74,596
1277383342Image000077.jpg,42,40,PASS_RIGHT_SIDE,33,599,75,639
1277383342Image000077.jpg,49,47,GIVE_WAY,503,542,552,589
1277383342Image000077.jpg,43,44,OTHER,508,588,551,632
1277383342Image000077.jpg,41,40,PEDESTRIAN_CROSSING,33,556,74,596
1277383342Image000077.jpg,42,40,PASS_RIGHT_SIDE,33,599,75,639
1277383342Image000077.jpg,49,47,GIVE_WAY,503,542,552,589
1277383342Image000077.jpg,43,44,OTHER,508,588,551,632
1277383342Image000077.jpg,41,40,PEDESTRIAN_CROSSING,33,556,74,596
1277383342Image000077.jpg,42,40,PASS_RIGHT_SIDE,33,599,75,639
1277383342Image000077.jpg,49,47,GIVE_WAY,503,542,552,589
1277383342Image000077.jpg,43,44,OTHER,508,588,551,632
1277383342Image000077.jpg,41,40,PEDESTRIAN_CROSSING,33,556,74,596
1277383342Image000077.jpg,42,40,PASS_RIGHT_SIDE,33,599,75,639
1277383342Image000082.jpg,56,54,GIVE_WAY,561,516,617,570
1277383342Image000082.jpg,49,50,OTHER,563,571,612,621
1277383342Image000082.jpg,46,48,PEDESTRIAN_CROSSING,11,527,57,575
1277383342Image000082.jpg,50,48,PASS_RIGHT_SIDE,8,577,58,625
1277383342Image000082.jpg,19,25,OTHER,708,621,727,646
1277383342Image000082.jpg,56,54,GIVE_WAY,561,516,617,570
1277383342Image000082.jpg,49,50,OTHER,563,571,612,621
1277383342Image000082.jpg,46,48,PEDESTRIAN_CROSSING,11,527,57,575
1277383342Image000082.jpg,50,48,PASS_RIGHT_SIDE,8,577,58,625
1277383342Image000082.jpg,19,25,OTHER,708,621,727,646
1277383342Image000082.jpg,56,54,GIVE_WAY,561,516,617,570
1277383342Image000082.jpg,49,50,OTHER,563,571,612,621
1277383342Image000082.jpg,46,48,PEDESTRIAN_CROSSING,11,527,57,575
1277383342Image000082.jpg,50,48,PASS_RIGHT_SIDE,8,577,58,625
1277383342Image000082.jpg,19,25,OTHER,708,621,727,646
1277383342Image000082.jpg,56,54,GIVE_WAY,561,516,617,570
1277383342Image000082.jpg,49,50,OTHER,563,571,612,621
1277383342Image000082.jpg,46,48,PEDESTRIAN_CROSSING,11,527,57,575
1277383342Image000082.jpg,50,48,PASS_RIGHT_SIDE,8,577,58,625
1277383342Image000082.jpg,19,25,OTHER,708,621,727,646
1277383342Image000082.jpg,56,54,GIVE_WAY,561,516,617,570
1277383342Image000082.jpg,49,50,OTHER,563,571,612,621
1277383342Image000082.jpg,46,48,PEDESTRIAN_CROSSING,11,527,57,575
1277383342Image000082.jpg,50,48,PASS_RIGHT_SIDE,8,577,58,625
1277383342Image000082.jpg,19,25,OTHER,708,621,727,646
1277383342Image000087.jpg,61,62,GIVE_WAY,590,495,651,557
1277383342Image000087.jpg,54,54,OTHER,593,557,647,611
1277383342Image000087.jpg,35,57,PEDESTRIAN_CROSSING,0,505,35,562
1277383342Image000087.jpg,29,51,PASS_RIGHT_SIDE,0,563,29,614
1277383342Image000087.jpg,19,24,OTHER,735,619,754,643
1277383342Image000087.jpg,61,62,GIVE_WAY,590,495,651,557
1277383342Image000087.jpg,54,54,OTHER,593,557,647,611
1277383342Image000087.jpg,35,57,PEDESTRIAN_CROSSING,0,505,35,562
1277383342Image000087.jpg,29,51,PASS_RIGHT_SIDE,0,563,29,614
1277383342Image000087.jpg,19,24,OTHER,735,619,754,643
1277383342Image000087.jpg,61,62,GIVE_WAY,590,495,651,557
1277383342Image000087.jpg,54,54,OTHER,593,557,647,611
1277383342Image000087.jpg,35,57,PEDESTRIAN_CROSSING,0,505,35,562
1277383342Image000087.jpg,29,51,PASS_RIGHT_SIDE,0,563,29,614
1277383342Image000087.jpg,19,24,OTHER,735,619,754,643
1277383342Image000087.jpg,61,62,GIVE_WAY,590,495,651,557
1277383342Image000087.jpg,54,54,OTHER,593,557,647,611
1277383342Image000087.jpg,35,57,PEDESTRIAN_CROSSING,0,505,35,562
1277383342Image000087.jpg,29,51,PASS_RIGHT_SIDE,0,563,29,614
1277383342Image000087.jpg,19,24,OTHER,735,619,754,643
1277383342Image000087.jpg,61,62,GIVE_WAY,590,495,651,557
1277383342Image000087.jpg,54,54,OTHER,593,557,647,611
1277383342Image000087.jpg,35,57,PEDESTRIAN_CROSSING,0,505,35,562
1277383342Image000087.jpg,29,51,PASS_RIGHT_SIDE,0,563,29,614
1277383342Image000087.jpg,19,24,OTHER,735,619,754,643
1277383342Image000087.jpg,61,62,GIVE_WAY,590,495,651,557
1277383342Image000087.jpg,54,54,OTHER,593,557,647,611
1277383342Image000087.jpg,35,57,PEDESTRIAN_CROSSING,0,505,35,562
1277383342Image000087.jpg,29,51,PASS_RIGHT_SIDE,0,563,29,614
1277383342Image000087.jpg,19,24,OTHER,735,619,754,643
1277383342Image000092.jpg,68,63,GIVE_WAY,620,472,688,535
1277383342Image000092.jpg,58,58,OTHER,623,538,681,596
1277383342Image000092.jpg,19,25,OTHER,758,611,777,636
1277383342Image000092.jpg,15,15,30_SIGN,1192,691,1207,706
1277383342Image000092.jpg,20,19,OTHER,1176,599,1196,618
1277383342Image000092.jpg,68,63,GIVE_WAY,620,472,688,535
1277383342Image000092.jpg,58,58,OTHER,623,538,681,596
1277383342Image000092.jpg,19,25,OTHER,758,611,777,636
1277383342Image000092.jpg,15,15,30_SIGN,1192,691,1207,706
1277383342Image000092.jpg,20,19,OTHER,1176,599,1196,618
1277383342Image000092.jpg,68,63,GIVE_WAY,620,472,688,535
1277383342Image000092.jpg,58,58,OTHER,623,538,681,596
1277383342Image000092.jpg,19,25,OTHER,758,611,777,636
1277383342Image000092.jpg,15,15,30_SIGN,1192,691,1207,706
1277383342Image000092.jpg,20,19,OTHER,1176,599,1196,618
1277383342Image000092.jpg,68,63,GIVE_WAY,620,472,688,535
1277383342Image000092.jpg,58,58,OTHER,623,538,681,596
1277383342Image000092.jpg,19,25,OTHER,758,611,777,636
1277383342Image000092.jpg,15,15,30_SIGN,1192,691,1207,706
1277383342Image000092.jpg,20,19,OTHER,1176,599,1196,618
1277383342Image000092.jpg,68,63,GIVE_WAY,620,472,688,535
1277383342Image000092.jpg,58,58,OTHER,623,538,681,596
1277383342Image000092.jpg,19,25,OTHER,758,611,777,636
1277383342Image000092.jpg,15,15,30_SIGN,1192,691,1207,706
1277383342Image000092.jpg,20,19,OTHER,1176,599,1196,618
1277383342Image000092.jpg,68,63,GIVE_WAY,620,472,688,535
1277383342Image000092.jpg,58,58,OTHER,623,538,681,596
1277383342Image000092.jpg,19,25,OTHER,758,611,777,636
1277383342Image000092.jpg,15,15,30_SIGN,1192,691,1207,706
1277383342Image000092.jpg,20,19,OTHER,1176,599,1196,618
1277383342Image000097.jpg,70,68,OTHER,698,510,768,578
1277383342Image000097.jpg,85,77,GIVE_WAY,692,426,777,503
1277383342Image000097.jpg,21,27,OTHER,807,614,828,641
1277383342Image000097.jpg,15,13,30_SIGN,1242,703,1257,716
1277383342Image000097.jpg,19,20,OTHER,1245,600,1264,620
1277383342Image000097.jpg,70,68,OTHER,698,510,768,578
1277383342Image000097.jpg,85,77,GIVE_WAY,692,426,777,503
1277383342Image000097.jpg,21,27,OTHER,807,614,828,641
1277383342Image000097.jpg,15,13,30_SIGN,1242,703,1257,716
1277383342Image000097.jpg,19,20,OTHER,1245,600,1264,620
1277383342Image000097.jpg,70,68,OTHER,698,510,768,578
1277383342Image000097.jpg,85,77,GIVE_WAY,692,426,777,503
1277383342Image000097.jpg,21,27,OTHER,807,614,828,641
1277383342Image000097.jpg,15,13,30_SIGN,1242,703,1257,716
1277383342Image000097.jpg,19,20,OTHER,1245,600,1264,620
1277383342Image000097.jpg,70,68,OTHER,698,510,768,578
1277383342Image000097.jpg,85,77,GIVE_WAY,692,426,777,503
1277383342Image000097.jpg,21,27,OTHER,807,614,828,641
1277383342Image000097.jpg,15,13,30_SIGN,1242,703,1257,716
1277383342Image000097.jpg,19,20,OTHER,1245,600,1264,620
1277383342Image000097.jpg,70,68,OTHER,698,510,768,578
1277383342Image000097.jpg,85,77,GIVE_WAY,692,426,777,503
1277383342Image000097.jpg,21,27,OTHER,807,614,828,641
1277383342Image000097.jpg,15,13,30_SIGN,1242,703,1257,716
1277383342Image000097.jpg,19,20,OTHER,1245,600,1264,620
1277383342Image000097.jpg,70,68,OTHER,698,510,768,578
1277383342Image000097.jpg,85,77,GIVE_WAY,692,426,777,503
1277383342Image000097.jpg,21,27,OTHER,807,614,828,641
1277383342Image000097.jpg,15,13,30_SIGN,1242,703,1257,716
1277383342Image000097.jpg,19,20,OTHER,1245,600,1264,620
1277383342Image000102.jpg,84,85,OTHER,778,469,862,554
1277383342Image000102.jpg,100,96,GIVE_WAY,772,371,872,467
1277383342Image000102.jpg,22,28,OTHER,849,615,871,643
1277383342Image000102.jpg,84,85,OTHER,778,469,862,554
1277383342Image000102.jpg,100,96,GIVE_WAY,772,371,872,467
1277383342Image000102.jpg,22,28,OTHER,849,615,871,643
1277383342Image000102.jpg,84,85,OTHER,778,469,862,554
1277383342Image000102.jpg,100,96,GIVE_WAY,772,371,872,467
1277383342Image000102.jpg,22,28,OTHER,849,615,871,643
1277383342Image000102.jpg,84,85,OTHER,778,469,862,554
1277383342Image000102.jpg,100,96,GIVE_WAY,772,371,872,467
1277383342Image000102.jpg,22,28,OTHER,849,615,871,643
1277383361Image000001.jpg,16,15,NO_PARKING,1033,693,1049,708
1277383361Image000001.jpg,16,15,NO_PARKING,1033,693,1049,708
1277383361Image000006.jpg,20,22,30_SIGN,936,725,956,747
1277383361Image000006.jpg,17,17,NO_PARKING,892,695,909,712
1277383361Image000006.jpg,20,22,30_SIGN,936,725,956,747
1277383361Image000006.jpg,17,17,NO_PARKING,892,695,909,712
1277383361Image000006.jpg,20,22,30_SIGN,936,725,956,747
1277383361Image000006.jpg,17,17,NO_PARKING,892,695,909,712
1277383361Image000011.jpg,16,17,NO_PARKING,580,674,596,691
1277383361Image000011.jpg,16,17,NO_PARKING,580,674,596,691
1277383361Image000016.jpg,50,55,OTHER,1132,425,1182,480
1277383361Image000016.jpg,24,25,30_SIGN,414,724,438,749
1277383361Image000016.jpg,17,16,NO_PARKING,364,693,381,709
1277383361Image000016.jpg,50,55,OTHER,1132,425,1182,480
1277383361Image000016.jpg,24,25,30_SIGN,414,724,438,749
1277383361Image000016.jpg,17,16,NO_PARKING,364,693,381,709
1277383361Image000016.jpg,50,55,OTHER,1132,425,1182,480
1277383361Image000016.jpg,24,25,30_SIGN,414,724,438,749
1277383361Image000016.jpg,17,16,NO_PARKING,364,693,381,709
1277383361Image000016.jpg,50,55,OTHER,1132,425,1182,480
1277383361Image000016.jpg,24,25,30_SIGN,414,724,438,749
1277383361Image000016.jpg,17,16,NO_PARKING,364,693,381,709
1277383361Image000021.jpg,60,61,OTHER,1042,417,1102,478
1277383361Image000021.jpg,27,23,30_SIGN,271,746,298,769
1277383361Image000021.jpg,20,19,NO_PARKING,222,712,242,731
1277383361Image000021.jpg,60,61,OTHER,1042,417,1102,478
1277383361Image000021.jpg,27,23,30_SIGN,271,746,298,769
1277383361Image000021.jpg,20,19,NO_PARKING,222,712,242,731
1277383361Image000021.jpg,60,61,OTHER,1042,417,1102,478
1277383361Image000021.jpg,27,23,30_SIGN,271,746,298,769
1277383361Image000021.jpg,20,19,NO_PARKING,222,712,242,731
1277383361Image000021.jpg,60,61,OTHER,1042,417,1102,478
1277383361Image000021.jpg,27,23,30_SIGN,271,746,298,769
1277383361Image000021.jpg,20,19,NO_PARKING,222,712,242,731
1277383361Image000026.jpg,61,64,OTHER,972,393,1033,457
1277383361Image000026.jpg,26,24,30_SIGN,139,753,165,777
1277383361Image000026.jpg,21,18,NO_PARKING,89,718,110,736
1277383361Image000026.jpg,61,64,OTHER,972,393,1033,457
1277383361Image000026.jpg,26,24,30_SIGN,139,753,165,777
1277383361Image000026.jpg,21,18,NO_PARKING,89,718,110,736
1277383361Image000026.jpg,61,64,OTHER,972,393,1033,457
1277383361Image000026.jpg,26,24,30_SIGN,139,753,165,777
1277383361Image000026.jpg,21,18,NO_PARKING,89,718,110,736
1277383361Image000026.jpg,61,64,OTHER,972,393,1033,457
1277383361Image000026.jpg,26,24,30_SIGN,139,753,165,777
1277383361Image000026.jpg,21,18,NO_PARKING,89,718,110,736
1277383361Image000031.jpg,72,75,OTHER,888,319,960,394
1277383361Image000031.jpg,72,75,OTHER,888,319,960,394
1277383361Image000036.jpg,98,93,OTHER,942,225,1040,318
1277383361Image000036.jpg,98,93,OTHER,942,225,1040,318
1277383361Image000051.jpg,42,40,30_SIGN,262,705,304,745
1277383361Image000051.jpg,28,26,NO_PARKING,254,661,282,687
1277383361Image000051.jpg,42,40,30_SIGN,262,705,304,745
1277383361Image000051.jpg,28,26,NO_PARKING,254,661,282,687
1277383361Image000051.jpg,42,40,30_SIGN,262,705,304,745
1277383361Image000051.jpg,28,26,NO_PARKING,254,661,282,687
1277383361Image000056.jpg,45,46,30_SIGN,414,693,459,739
1277383361Image000056.jpg,30,31,NO_PARKING,402,644,432,675
1277383361Image000056.jpg,45,46,30_SIGN,414,693,459,739
1277383361Image000056.jpg,30,31,NO_PARKING,402,644,432,675
1277383361Image000056.jpg,45,46,30_SIGN,414,693,459,739
1277383361Image000056.jpg,30,31,NO_PARKING,402,644,432,675
1277383361Image000061.jpg,61,57,30_SIGN,563,676,624,733
1277383361Image000061.jpg,35,33,NO_PARKING,536,628,571,661
1277383361Image000061.jpg,61,57,30_SIGN,563,676,624,733
1277383361Image000061.jpg,35,33,NO_PARKING,536,628,571,661
1277383361Image000066.jpg,71,71,30_SIGN,645,661,716,732
1277383361Image000066.jpg,36,36,NO_PARKING,592,617,628,653
1277383361Image000066.jpg,38,25,PEDESTRIAN_CROSSING,389,720,427,745
1277383361Image000066.jpg,71,71,30_SIGN,645,661,716,732
1277383361Image000066.jpg,36,36,NO_PARKING,592,617,628,653
1277383361Image000066.jpg,38,25,PEDESTRIAN_CROSSING,389,720,427,745
1277383361Image000066.jpg,71,71,30_SIGN,645,661,716,732
1277383361Image000066.jpg,36,36,NO_PARKING,592,617,628,653
1277383361Image000066.jpg,38,25,PEDESTRIAN_CROSSING,389,720,427,745
1277383361Image000066.jpg,71,71,30_SIGN,645,661,716,732
1277383361Image000066.jpg,36,36,NO_PARKING,592,617,628,653
1277383361Image000066.jpg,38,25,PEDESTRIAN_CROSSING,389,720,427,745
1277383361Image000071.jpg,90,87,30_SIGN,727,645,817,732
1277383361Image000071.jpg,42,41,NO_PARKING,630,605,672,646
1277383361Image000071.jpg,33,26,PEDESTRIAN_CROSSING,405,721,438,747
1277383361Image000071.jpg,90,87,30_SIGN,727,645,817,732
1277383361Image000071.jpg,42,41,NO_PARKING,630,605,672,646
1277383361Image000071.jpg,33,26,PEDESTRIAN_CROSSING,405,721,438,747
1277383361Image000071.jpg,90,87,30_SIGN,727,645,817,732
1277383361Image000071.jpg,42,41,NO_PARKING,630,605,672,646
1277383361Image000071.jpg,33,26,PEDESTRIAN_CROSSING,405,721,438,747
1277383361Image000071.jpg,90,87,30_SIGN,727,645,817,732
1277383361Image000071.jpg,42,41,NO_PARKING,630,605,672,646
1277383361Image000071.jpg,33,26,PEDESTRIAN_CROSSING,405,721,438,747
1277383361Image000076.jpg,121,118,30_SIGN,858,601,979,719
1277383361Image000076.jpg,48,47,NO_PARKING,668,579,716,626
1277383361Image000076.jpg,33,31,PEDESTRIAN_CROSSING,410,710,443,741
1277383361Image000076.jpg,121,118,30_SIGN,858,601,979,719
1277383361Image000076.jpg,48,47,NO_PARKING,668,579,716,626
1277383361Image000076.jpg,33,31,PEDESTRIAN_CROSSING,410,710,443,741
1277383361Image000076.jpg,121,118,30_SIGN,858,601,979,719
1277383361Image000076.jpg,48,47,NO_PARKING,668,579,716,626
1277383361Image000076.jpg,33,31,PEDESTRIAN_CROSSING,410,710,443,741
1277383361Image000076.jpg,121,118,30_SIGN,858,601,979,719
1277383361Image000076.jpg,48,47,NO_PARKING,668,579,716,626
1277383361Image000076.jpg,33,31,PEDESTRIAN_CROSSING,410,710,443,741
1277383361Image000081.jpg,155,188,30_SIGN,1124,514,1279,702
1277383361Image000081.jpg,58,54,NO_PARKING,701,553,759,607
1277383361Image000081.jpg,35,34,PEDESTRIAN_CROSSING,399,709,434,743
1277383361Image000081.jpg,155,188,30_SIGN,1124,514,1279,702
1277383361Image000081.jpg,58,54,NO_PARKING,701,553,759,607
1277383361Image000081.jpg,35,34,PEDESTRIAN_CROSSING,399,709,434,743
1277383361Image000081.jpg,155,188,30_SIGN,1124,514,1279,702
1277383361Image000081.jpg,58,54,NO_PARKING,701,553,759,607
1277383361Image000081.jpg,35,34,PEDESTRIAN_CROSSING,399,709,434,743
1277383361Image000081.jpg,155,188,30_SIGN,1124,514,1279,702
1277383361Image000081.jpg,58,54,NO_PARKING,701,553,759,607
1277383361Image000081.jpg,35,34,PEDESTRIAN_CROSSING,399,709,434,743
1277383361Image000086.jpg,135,129,NO_PARKING,947,273,1082,402
1277383361Image000086.jpg,53,52,PEDESTRIAN_CROSSING,238,684,291,736
1277383361Image000086.jpg,135,129,NO_PARKING,947,273,1082,402
1277383361Image000086.jpg,53,52,PEDESTRIAN_CROSSING,238,684,291,736
1277383361Image000086.jpg,135,129,NO_PARKING,947,273,1082,402
1277383361Image000086.jpg,53,52,PEDESTRIAN_CROSSING,238,684,291,736
1277383382Image000001.jpg,49,48,PASS_RIGHT_SIDE,129,680,178,728
1277383382Image000001.jpg,29,35,PASS_RIGHT_SIDE,267,690,296,725
1277383382Image000001.jpg,19,23,NO_PARKING,587,632,606,655
1277383382Image000001.jpg,11,11,PEDESTRIAN_CROSSING,397,682,408,693
1277383382Image000001.jpg,12,10,PASS_RIGHT_SIDE,427,679,439,689
1277383382Image000001.jpg,49,48,PASS_RIGHT_SIDE,129,680,178,728
1277383382Image000001.jpg,29,35,PASS_RIGHT_SIDE,267,690,296,725
1277383382Image000001.jpg,19,23,NO_PARKING,587,632,606,655
1277383382Image000001.jpg,11,11,PEDESTRIAN_CROSSING,397,682,408,693
1277383382Image000001.jpg,12,10,PASS_RIGHT_SIDE,427,679,439,689
1277383382Image000001.jpg,49,48,PASS_RIGHT_SIDE,129,680,178,728
1277383382Image000001.jpg,29,35,PASS_RIGHT_SIDE,267,690,296,725
1277383382Image000001.jpg,19,23,NO_PARKING,587,632,606,655
1277383382Image000001.jpg,11,11,PEDESTRIAN_CROSSING,397,682,408,693
1277383382Image000001.jpg,12,10,PASS_RIGHT_SIDE,427,679,439,689
1277383382Image000001.jpg,49,48,PASS_RIGHT_SIDE,129,680,178,728
1277383382Image000001.jpg,29,35,PASS_RIGHT_SIDE,267,690,296,725
1277383382Image000001.jpg,19,23,NO_PARKING,587,632,606,655
1277383382Image000001.jpg,11,11,PEDESTRIAN_CROSSING,397,682,408,693
1277383382Image000001.jpg,12,10,PASS_RIGHT_SIDE,427,679,439,689
1277383382Image000001.jpg,49,48,PASS_RIGHT_SIDE,129,680,178,728
1277383382Image000001.jpg,29,35,PASS_RIGHT_SIDE,267,690,296,725
1277383382Image000001.jpg,19,23,NO_PARKING,587,632,606,655
1277383382Image000001.jpg,11,11,PEDESTRIAN_CROSSING,397,682,408,693
1277383382Image000001.jpg,12,10,PASS_RIGHT_SIDE,427,679,439,689
1277383382Image000001.jpg,49,48,PASS_RIGHT_SIDE,129,680,178,728
1277383382Image000001.jpg,29,35,PASS_RIGHT_SIDE,267,690,296,725
1277383382Image000001.jpg,19,23,NO_PARKING,587,632,606,655
1277383382Image000001.jpg,11,11,PEDESTRIAN_CROSSING,397,682,408,693
1277383382Image000001.jpg,12,10,PASS_RIGHT_SIDE,427,679,439,689
1277383382Image000006.jpg,62,61,PASS_RIGHT_SIDE,60,663,122,724
1277383382Image000006.jpg,30,29,PASS_RIGHT_SIDE,243,687,273,716
1277383382Image000006.jpg,25,23,NO_PARKING,596,619,621,642
1277383382Image000006.jpg,14,9,PEDESTRIAN_CROSSING,386,676,400,685
1277383382Image000006.jpg,10,11,PASS_RIGHT_SIDE,418,675,428,686
1277383382Image000006.jpg,62,61,PASS_RIGHT_SIDE,60,663,122,724
1277383382Image000006.jpg,30,29,PASS_RIGHT_SIDE,243,687,273,716
1277383382Image000006.jpg,25,23,NO_PARKING,596,619,621,642
1277383382Image000006.jpg,14,9,PEDESTRIAN_CROSSING,386,676,400,685
1277383382Image000006.jpg,10,11,PASS_RIGHT_SIDE,418,675,428,686
1277383382Image000006.jpg,62,61,PASS_RIGHT_SIDE,60,663,122,724
1277383382Image000006.jpg,30,29,PASS_RIGHT_SIDE,243,687,273,716
1277383382Image000006.jpg,25,23,NO_PARKING,596,619,621,642
1277383382Image000006.jpg,14,9,PEDESTRIAN_CROSSING,386,676,400,685
1277383382Image000006.jpg,10,11,PASS_RIGHT_SIDE,418,675,428,686
1277383382Image000006.jpg,62,61,PASS_RIGHT_SIDE,60,663,122,724
1277383382Image000006.jpg,30,29,PASS_RIGHT_SIDE,243,687,273,716
1277383382Image000006.jpg,25,23,NO_PARKING,596,619,621,642
1277383382Image000006.jpg,14,9,PEDESTRIAN_CROSSING,386,676,400,685
1277383382Image000006.jpg,10,11,PASS_RIGHT_SIDE,418,675,428,686
1277383382Image000006.jpg,62,61,PASS_RIGHT_SIDE,60,663,122,724
1277383382Image000006.jpg,30,29,PASS_RIGHT_SIDE,243,687,273,716
1277383382Image000006.jpg,25,23,NO_PARKING,596,619,621,642
1277383382Image000006.jpg,14,9,PEDESTRIAN_CROSSING,386,676,400,685
1277383382Image000006.jpg,10,11,PASS_RIGHT_SIDE,418,675,428,686
1277383382Image000006.jpg,62,61,PASS_RIGHT_SIDE,60,663,122,724
1277383382Image000006.jpg,30,29,PASS_RIGHT_SIDE,243,687,273,716
1277383382Image000006.jpg,25,23,NO_PARKING,596,619,621,642
1277383382Image000006.jpg,14,9,PEDESTRIAN_CROSSING,386,676,400,685
1277383382Image000006.jpg,10,11,PASS_RIGHT_SIDE,418,675,428,686
1277383382Image000011.jpg,36,34,PASS_RIGHT_SIDE,210,686,246,720
1277383382Image000011.jpg,25,29,NO_PARKING,627,607,652,636
1277383382Image000011.jpg,13,12,PEDESTRIAN_CROSSING,381,680,394,692
1277383382Image000011.jpg,12,11,PASS_RIGHT_SIDE,414,680,426,691
1277383382Image000011.jpg,36,34,PASS_RIGHT_SIDE,210,686,246,720
1277383382Image000011.jpg,25,29,NO_PARKING,627,607,652,636
1277383382Image000011.jpg,13,12,PEDESTRIAN_CROSSING,381,680,394,692
1277383382Image000011.jpg,12,11,PASS_RIGHT_SIDE,414,680,426,691
1277383382Image000011.jpg,36,34,PASS_RIGHT_SIDE,210,686,246,720
1277383382Image000011.jpg,25,29,NO_PARKING,627,607,652,636
1277383382Image000011.jpg,13,12,PEDESTRIAN_CROSSING,381,680,394,692
1277383382Image000011.jpg,12,11,PASS_RIGHT_SIDE,414,680,426,691
1277383382Image000011.jpg,36,34,PASS_RIGHT_SIDE,210,686,246,720
1277383382Image000011.jpg,25,29,NO_PARKING,627,607,652,636
1277383382Image000011.jpg,13,12,PEDESTRIAN_CROSSING,381,680,394,692
1277383382Image000011.jpg,12,11,PASS_RIGHT_SIDE,414,680,426,691
1277383382Image000011.jpg,36,34,PASS_RIGHT_SIDE,210,686,246,720
1277383382Image000011.jpg,25,29,NO_PARKING,627,607,652,636
1277383382Image000011.jpg,13,12,PEDESTRIAN_CROSSING,381,680,394,692
1277383382Image000011.jpg,12,11,PASS_RIGHT_SIDE,414,680,426,691
1277383382Image000016.jpg,38,37,NO_PARKING,701,580,739,617
1277383382Image000016.jpg,48,48,PASS_RIGHT_SIDE,139,677,187,725
1277383382Image000016.jpg,14,10,PEDESTRIAN_CROSSING,376,686,390,696
1277383382Image000016.jpg,12,11,PASS_RIGHT_SIDE,413,686,425,697
1277383382Image000016.jpg,38,37,NO_PARKING,701,580,739,617
1277383382Image000016.jpg,48,48,PASS_RIGHT_SIDE,139,677,187,725
1277383382Image000016.jpg,14,10,PEDESTRIAN_CROSSING,376,686,390,696
1277383382Image000016.jpg,12,11,PASS_RIGHT_SIDE,413,686,425,697
1277383382Image000016.jpg,38,37,NO_PARKING,701,580,739,617
1277383382Image000016.jpg,48,48,PASS_RIGHT_SIDE,139,677,187,725
1277383382Image000016.jpg,14,10,PEDESTRIAN_CROSSING,376,686,390,696
1277383382Image000016.jpg,12,11,PASS_RIGHT_SIDE,413,686,425,697
1277383382Image000016.jpg,38,37,NO_PARKING,701,580,739,617
1277383382Image000016.jpg,48,48,PASS_RIGHT_SIDE,139,677,187,725
1277383382Image000016.jpg,14,10,PEDESTRIAN_CROSSING,376,686,390,696
1277383382Image000016.jpg,12,11,PASS_RIGHT_SIDE,413,686,425,697
1277383382Image000016.jpg,38,37,NO_PARKING,701,580,739,617
1277383382Image000016.jpg,48,48,PASS_RIGHT_SIDE,139,677,187,725
1277383382Image000016.jpg,14,10,PEDESTRIAN_CROSSING,376,686,390,696
1277383382Image000016.jpg,12,11,PASS_RIGHT_SIDE,413,686,425,697
1277383382Image000021.jpg,64,65,PASS_RIGHT_SIDE,56,658,120,723
1277383382Image000021.jpg,51,48,NO_PARKING,780,539,831,587
1277383382Image000021.jpg,64,65,PASS_RIGHT_SIDE,56,658,120,723
1277383382Image000021.jpg,51,48,NO_PARKING,780,539,831,587
1277383382Image000021.jpg,64,65,PASS_RIGHT_SIDE,56,658,120,723
1277383382Image000021.jpg,51,48,NO_PARKING,780,539,831,587
1277383382Image000026.jpg,66,61,NO_PARKING,889,490,955,551
1277383382Image000026.jpg,66,61,NO_PARKING,889,490,955,551
1277383382Image000031.jpg,80,79,NO_PARKING,1043,428,1123,507
1277383382Image000031.jpg,80,79,NO_PARKING,1043,428,1123,507
1277383388Image000001.jpg,32,32,PEDESTRIAN_CROSSING,254,693,286,725
1277383388Image000001.jpg,19,22,PASS_RIGHT_SIDE,342,709,361,731
1277383388Image000001.jpg,32,32,PEDESTRIAN_CROSSING,254,693,286,725
1277383388Image000001.jpg,19,22,PASS_RIGHT_SIDE,342,709,361,731
1277383388Image000001.jpg,32,32,PEDESTRIAN_CROSSING,254,693,286,725
1277383388Image000001.jpg,19,22,PASS_RIGHT_SIDE,342,709,361,731
1277383388Image000006.jpg,36,37,PEDESTRIAN_CROSSING,209,694,245,731
1277383388Image000006.jpg,25,23,PASS_RIGHT_SIDE,316,717,341,740
1277383388Image000006.jpg,22,19,NO_PARKING,494,674,516,693
1277383388Image000006.jpg,36,37,PEDESTRIAN_CROSSING,209,694,245,731
1277383388Image000006.jpg,25,23,PASS_RIGHT_SIDE,316,717,341,740
1277383388Image000006.jpg,22,19,NO_PARKING,494,674,516,693
1277383388Image000006.jpg,36,37,PEDESTRIAN_CROSSING,209,694,245,731
1277383388Image000006.jpg,25,23,PASS_RIGHT_SIDE,316,717,341,740
1277383388Image000006.jpg,22,19,NO_PARKING,494,674,516,693
1277383388Image000006.jpg,36,37,PEDESTRIAN_CROSSING,209,694,245,731
1277383388Image000006.jpg,25,23,PASS_RIGHT_SIDE,316,717,341,740
1277383388Image000006.jpg,22,19,NO_PARKING,494,674,516,693
1277383388Image000011.jpg,48,45,PEDESTRIAN_CROSSING,155,682,203,727
1277383388Image000011.jpg,28,28,PASS_RIGHT_SIDE,296,711,324,739
1277383388Image000011.jpg,20,22,NO_PARKING,496,664,516,686
1277383388Image000011.jpg,48,45,PEDESTRIAN_CROSSING,155,682,203,727
1277383388Image000011.jpg,28,28,PASS_RIGHT_SIDE,296,711,324,739
1277383388Image000011.jpg,20,22,NO_PARKING,496,664,516,686
1277383388Image000011.jpg,48,45,PEDESTRIAN_CROSSING,155,682,203,727
1277383388Image000011.jpg,28,28,PASS_RIGHT_SIDE,296,711,324,739
1277383388Image000011.jpg,20,22,NO_PARKING,496,664,516,686
1277383388Image000011.jpg,48,45,PEDESTRIAN_CROSSING,155,682,203,727
1277383388Image000011.jpg,28,28,PASS_RIGHT_SIDE,296,711,324,739
1277383388Image000011.jpg,20,22,NO_PARKING,496,664,516,686
1277383388Image000016.jpg,56,56,PEDESTRIAN_CROSSING,106,668,162,724
1277383388Image000016.jpg,26,26,PASS_RIGHT_SIDE,283,708,309,734
1277383388Image000016.jpg,22,25,NO_PARKING,498,656,520,681
1277383388Image000016.jpg,56,56,PEDESTRIAN_CROSSING,106,668,162,724
1277383388Image000016.jpg,26,26,PASS_RIGHT_SIDE,283,708,309,734
1277383388Image000016.jpg,22,25,NO_PARKING,498,656,520,681
1277383388Image000016.jpg,56,56,PEDESTRIAN_CROSSING,106,668,162,724
1277383388Image000016.jpg,26,26,PASS_RIGHT_SIDE,283,708,309,734
1277383388Image000016.jpg,22,25,NO_PARKING,498,656,520,681
1277383388Image000016.jpg,56,56,PEDESTRIAN_CROSSING,106,668,162,724
1277383388Image000016.jpg,26,26,PASS_RIGHT_SIDE,283,708,309,734
1277383388Image000016.jpg,22,25,NO_PARKING,498,656,520,681
1277383388Image000021.jpg,70,69,PEDESTRIAN_CROSSING,13,658,83,727
1277383388Image000021.jpg,30,30,PASS_RIGHT_SIDE,264,714,294,744
1277383388Image000021.jpg,25,27,NO_PARKING,504,654,529,681
1277383388Image000021.jpg,70,69,PEDESTRIAN_CROSSING,13,658,83,727
1277383388Image000021.jpg,30,30,PASS_RIGHT_SIDE,264,714,294,744
1277383388Image000021.jpg,25,27,NO_PARKING,504,654,529,681
1277383388Image000021.jpg,70,69,PEDESTRIAN_CROSSING,13,658,83,727
1277383388Image000021.jpg,30,30,PASS_RIGHT_SIDE,264,714,294,744
1277383388Image000021.jpg,25,27,NO_PARKING,504,654,529,681
1277383388Image000021.jpg,70,69,PEDESTRIAN_CROSSING,13,658,83,727
1277383388Image000021.jpg,30,30,PASS_RIGHT_SIDE,264,714,294,744
1277383388Image000021.jpg,25,27,NO_PARKING,504,654,529,681
1277383388Image000026.jpg,37,37,PASS_RIGHT_SIDE,229,701,266,738
1277383388Image000026.jpg,25,29,NO_PARKING,513,632,538,661
1277383388Image000026.jpg,37,37,PASS_RIGHT_SIDE,229,701,266,738
1277383388Image000026.jpg,25,29,NO_PARKING,513,632,538,661
1277383388Image000026.jpg,37,37,PASS_RIGHT_SIDE,229,701,266,738
1277383388Image000026.jpg,25,29,NO_PARKING,513,632,538,661
1277383388Image000031.jpg,52,51,PASS_RIGHT_SIDE,155,718,207,769
1277383388Image000031.jpg,36,35,NO_PARKING,539,641,575,676
1277383388Image000031.jpg,52,51,PASS_RIGHT_SIDE,155,718,207,769
1277383388Image000031.jpg,36,35,NO_PARKING,539,641,575,676
1277383388Image000031.jpg,52,51,PASS_RIGHT_SIDE,155,718,207,769
1277383388Image000031.jpg,36,35,NO_PARKING,539,641,575,676
1277383388Image000036.jpg,65,66,PASS_RIGHT_SIDE,92,667,157,733
1277383388Image000036.jpg,40,43,NO_PARKING,566,586,606,629
1277383388Image000036.jpg,65,66,PASS_RIGHT_SIDE,92,667,157,733
1277383388Image000036.jpg,40,43,NO_PARKING,566,586,606,629
1277383388Image000036.jpg,65,66,PASS_RIGHT_SIDE,92,667,157,733
1277383388Image000036.jpg,40,43,NO_PARKING,566,586,606,629
1277383388Image000041.jpg,58,58,NO_PARKING,598,567,656,625
1277383397Image000001.jpg,37,37,PEDESTRIAN_CROSSING,187,688,224,725
1277383397Image000001.jpg,30,32,PEDESTRIAN_CROSSING,273,702,303,734
1277383397Image000001.jpg,20,18,NO_PARKING,489,675,509,693
1277383397Image000001.jpg,37,37,PEDESTRIAN_CROSSING,187,688,224,725
1277383397Image000001.jpg,30,32,PEDESTRIAN_CROSSING,273,702,303,734
1277383397Image000001.jpg,20,18,NO_PARKING,489,675,509,693
1277383397Image000001.jpg,37,37,PEDESTRIAN_CROSSING,187,688,224,725
1277383397Image000001.jpg,30,32,PEDESTRIAN_CROSSING,273,702,303,734
1277383397Image000001.jpg,20,18,NO_PARKING,489,675,509,693
1277383397Image000001.jpg,37,37,PEDESTRIAN_CROSSING,187,688,224,725
1277383397Image000001.jpg,30,32,PEDESTRIAN_CROSSING,273,702,303,734
1277383397Image000001.jpg,20,18,NO_PARKING,489,675,509,693
1277383397Image000006.jpg,46,45,PEDESTRIAN_CROSSING,135,674,181,719
1277383397Image000006.jpg,32,36,PEDESTRIAN_CROSSING,251,697,283,733
1277383397Image000006.jpg,21,22,NO_PARKING,492,668,513,690
1277383397Image000006.jpg,46,45,PEDESTRIAN_CROSSING,135,674,181,719
1277383397Image000006.jpg,32,36,PEDESTRIAN_CROSSING,251,697,283,733
1277383397Image000006.jpg,21,22,NO_PARKING,492,668,513,690
1277383397Image000006.jpg,46,45,PEDESTRIAN_CROSSING,135,674,181,719
1277383397Image000006.jpg,32,36,PEDESTRIAN_CROSSING,251,697,283,733
1277383397Image000006.jpg,21,22,NO_PARKING,492,668,513,690
1277383397Image000006.jpg,46,45,PEDESTRIAN_CROSSING,135,674,181,719
1277383397Image000006.jpg,32,36,PEDESTRIAN_CROSSING,251,697,283,733
1277383397Image000006.jpg,21,22,NO_PARKING,492,668,513,690
1277383397Image000011.jpg,58,59,PEDESTRIAN_CROSSING,42,659,100,718
1277383397Image000011.jpg,39,41,PEDESTRIAN_CROSSING,216,697,255,738
1277383397Image000011.jpg,22,22,NO_PARKING,496,669,518,691
1277383397Image000011.jpg,58,59,PEDESTRIAN_CROSSING,42,659,100,718
1277383397Image000011.jpg,39,41,PEDESTRIAN_CROSSING,216,697,255,738
1277383397Image000011.jpg,22,22,NO_PARKING,496,669,518,691
1277383397Image000011.jpg,58,59,PEDESTRIAN_CROSSING,42,659,100,718
1277383397Image000011.jpg,39,41,PEDESTRIAN_CROSSING,216,697,255,738
1277383397Image000011.jpg,22,22,NO_PARKING,496,669,518,691
1277383397Image000011.jpg,58,59,PEDESTRIAN_CROSSING,42,659,100,718
1277383397Image000011.jpg,39,41,PEDESTRIAN_CROSSING,216,697,255,738
1277383397Image000011.jpg,22,22,NO_PARKING,496,669,518,691
1277383397Image000016.jpg,46,50,PEDESTRIAN_CROSSING,165,695,211,745
1277383397Image000016.jpg,28,27,NO_PARKING,497,658,525,685
1277383397Image000016.jpg,46,50,PEDESTRIAN_CROSSING,165,695,211,745
1277383397Image000016.jpg,28,27,NO_PARKING,497,658,525,685
1277383397Image000016.jpg,46,50,PEDESTRIAN_CROSSING,165,695,211,745
1277383397Image000016.jpg,28,27,NO_PARKING,497,658,525,685
1277383397Image000021.jpg,55,57,PEDESTRIAN_CROSSING,111,692,166,749
1277383397Image000021.jpg,30,31,NO_PARKING,499,647,529,678
1277383397Image000021.jpg,55,57,PEDESTRIAN_CROSSING,111,692,166,749
1277383397Image000021.jpg,30,31,NO_PARKING,499,647,529,678
1277383397Image000021.jpg,55,57,PEDESTRIAN_CROSSING,111,692,166,749
1277383397Image000021.jpg,30,31,NO_PARKING,499,647,529,678
1277383397Image000026.jpg,16,86,PEDESTRIAN_CROSSING,0,665,16,751
1277383397Image000026.jpg,39,41,NO_PARKING,524,618,563,659
1277383397Image000026.jpg,16,86,PEDESTRIAN_CROSSING,0,665,16,751
1277383397Image000026.jpg,39,41,NO_PARKING,524,618,563,659
1277383397Image000026.jpg,16,86,PEDESTRIAN_CROSSING,0,665,16,751
1277383397Image000026.jpg,39,41,NO_PARKING,524,618,563,659
1277383397Image000031.jpg,49,50,NO_PARKING,570,583,619,633
1277383397Image000031.jpg,49,50,NO_PARKING,570,583,619,633
1277383397Image000041.jpg,112,112,NO_PARKING,851,366,963,478
1277383397Image000041.jpg,112,112,NO_PARKING,851,366,963,478
1277383413Image000003.jpg,57,62,NO_PARKING,1048,537,1105,599
1277383413Image000003.jpg,29,40,OTHER,724,634,753,674
1277383413Image000003.jpg,33,36,OTHER,676,656,709,692
1277383413Image000003.jpg,19,18,GIVE_WAY,490,690,509,708
1277383413Image000003.jpg,16,15,OTHER,492,709,508,724
1277383413Image000003.jpg,15,15,PEDESTRIAN_CROSSING,500,708,515,723
1277383413Image000003.jpg,15,14,PEDESTRIAN_CROSSING,128,724,143,738
1277383413Image000003.jpg,57,62,NO_PARKING,1048,537,1105,599
1277383413Image000003.jpg,29,40,OTHER,724,634,753,674
1277383413Image000003.jpg,33,36,OTHER,676,656,709,692
1277383413Image000003.jpg,19,18,GIVE_WAY,490,690,509,708
1277383413Image000003.jpg,16,15,OTHER,492,709,508,724
1277383413Image000003.jpg,15,15,PEDESTRIAN_CROSSING,500,708,515,723
1277383413Image000003.jpg,15,14,PEDESTRIAN_CROSSING,128,724,143,738
1277383413Image000003.jpg,57,62,NO_PARKING,1048,537,1105,599
1277383413Image000003.jpg,29,40,OTHER,724,634,753,674
1277383413Image000003.jpg,33,36,OTHER,676,656,709,692
1277383413Image000003.jpg,19,18,GIVE_WAY,490,690,509,708
1277383413Image000003.jpg,16,15,OTHER,492,709,508,724
1277383413Image000003.jpg,15,15,PEDESTRIAN_CROSSING,500,708,515,723
1277383413Image000003.jpg,15,14,PEDESTRIAN_CROSSING,128,724,143,738
1277383413Image000003.jpg,57,62,NO_PARKING,1048,537,1105,599
1277383413Image000003.jpg,29,40,OTHER,724,634,753,674
1277383413Image000003.jpg,33,36,OTHER,676,656,709,692
1277383413Image000003.jpg,19,18,GIVE_WAY,490,690,509,708
1277383413Image000003.jpg,16,15,OTHER,492,709,508,724
1277383413Image000003.jpg,15,15,PEDESTRIAN_CROSSING,500,708,515,723
1277383413Image000003.jpg,15,14,PEDESTRIAN_CROSSING,128,724,143,738
1277383413Image000003.jpg,57,62,NO_PARKING,1048,537,1105,599
1277383413Image000003.jpg,29,40,OTHER,724,634,753,674
1277383413Image000003.jpg,33,36,OTHER,676,656,709,692
1277383413Image000003.jpg,19,18,GIVE_WAY,490,690,509,708
1277383413Image000003.jpg,16,15,OTHER,492,709,508,724
1277383413Image000003.jpg,15,15,PEDESTRIAN_CROSSING,500,708,515,723
1277383413Image000003.jpg,15,14,PEDESTRIAN_CROSSING,128,724,143,738
1277383413Image000003.jpg,57,62,NO_PARKING,1048,537,1105,599
1277383413Image000003.jpg,29,40,OTHER,724,634,753,674
1277383413Image000003.jpg,33,36,OTHER,676,656,709,692
1277383413Image000003.jpg,19,18,GIVE_WAY,490,690,509,708
1277383413Image000003.jpg,16,15,OTHER,492,709,508,724
1277383413Image000003.jpg,15,15,PEDESTRIAN_CROSSING,500,708,515,723
1277383413Image000003.jpg,15,14,PEDESTRIAN_CROSSING,128,724,143,738
1277383413Image000003.jpg,57,62,NO_PARKING,1048,537,1105,599
1277383413Image000003.jpg,29,40,OTHER,724,634,753,674
1277383413Image000003.jpg,33,36,OTHER,676,656,709,692
1277383413Image000003.jpg,19,18,GIVE_WAY,490,690,509,708
1277383413Image000003.jpg,16,15,OTHER,492,709,508,724
1277383413Image000003.jpg,15,15,PEDESTRIAN_CROSSING,500,708,515,723
1277383413Image000003.jpg,15,14,PEDESTRIAN_CROSSING,128,724,143,738
1277383413Image000003.jpg,57,62,NO_PARKING,1048,537,1105,599
1277383413Image000003.jpg,29,40,OTHER,724,634,753,674
1277383413Image000003.jpg,33,36,OTHER,676,656,709,692
1277383413Image000003.jpg,19,18,GIVE_WAY,490,690,509,708
1277383413Image000003.jpg,16,15,OTHER,492,709,508,724
1277383413Image000003.jpg,15,15,PEDESTRIAN_CROSSING,500,708,515,723
1277383413Image000003.jpg,15,14,PEDESTRIAN_CROSSING,128,724,143,738
1277383413Image000008.jpg,37,45,OTHER,785,600,822,645
1277383413Image000008.jpg,38,41,OTHER,721,630,759,671
1277383413Image000008.jpg,20,19,GIVE_WAY,497,676,517,695
1277383413Image000008.jpg,18,18,OTHER,499,696,517,714
1277383413Image000008.jpg,14,16,PEDESTRIAN_CROSSING,508,694,522,710
1277383413Image000008.jpg,16,14,PEDESTRIAN_CROSSING,106,716,122,730
1277383413Image000008.jpg,37,45,OTHER,785,600,822,645
1277383413Image000008.jpg,38,41,OTHER,721,630,759,671
1277383413Image000008.jpg,20,19,GIVE_WAY,497,676,517,695
1277383413Image000008.jpg,18,18,OTHER,499,696,517,714
1277383413Image000008.jpg,14,16,PEDESTRIAN_CROSSING,508,694,522,710
1277383413Image000008.jpg,16,14,PEDESTRIAN_CROSSING,106,716,122,730
1277383413Image000008.jpg,37,45,OTHER,785,600,822,645
1277383413Image000008.jpg,38,41,OTHER,721,630,759,671
1277383413Image000008.jpg,20,19,GIVE_WAY,497,676,517,695
1277383413Image000008.jpg,18,18,OTHER,499,696,517,714
1277383413Image000008.jpg,14,16,PEDESTRIAN_CROSSING,508,694,522,710
1277383413Image000008.jpg,16,14,PEDESTRIAN_CROSSING,106,716,122,730
1277383413Image000008.jpg,37,45,OTHER,785,600,822,645
1277383413Image000008.jpg,38,41,OTHER,721,630,759,671
1277383413Image000008.jpg,20,19,GIVE_WAY,497,676,517,695
1277383413Image000008.jpg,18,18,OTHER,499,696,517,714
1277383413Image000008.jpg,14,16,PEDESTRIAN_CROSSING,508,694,522,710
1277383413Image000008.jpg,16,14,PEDESTRIAN_CROSSING,106,716,122,730
1277383413Image000008.jpg,37,45,OTHER,785,600,822,645
1277383413Image000008.jpg,38,41,OTHER,721,630,759,671
1277383413Image000008.jpg,20,19,GIVE_WAY,497,676,517,695
1277383413Image000008.jpg,18,18,OTHER,499,696,517,714
1277383413Image000008.jpg,14,16,PEDESTRIAN_CROSSING,508,694,522,710
1277383413Image000008.jpg,16,14,PEDESTRIAN_CROSSING,106,716,122,730
1277383413Image000008.jpg,37,45,OTHER,785,600,822,645
1277383413Image000008.jpg,38,41,OTHER,721,630,759,671
1277383413Image000008.jpg,20,19,GIVE_WAY,497,676,517,695
1277383413Image000008.jpg,18,18,OTHER,499,696,517,714
1277383413Image000008.jpg,14,16,PEDESTRIAN_CROSSING,508,694,522,710
1277383413Image000008.jpg,16,14,PEDESTRIAN_CROSSING,106,716,122,730
1277383413Image000008.jpg,37,45,OTHER,785,600,822,645
1277383413Image000008.jpg,38,41,OTHER,721,630,759,671
1277383413Image000008.jpg,20,19,GIVE_WAY,497,676,517,695
1277383413Image000008.jpg,18,18,OTHER,499,696,517,714
1277383413Image000008.jpg,14,16,PEDESTRIAN_CROSSING,508,694,522,710
1277383413Image000008.jpg,16,14,PEDESTRIAN_CROSSING,106,716,122,730
1277383413Image000013.jpg,37,52,OTHER,836,583,873,635
1277383413Image000013.jpg,42,45,OTHER,754,620,796,665
1277383413Image000013.jpg,22,20,GIVE_WAY,503,674,525,694
1277383413Image000013.jpg,18,19,OTHER,506,697,524,716
1277383413Image000013.jpg,14,17,PEDESTRIAN_CROSSING,516,695,530,712
1277383413Image000013.jpg,18,14,PEDESTRIAN_CROSSING,93,719,111,733
1277383413Image000013.jpg,19,20,PEDESTRIAN_CROSSING,329,694,348,714
1277383413Image000013.jpg,37,52,OTHER,836,583,873,635
1277383413Image000013.jpg,42,45,OTHER,754,620,796,665
1277383413Image000013.jpg,22,20,GIVE_WAY,503,674,525,694
1277383413Image000013.jpg,18,19,OTHER,506,697,524,716
1277383413Image000013.jpg,14,17,PEDESTRIAN_CROSSING,516,695,530,712
1277383413Image000013.jpg,18,14,PEDESTRIAN_CROSSING,93,719,111,733
1277383413Image000013.jpg,19,20,PEDESTRIAN_CROSSING,329,694,348,714
1277383413Image000013.jpg,37,52,OTHER,836,583,873,635
1277383413Image000013.jpg,42,45,OTHER,754,620,796,665
1277383413Image000013.jpg,22,20,GIVE_WAY,503,674,525,694
1277383413Image000013.jpg,18,19,OTHER,506,697,524,716
1277383413Image000013.jpg,14,17,PEDESTRIAN_CROSSING,516,695,530,712
1277383413Image000013.jpg,18,14,PEDESTRIAN_CROSSING,93,719,111,733
1277383413Image000013.jpg,19,20,PEDESTRIAN_CROSSING,329,694,348,714
1277383413Image000013.jpg,37,52,OTHER,836,583,873,635
1277383413Image000013.jpg,42,45,OTHER,754,620,796,665
1277383413Image000013.jpg,22,20,GIVE_WAY,503,674,525,694
1277383413Image000013.jpg,18,19,OTHER,506,697,524,716
1277383413Image000013.jpg,14,17,PEDESTRIAN_CROSSING,516,695,530,712
1277383413Image000013.jpg,18,14,PEDESTRIAN_CROSSING,93,719,111,733
1277383413Image000013.jpg,19,20,PEDESTRIAN_CROSSING,329,694,348,714
1277383413Image000013.jpg,37,52,OTHER,836,583,873,635
1277383413Image000013.jpg,42,45,OTHER,754,620,796,665
1277383413Image000013.jpg,22,20,GIVE_WAY,503,674,525,694
1277383413Image000013.jpg,18,19,OTHER,506,697,524,716
1277383413Image000013.jpg,14,17,PEDESTRIAN_CROSSING,516,695,530,712
1277383413Image000013.jpg,18,14,PEDESTRIAN_CROSSING,93,719,111,733
1277383413Image000013.jpg,19,20,PEDESTRIAN_CROSSING,329,694,348,714
1277383413Image000013.jpg,37,52,OTHER,836,583,873,635
1277383413Image000013.jpg,42,45,OTHER,754,620,796,665
1277383413Image000013.jpg,22,20,GIVE_WAY,503,674,525,694
1277383413Image000013.jpg,18,19,OTHER,506,697,524,716
1277383413Image000013.jpg,14,17,PEDESTRIAN_CROSSING,516,695,530,712
1277383413Image000013.jpg,18,14,PEDESTRIAN_CROSSING,93,719,111,733
1277383413Image000013.jpg,19,20,PEDESTRIAN_CROSSING,329,694,348,714
1277383413Image000013.jpg,37,52,OTHER,836,583,873,635
1277383413Image000013.jpg,42,45,OTHER,754,620,796,665
1277383413Image000013.jpg,22,20,GIVE_WAY,503,674,525,694
1277383413Image000013.jpg,18,19,OTHER,506,697,524,716
1277383413Image000013.jpg,14,17,PEDESTRIAN_CROSSING,516,695,530,712
1277383413Image000013.jpg,18,14,PEDESTRIAN_CROSSING,93,719,111,733
1277383413Image000013.jpg,19,20,PEDESTRIAN_CROSSING,329,694,348,714
1277383413Image000013.jpg,37,52,OTHER,836,583,873,635
1277383413Image000013.jpg,42,45,OTHER,754,620,796,665
1277383413Image000013.jpg,22,20,GIVE_WAY,503,674,525,694
1277383413Image000013.jpg,18,19,OTHER,506,697,524,716
1277383413Image000013.jpg,14,17,PEDESTRIAN_CROSSING,516,695,530,712
1277383413Image000013.jpg,18,14,PEDESTRIAN_CROSSING,93,719,111,733
1277383413Image000013.jpg,19,20,PEDESTRIAN_CROSSING,329,694,348,714
1277383413Image000018.jpg,55,65,OTHER,961,528,1016,593
1277383413Image000018.jpg,58,58,OTHER,842,580,900,638
1277383413Image000018.jpg,24,23,GIVE_WAY,515,655,539,678
1277383413Image000018.jpg,24,21,OTHER,518,679,542,700
1277383413Image000018.jpg,20,20,PEDESTRIAN_CROSSING,525,678,545,698
1277383413Image000018.jpg,20,16,PEDESTRIAN_CROSSING,70,704,90,720
1277383413Image000018.jpg,25,22,PEDESTRIAN_CROSSING,321,675,346,697
1277383413Image000018.jpg,55,65,OTHER,961,528,1016,593
1277383413Image000018.jpg,58,58,OTHER,842,580,900,638
1277383413Image000018.jpg,24,23,GIVE_WAY,515,655,539,678
1277383413Image000018.jpg,24,21,OTHER,518,679,542,700
1277383413Image000018.jpg,20,20,PEDESTRIAN_CROSSING,525,678,545,698
1277383413Image000018.jpg,20,16,PEDESTRIAN_CROSSING,70,704,90,720
1277383413Image000018.jpg,25,22,PEDESTRIAN_CROSSING,321,675,346,697
1277383413Image000018.jpg,55,65,OTHER,961,528,1016,593
1277383413Image000018.jpg,58,58,OTHER,842,580,900,638
1277383413Image000018.jpg,24,23,GIVE_WAY,515,655,539,678
1277383413Image000018.jpg,24,21,OTHER,518,679,542,700
1277383413Image000018.jpg,20,20,PEDESTRIAN_CROSSING,525,678,545,698
1277383413Image000018.jpg,20,16,PEDESTRIAN_CROSSING,70,704,90,720
1277383413Image000018.jpg,25,22,PEDESTRIAN_CROSSING,321,675,346,697
1277383413Image000018.jpg,55,65,OTHER,961,528,1016,593
1277383413Image000018.jpg,58,58,OTHER,842,580,900,638
1277383413Image000018.jpg,24,23,GIVE_WAY,515,655,539,678
1277383413Image000018.jpg,24,21,OTHER,518,679,542,700
1277383413Image000018.jpg,20,20,PEDESTRIAN_CROSSING,525,678,545,698
1277383413Image000018.jpg,20,16,PEDESTRIAN_CROSSING,70,704,90,720
1277383413Image000018.jpg,25,22,PEDESTRIAN_CROSSING,321,675,346,697
1277383413Image000018.jpg,55,65,OTHER,961,528,1016,593
1277383413Image000018.jpg,58,58,OTHER,842,580,900,638
1277383413Image000018.jpg,24,23,GIVE_WAY,515,655,539,678
1277383413Image000018.jpg,24,21,OTHER,518,679,542,700
1277383413Image000018.jpg,20,20,PEDESTRIAN_CROSSING,525,678,545,698
1277383413Image000018.jpg,20,16,PEDESTRIAN_CROSSING,70,704,90,720
1277383413Image000018.jpg,25,22,PEDESTRIAN_CROSSING,321,675,346,697
1277383413Image000018.jpg,55,65,OTHER,961,528,1016,593
1277383413Image000018.jpg,58,58,OTHER,842,580,900,638
1277383413Image000018.jpg,24,23,GIVE_WAY,515,655,539,678
1277383413Image000018.jpg,24,21,OTHER,518,679,542,700
1277383413Image000018.jpg,20,20,PEDESTRIAN_CROSSING,525,678,545,698
1277383413Image000018.jpg,20,16,PEDESTRIAN_CROSSING,70,704,90,720
1277383413Image000018.jpg,25,22,PEDESTRIAN_CROSSING,321,675,346,697
1277383413Image000018.jpg,55,65,OTHER,961,528,1016,593
1277383413Image000018.jpg,58,58,OTHER,842,580,900,638
1277383413Image000018.jpg,24,23,GIVE_WAY,515,655,539,678
1277383413Image000018.jpg,24,21,OTHER,518,679,542,700
1277383413Image000018.jpg,20,20,PEDESTRIAN_CROSSING,525,678,545,698
1277383413Image000018.jpg,20,16,PEDESTRIAN_CROSSING,70,704,90,720
1277383413Image000018.jpg,25,22,PEDESTRIAN_CROSSING,321,675,346,697
1277383413Image000018.jpg,55,65,OTHER,961,528,1016,593
1277383413Image000018.jpg,58,58,OTHER,842,580,900,638
1277383413Image000018.jpg,24,23,GIVE_WAY,515,655,539,678
1277383413Image000018.jpg,24,21,OTHER,518,679,542,700
1277383413Image000018.jpg,20,20,PEDESTRIAN_CROSSING,525,678,545,698
1277383413Image000018.jpg,20,16,PEDESTRIAN_CROSSING,70,704,90,720
1277383413Image000018.jpg,25,22,PEDESTRIAN_CROSSING,321,675,346,697
1277383413Image000023.jpg,87,92,OTHER,1193,420,1280,512
1277383413Image000023.jpg,74,75,OTHER,991,511,1065,586
1277383413Image000023.jpg,28,28,GIVE_WAY,536,633,564,661
1277383413Image000023.jpg,22,23,OTHER,540,661,562,684
1277383413Image000023.jpg,21,20,PEDESTRIAN_CROSSING,546,661,567,681
1277383413Image000023.jpg,19,17,PEDESTRIAN_CROSSING,43,691,62,708
1277383413Image000023.jpg,23,21,PEDESTRIAN_CROSSING,323,660,346,681
1277383413Image000023.jpg,87,92,OTHER,1193,420,1280,512
1277383413Image000023.jpg,74,75,OTHER,991,511,1065,586
1277383413Image000023.jpg,28,28,GIVE_WAY,536,633,564,661
1277383413Image000023.jpg,22,23,OTHER,540,661,562,684
1277383413Image000023.jpg,21,20,PEDESTRIAN_CROSSING,546,661,567,681
1277383413Image000023.jpg,19,17,PEDESTRIAN_CROSSING,43,691,62,708
1277383413Image000023.jpg,23,21,PEDESTRIAN_CROSSING,323,660,346,681
1277383413Image000023.jpg,87,92,OTHER,1193,420,1280,512
1277383413Image000023.jpg,74,75,OTHER,991,511,1065,586
1277383413Image000023.jpg,28,28,GIVE_WAY,536,633,564,661
1277383413Image000023.jpg,22,23,OTHER,540,661,562,684
1277383413Image000023.jpg,21,20,PEDESTRIAN_CROSSING,546,661,567,681
1277383413Image000023.jpg,19,17,PEDESTRIAN_CROSSING,43,691,62,708
1277383413Image000023.jpg,23,21,PEDESTRIAN_CROSSING,323,660,346,681
1277383413Image000023.jpg,87,92,OTHER,1193,420,1280,512
1277383413Image000023.jpg,74,75,OTHER,991,511,1065,586
1277383413Image000023.jpg,28,28,GIVE_WAY,536,633,564,661
1277383413Image000023.jpg,22,23,OTHER,540,661,562,684
1277383413Image000023.jpg,21,20,PEDESTRIAN_CROSSING,546,661,567,681
1277383413Image000023.jpg,19,17,PEDESTRIAN_CROSSING,43,691,62,708
1277383413Image000023.jpg,23,21,PEDESTRIAN_CROSSING,323,660,346,681
1277383413Image000023.jpg,87,92,OTHER,1193,420,1280,512
1277383413Image000023.jpg,74,75,OTHER,991,511,1065,586
1277383413Image000023.jpg,28,28,GIVE_WAY,536,633,564,661
1277383413Image000023.jpg,22,23,OTHER,540,661,562,684
1277383413Image000023.jpg,21,20,PEDESTRIAN_CROSSING,546,661,567,681
1277383413Image000023.jpg,19,17,PEDESTRIAN_CROSSING,43,691,62,708
1277383413Image000023.jpg,23,21,PEDESTRIAN_CROSSING,323,660,346,681
1277383413Image000023.jpg,87,92,OTHER,1193,420,1280,512
1277383413Image000023.jpg,74,75,OTHER,991,511,1065,586
1277383413Image000023.jpg,28,28,GIVE_WAY,536,633,564,661
1277383413Image000023.jpg,22,23,OTHER,540,661,562,684
1277383413Image000023.jpg,21,20,PEDESTRIAN_CROSSING,546,661,567,681
1277383413Image000023.jpg,19,17,PEDESTRIAN_CROSSING,43,691,62,708
1277383413Image000023.jpg,23,21,PEDESTRIAN_CROSSING,323,660,346,681
1277383413Image000023.jpg,87,92,OTHER,1193,420,1280,512
1277383413Image000023.jpg,74,75,OTHER,991,511,1065,586
1277383413Image000023.jpg,28,28,GIVE_WAY,536,633,564,661
1277383413Image000023.jpg,22,23,OTHER,540,661,562,684
1277383413Image000023.jpg,21,20,PEDESTRIAN_CROSSING,546,661,567,681
1277383413Image000023.jpg,19,17,PEDESTRIAN_CROSSING,43,691,62,708
1277383413Image000023.jpg,23,21,PEDESTRIAN_CROSSING,323,660,346,681
1277383413Image000023.jpg,87,92,OTHER,1193,420,1280,512
1277383413Image000023.jpg,74,75,OTHER,991,511,1065,586
1277383413Image000023.jpg,28,28,GIVE_WAY,536,633,564,661
1277383413Image000023.jpg,22,23,OTHER,540,661,562,684
1277383413Image000023.jpg,21,20,PEDESTRIAN_CROSSING,546,661,567,681
1277383413Image000023.jpg,19,17,PEDESTRIAN_CROSSING,43,691,62,708
1277383413Image000023.jpg,23,21,PEDESTRIAN_CROSSING,323,660,346,681
1277383413Image000028.jpg,84,96,OTHER,1189,444,1273,540
1277383413Image000028.jpg,34,27,GIVE_WAY,551,624,585,651
1277383413Image000028.jpg,26,25,OTHER,555,656,581,681
1277383413Image000028.jpg,22,24,PEDESTRIAN_CROSSING,562,654,584,678
1277383413Image000028.jpg,19,21,PEDESTRIAN_CROSSING,11,686,30,707
1277383413Image000028.jpg,25,24,PEDESTRIAN_CROSSING,317,654,342,678
1277383413Image000028.jpg,84,96,OTHER,1189,444,1273,540
1277383413Image000028.jpg,34,27,GIVE_WAY,551,624,585,651
1277383413Image000028.jpg,26,25,OTHER,555,656,581,681
1277383413Image000028.jpg,22,24,PEDESTRIAN_CROSSING,562,654,584,678
1277383413Image000028.jpg,19,21,PEDESTRIAN_CROSSING,11,686,30,707
1277383413Image000028.jpg,25,24,PEDESTRIAN_CROSSING,317,654,342,678
1277383413Image000028.jpg,84,96,OTHER,1189,444,1273,540
1277383413Image000028.jpg,34,27,GIVE_WAY,551,624,585,651
1277383413Image000028.jpg,26,25,OTHER,555,656,581,681
1277383413Image000028.jpg,22,24,PEDESTRIAN_CROSSING,562,654,584,678
1277383413Image000028.jpg,19,21,PEDESTRIAN_CROSSING,11,686,30,707
1277383413Image000028.jpg,25,24,PEDESTRIAN_CROSSING,317,654,342,678
1277383413Image000028.jpg,84,96,OTHER,1189,444,1273,540
1277383413Image000028.jpg,34,27,GIVE_WAY,551,624,585,651
1277383413Image000028.jpg,26,25,OTHER,555,656,581,681
1277383413Image000028.jpg,22,24,PEDESTRIAN_CROSSING,562,654,584,678
1277383413Image000028.jpg,19,21,PEDESTRIAN_CROSSING,11,686,30,707
1277383413Image000028.jpg,25,24,PEDESTRIAN_CROSSING,317,654,342,678
1277383413Image000028.jpg,84,96,OTHER,1189,444,1273,540
1277383413Image000028.jpg,34,27,GIVE_WAY,551,624,585,651
1277383413Image000028.jpg,26,25,OTHER,555,656,581,681
1277383413Image000028.jpg,22,24,PEDESTRIAN_CROSSING,562,654,584,678
1277383413Image000028.jpg,19,21,PEDESTRIAN_CROSSING,11,686,30,707
1277383413Image000028.jpg,25,24,PEDESTRIAN_CROSSING,317,654,342,678
1277383413Image000028.jpg,84,96,OTHER,1189,444,1273,540
1277383413Image000028.jpg,34,27,GIVE_WAY,551,624,585,651
1277383413Image000028.jpg,26,25,OTHER,555,656,581,681
1277383413Image000028.jpg,22,24,PEDESTRIAN_CROSSING,562,654,584,678
1277383413Image000028.jpg,19,21,PEDESTRIAN_CROSSING,11,686,30,707
1277383413Image000028.jpg,25,24,PEDESTRIAN_CROSSING,317,654,342,678
1277383413Image000028.jpg,84,96,OTHER,1189,444,1273,540
1277383413Image000028.jpg,34,27,GIVE_WAY,551,624,585,651
1277383413Image000028.jpg,26,25,OTHER,555,656,581,681
1277383413Image000028.jpg,22,24,PEDESTRIAN_CROSSING,562,654,584,678
1277383413Image000028.jpg,19,21,PEDESTRIAN_CROSSING,11,686,30,707
1277383413Image000028.jpg,25,24,PEDESTRIAN_CROSSING,317,654,342,678
1277383413Image000033.jpg,32,29,GIVE_WAY,565,613,597,642
1277383413Image000033.jpg,24,25,OTHER,571,645,595,670
1277383413Image000033.jpg,23,26,PEDESTRIAN_CROSSING,574,644,597,670
1277383413Image000033.jpg,27,26,PEDESTRIAN_CROSSING,308,642,335,668
1277383413Image000033.jpg,32,29,GIVE_WAY,565,613,597,642
1277383413Image000033.jpg,24,25,OTHER,571,645,595,670
1277383413Image000033.jpg,23,26,PEDESTRIAN_CROSSING,574,644,597,670
1277383413Image000033.jpg,27,26,PEDESTRIAN_CROSSING,308,642,335,668
1277383413Image000033.jpg,32,29,GIVE_WAY,565,613,597,642
1277383413Image000033.jpg,24,25,OTHER,571,645,595,670
1277383413Image000033.jpg,23,26,PEDESTRIAN_CROSSING,574,644,597,670
1277383413Image000033.jpg,27,26,PEDESTRIAN_CROSSING,308,642,335,668
1277383413Image000033.jpg,32,29,GIVE_WAY,565,613,597,642
1277383413Image000033.jpg,24,25,OTHER,571,645,595,670
1277383413Image000033.jpg,23,26,PEDESTRIAN_CROSSING,574,644,597,670
1277383413Image000033.jpg,27,26,PEDESTRIAN_CROSSING,308,642,335,668
1277383413Image000033.jpg,32,29,GIVE_WAY,565,613,597,642
1277383413Image000033.jpg,24,25,OTHER,571,645,595,670
1277383413Image000033.jpg,23,26,PEDESTRIAN_CROSSING,574,644,597,670
1277383413Image000033.jpg,27,26,PEDESTRIAN_CROSSING,308,642,335,668
1277383413Image000038.jpg,39,34,GIVE_WAY,573,603,612,637
1277383413Image000038.jpg,25,25,OTHER,584,641,609,666
1277383413Image000038.jpg,27,27,PEDESTRIAN_CROSSING,583,639,610,666
1277383413Image000038.jpg,31,29,PEDESTRIAN_CROSSING,296,636,327,665
1277383413Image000038.jpg,27,26,PASS_RIGHT_SIDE,296,667,323,693
1277383413Image000038.jpg,8,18,PEDESTRIAN_CROSSING,882,639,890,657
1277383413Image000038.jpg,8,15,PEDESTRIAN_CROSSING,916,627,924,642
1277383413Image000038.jpg,39,34,GIVE_WAY,573,603,612,637
1277383413Image000038.jpg,25,25,OTHER,584,641,609,666
1277383413Image000038.jpg,27,27,PEDESTRIAN_CROSSING,583,639,610,666
1277383413Image000038.jpg,31,29,PEDESTRIAN_CROSSING,296,636,327,665
1277383413Image000038.jpg,27,26,PASS_RIGHT_SIDE,296,667,323,693
1277383413Image000038.jpg,8,18,PEDESTRIAN_CROSSING,882,639,890,657
1277383413Image000038.jpg,8,15,PEDESTRIAN_CROSSING,916,627,924,642
1277383413Image000038.jpg,39,34,GIVE_WAY,573,603,612,637
1277383413Image000038.jpg,25,25,OTHER,584,641,609,666
1277383413Image000038.jpg,27,27,PEDESTRIAN_CROSSING,583,639,610,666
1277383413Image000038.jpg,31,29,PEDESTRIAN_CROSSING,296,636,327,665
1277383413Image000038.jpg,27,26,PASS_RIGHT_SIDE,296,667,323,693
1277383413Image000038.jpg,8,18,PEDESTRIAN_CROSSING,882,639,890,657
1277383413Image000038.jpg,8,15,PEDESTRIAN_CROSSING,916,627,924,642
1277383413Image000038.jpg,39,34,GIVE_WAY,573,603,612,637
1277383413Image000038.jpg,25,25,OTHER,584,641,609,666
1277383413Image000038.jpg,27,27,PEDESTRIAN_CROSSING,583,639,610,666
1277383413Image000038.jpg,31,29,PEDESTRIAN_CROSSING,296,636,327,665
1277383413Image000038.jpg,27,26,PASS_RIGHT_SIDE,296,667,323,693
1277383413Image000038.jpg,8,18,PEDESTRIAN_CROSSING,882,639,890,657
1277383413Image000038.jpg,8,15,PEDESTRIAN_CROSSING,916,627,924,642
1277383413Image000038.jpg,39,34,GIVE_WAY,573,603,612,637
1277383413Image000038.jpg,25,25,OTHER,584,641,609,666
1277383413Image000038.jpg,27,27,PEDESTRIAN_CROSSING,583,639,610,666
1277383413Image000038.jpg,31,29,PEDESTRIAN_CROSSING,296,636,327,665
1277383413Image000038.jpg,27,26,PASS_RIGHT_SIDE,296,667,323,693
1277383413Image000038.jpg,8,18,PEDESTRIAN_CROSSING,882,639,890,657
1277383413Image000038.jpg,8,15,PEDESTRIAN_CROSSING,916,627,924,642
1277383413Image000038.jpg,39,34,GIVE_WAY,573,603,612,637
1277383413Image000038.jpg,25,25,OTHER,584,641,609,666
1277383413Image000038.jpg,27,27,PEDESTRIAN_CROSSING,583,639,610,666
1277383413Image000038.jpg,31,29,PEDESTRIAN_CROSSING,296,636,327,665
1277383413Image000038.jpg,27,26,PASS_RIGHT_SIDE,296,667,323,693
1277383413Image000038.jpg,8,18,PEDESTRIAN_CROSSING,882,639,890,657
1277383413Image000038.jpg,8,15,PEDESTRIAN_CROSSING,916,627,924,642
1277383413Image000038.jpg,39,34,GIVE_WAY,573,603,612,637
1277383413Image000038.jpg,25,25,OTHER,584,641,609,666
1277383413Image000038.jpg,27,27,PEDESTRIAN_CROSSING,583,639,610,666
1277383413Image000038.jpg,31,29,PEDESTRIAN_CROSSING,296,636,327,665
1277383413Image000038.jpg,27,26,PASS_RIGHT_SIDE,296,667,323,693
1277383413Image000038.jpg,8,18,PEDESTRIAN_CROSSING,882,639,890,657
1277383413Image000038.jpg,8,15,PEDESTRIAN_CROSSING,916,627,924,642
1277383413Image000038.jpg,39,34,GIVE_WAY,573,603,612,637
1277383413Image000038.jpg,25,25,OTHER,584,641,609,666
1277383413Image000038.jpg,27,27,PEDESTRIAN_CROSSING,583,639,610,666
1277383413Image000038.jpg,31,29,PEDESTRIAN_CROSSING,296,636,327,665
1277383413Image000038.jpg,27,26,PASS_RIGHT_SIDE,296,667,323,693
1277383413Image000038.jpg,8,18,PEDESTRIAN_CROSSING,882,639,890,657
1277383413Image000038.jpg,8,15,PEDESTRIAN_CROSSING,916,627,924,642
1277383422Image000001.jpg,114,103,GIVE_WAY,753,360,867,463
1277383422Image000001.jpg,85,85,OTHER,777,465,862,550
1277383422Image000001.jpg,64,63,PEDESTRIAN_CROSSING,703,518,767,581
1277383422Image000001.jpg,22,30,PEDESTRIAN_CROSSING,1081,590,1103,620
1277383422Image000001.jpg,12,20,PEDESTRIAN_CROSSING,1053,588,1065,608
1277383422Image000001.jpg,114,103,GIVE_WAY,753,360,867,463
1277383422Image000001.jpg,85,85,OTHER,777,465,862,550
1277383422Image000001.jpg,64,63,PEDESTRIAN_CROSSING,703,518,767,581
1277383422Image000001.jpg,22,30,PEDESTRIAN_CROSSING,1081,590,1103,620
1277383422Image000001.jpg,12,20,PEDESTRIAN_CROSSING,1053,588,1065,608
1277383422Image000001.jpg,114,103,GIVE_WAY,753,360,867,463
1277383422Image000001.jpg,85,85,OTHER,777,465,862,550
1277383422Image000001.jpg,64,63,PEDESTRIAN_CROSSING,703,518,767,581
1277383422Image000001.jpg,22,30,PEDESTRIAN_CROSSING,1081,590,1103,620
1277383422Image000001.jpg,12,20,PEDESTRIAN_CROSSING,1053,588,1065,608
1277383422Image000001.jpg,114,103,GIVE_WAY,753,360,867,463
1277383422Image000001.jpg,85,85,OTHER,777,465,862,550
1277383422Image000001.jpg,64,63,PEDESTRIAN_CROSSING,703,518,767,581
1277383422Image000001.jpg,22,30,PEDESTRIAN_CROSSING,1081,590,1103,620
1277383422Image000001.jpg,12,20,PEDESTRIAN_CROSSING,1053,588,1065,608
1277383422Image000001.jpg,114,103,GIVE_WAY,753,360,867,463
1277383422Image000001.jpg,85,85,OTHER,777,465,862,550
1277383422Image000001.jpg,64,63,PEDESTRIAN_CROSSING,703,518,767,581
1277383422Image000001.jpg,22,30,PEDESTRIAN_CROSSING,1081,590,1103,620
1277383422Image000001.jpg,12,20,PEDESTRIAN_CROSSING,1053,588,1065,608
1277383422Image000001.jpg,114,103,GIVE_WAY,753,360,867,463
1277383422Image000001.jpg,85,85,OTHER,777,465,862,550
1277383422Image000001.jpg,64,63,PEDESTRIAN_CROSSING,703,518,767,581
1277383422Image000001.jpg,22,30,PEDESTRIAN_CROSSING,1081,590,1103,620
1277383422Image000001.jpg,12,20,PEDESTRIAN_CROSSING,1053,588,1065,608
1277383422Image000006.jpg,121,111,GIVE_WAY,775,317,896,428
1277383422Image000006.jpg,96,92,OTHER,804,435,900,527
1277383422Image000006.jpg,79,68,PEDESTRIAN_CROSSING,712,497,791,565
1277383422Image000006.jpg,23,31,PEDESTRIAN_CROSSING,1093,580,1116,611
1277383422Image000006.jpg,18,23,PEDESTRIAN_CROSSING,1056,578,1074,601
1277383422Image000006.jpg,121,111,GIVE_WAY,775,317,896,428
1277383422Image000006.jpg,96,92,OTHER,804,435,900,527
1277383422Image000006.jpg,79,68,PEDESTRIAN_CROSSING,712,497,791,565
1277383422Image000006.jpg,23,31,PEDESTRIAN_CROSSING,1093,580,1116,611
1277383422Image000006.jpg,18,23,PEDESTRIAN_CROSSING,1056,578,1074,601
1277383422Image000006.jpg,121,111,GIVE_WAY,775,317,896,428
1277383422Image000006.jpg,96,92,OTHER,804,435,900,527
1277383422Image000006.jpg,79,68,PEDESTRIAN_CROSSING,712,497,791,565
1277383422Image000006.jpg,23,31,PEDESTRIAN_CROSSING,1093,580,1116,611
1277383422Image000006.jpg,18,23,PEDESTRIAN_CROSSING,1056,578,1074,601
1277383422Image000006.jpg,121,111,GIVE_WAY,775,317,896,428
1277383422Image000006.jpg,96,92,OTHER,804,435,900,527
1277383422Image000006.jpg,79,68,PEDESTRIAN_CROSSING,712,497,791,565
1277383422Image000006.jpg,23,31,PEDESTRIAN_CROSSING,1093,580,1116,611
1277383422Image000006.jpg,18,23,PEDESTRIAN_CROSSING,1056,578,1074,601
1277383422Image000006.jpg,121,111,GIVE_WAY,775,317,896,428
1277383422Image000006.jpg,96,92,OTHER,804,435,900,527
1277383422Image000006.jpg,79,68,PEDESTRIAN_CROSSING,712,497,791,565
1277383422Image000006.jpg,23,31,PEDESTRIAN_CROSSING,1093,580,1116,611
1277383422Image000006.jpg,18,23,PEDESTRIAN_CROSSING,1056,578,1074,601
1277383422Image000006.jpg,121,111,GIVE_WAY,775,317,896,428
1277383422Image000006.jpg,96,92,OTHER,804,435,900,527
1277383422Image000006.jpg,79,68,PEDESTRIAN_CROSSING,712,497,791,565
1277383422Image000006.jpg,23,31,PEDESTRIAN_CROSSING,1093,580,1116,611
1277383422Image000006.jpg,18,23,PEDESTRIAN_CROSSING,1056,578,1074,601
1277383422Image000011.jpg,137,122,GIVE_WAY,794,288,931,410
1277383422Image000011.jpg,100,100,OTHER,829,409,929,509
1277383422Image000011.jpg,71,72,PEDESTRIAN_CROSSING,727,484,798,556
1277383422Image000011.jpg,25,30,PEDESTRIAN_CROSSING,1102,578,1127,608
1277383422Image000011.jpg,23,23,PEDESTRIAN_CROSSING,1055,576,1078,599
1277383422Image000011.jpg,137,122,GIVE_WAY,794,288,931,410
1277383422Image000011.jpg,100,100,OTHER,829,409,929,509
1277383422Image000011.jpg,71,72,PEDESTRIAN_CROSSING,727,484,798,556
1277383422Image000011.jpg,25,30,PEDESTRIAN_CROSSING,1102,578,1127,608
1277383422Image000011.jpg,23,23,PEDESTRIAN_CROSSING,1055,576,1078,599
1277383422Image000011.jpg,137,122,GIVE_WAY,794,288,931,410
1277383422Image000011.jpg,100,100,OTHER,829,409,929,509
1277383422Image000011.jpg,71,72,PEDESTRIAN_CROSSING,727,484,798,556
1277383422Image000011.jpg,25,30,PEDESTRIAN_CROSSING,1102,578,1127,608
1277383422Image000011.jpg,23,23,PEDESTRIAN_CROSSING,1055,576,1078,599
1277383422Image000011.jpg,137,122,GIVE_WAY,794,288,931,410
1277383422Image000011.jpg,100,100,OTHER,829,409,929,509
1277383422Image000011.jpg,71,72,PEDESTRIAN_CROSSING,727,484,798,556
1277383422Image000011.jpg,25,30,PEDESTRIAN_CROSSING,1102,578,1127,608
1277383422Image000011.jpg,23,23,PEDESTRIAN_CROSSING,1055,576,1078,599
1277383422Image000011.jpg,137,122,GIVE_WAY,794,288,931,410
1277383422Image000011.jpg,100,100,OTHER,829,409,929,509
1277383422Image000011.jpg,71,72,PEDESTRIAN_CROSSING,727,484,798,556
1277383422Image000011.jpg,25,30,PEDESTRIAN_CROSSING,1102,578,1127,608
1277383422Image000011.jpg,23,23,PEDESTRIAN_CROSSING,1055,576,1078,599
1277383422Image000011.jpg,137,122,GIVE_WAY,794,288,931,410
1277383422Image000011.jpg,100,100,OTHER,829,409,929,509
1277383422Image000011.jpg,71,72,PEDESTRIAN_CROSSING,727,484,798,556
1277383422Image000011.jpg,25,30,PEDESTRIAN_CROSSING,1102,578,1127,608
1277383422Image000011.jpg,23,23,PEDESTRIAN_CROSSING,1055,576,1078,599
1277383425Image000001.jpg,165,151,GIVE_WAY,886,181,1051,332
1277383425Image000001.jpg,122,126,OTHER,926,335,1048,461
1277383425Image000001.jpg,93,84,PEDESTRIAN_CROSSING,764,446,857,530
1277383425Image000001.jpg,25,33,PEDESTRIAN_CROSSING,1135,572,1160,605
1277383425Image000001.jpg,20,22,PEDESTRIAN_CROSSING,1077,577,1097,599
1277383425Image000001.jpg,165,151,GIVE_WAY,886,181,1051,332
1277383425Image000001.jpg,122,126,OTHER,926,335,1048,461
1277383425Image000001.jpg,93,84,PEDESTRIAN_CROSSING,764,446,857,530
1277383425Image000001.jpg,25,33,PEDESTRIAN_CROSSING,1135,572,1160,605
1277383425Image000001.jpg,20,22,PEDESTRIAN_CROSSING,1077,577,1097,599
1277383425Image000001.jpg,165,151,GIVE_WAY,886,181,1051,332
1277383425Image000001.jpg,122,126,OTHER,926,335,1048,461
1277383425Image000001.jpg,93,84,PEDESTRIAN_CROSSING,764,446,857,530
1277383425Image000001.jpg,25,33,PEDESTRIAN_CROSSING,1135,572,1160,605
1277383425Image000001.jpg,20,22,PEDESTRIAN_CROSSING,1077,577,1097,599
1277383425Image000001.jpg,165,151,GIVE_WAY,886,181,1051,332
1277383425Image000001.jpg,122,126,OTHER,926,335,1048,461
1277383425Image000001.jpg,93,84,PEDESTRIAN_CROSSING,764,446,857,530
1277383425Image000001.jpg,25,33,PEDESTRIAN_CROSSING,1135,572,1160,605
1277383425Image000001.jpg,20,22,PEDESTRIAN_CROSSING,1077,577,1097,599
1277383425Image000001.jpg,165,151,GIVE_WAY,886,181,1051,332
1277383425Image000001.jpg,122,126,OTHER,926,335,1048,461
1277383425Image000001.jpg,93,84,PEDESTRIAN_CROSSING,764,446,857,530
1277383425Image000001.jpg,25,33,PEDESTRIAN_CROSSING,1135,572,1160,605
1277383425Image000001.jpg,20,22,PEDESTRIAN_CROSSING,1077,577,1097,599
1277383425Image000001.jpg,165,151,GIVE_WAY,886,181,1051,332
1277383425Image000001.jpg,122,126,OTHER,926,335,1048,461
1277383425Image000001.jpg,93,84,PEDESTRIAN_CROSSING,764,446,857,530
1277383425Image000001.jpg,25,33,PEDESTRIAN_CROSSING,1135,572,1160,605
1277383425Image000001.jpg,20,22,PEDESTRIAN_CROSSING,1077,577,1097,599
1277383425Image000006.jpg,159,150,GIVE_WAY,888,180,1047,330
1277383425Image000006.jpg,123,128,OTHER,926,331,1049,459
1277383425Image000006.jpg,90,88,PEDESTRIAN_CROSSING,767,446,857,534
1277383425Image000006.jpg,27,37,PEDESTRIAN_CROSSING,1134,571,1161,608
1277383425Image000006.jpg,20,26,PEDESTRIAN_CROSSING,1075,574,1095,600
1277383425Image000006.jpg,159,150,GIVE_WAY,888,180,1047,330
1277383425Image000006.jpg,123,128,OTHER,926,331,1049,459
1277383425Image000006.jpg,90,88,PEDESTRIAN_CROSSING,767,446,857,534
1277383425Image000006.jpg,27,37,PEDESTRIAN_CROSSING,1134,571,1161,608
1277383425Image000006.jpg,20,26,PEDESTRIAN_CROSSING,1075,574,1095,600
1277383425Image000006.jpg,159,150,GIVE_WAY,888,180,1047,330
1277383425Image000006.jpg,123,128,OTHER,926,331,1049,459
1277383425Image000006.jpg,90,88,PEDESTRIAN_CROSSING,767,446,857,534
1277383425Image000006.jpg,27,37,PEDESTRIAN_CROSSING,1134,571,1161,608
1277383425Image000006.jpg,20,26,PEDESTRIAN_CROSSING,1075,574,1095,600
1277383425Image000006.jpg,159,150,GIVE_WAY,888,180,1047,330
1277383425Image000006.jpg,123,128,OTHER,926,331,1049,459
1277383425Image000006.jpg,90,88,PEDESTRIAN_CROSSING,767,446,857,534
1277383425Image000006.jpg,27,37,PEDESTRIAN_CROSSING,1134,571,1161,608
1277383425Image000006.jpg,20,26,PEDESTRIAN_CROSSING,1075,574,1095,600
1277383425Image000006.jpg,159,150,GIVE_WAY,888,180,1047,330
1277383425Image000006.jpg,123,128,OTHER,926,331,1049,459
1277383425Image000006.jpg,90,88,PEDESTRIAN_CROSSING,767,446,857,534
1277383425Image000006.jpg,27,37,PEDESTRIAN_CROSSING,1134,571,1161,608
1277383425Image000006.jpg,20,26,PEDESTRIAN_CROSSING,1075,574,1095,600
1277383425Image000006.jpg,159,150,GIVE_WAY,888,180,1047,330
1277383425Image000006.jpg,123,128,OTHER,926,331,1049,459
1277383425Image000006.jpg,90,88,PEDESTRIAN_CROSSING,767,446,857,534
1277383425Image000006.jpg,27,37,PEDESTRIAN_CROSSING,1134,571,1161,608
1277383425Image000006.jpg,20,26,PEDESTRIAN_CROSSING,1075,574,1095,600
1277383437Image000001.jpg,31,31,PRIORITY_ROAD,653,543,684,574
1277383437Image000001.jpg,31,31,PRIORITY_ROAD,653,543,684,574
1277383437Image000006.jpg,33,33,PRIORITY_ROAD,921,526,954,559
1277383437Image000006.jpg,33,33,PRIORITY_ROAD,921,526,954,559
1277383437Image000011.jpg,37,39,PRIORITY_ROAD,1098,531,1135,570
1277383437Image000011.jpg,37,39,PRIORITY_ROAD,1098,531,1135,570
1277383437Image000016.jpg,39,44,PRIORITY_ROAD,1241,504,1280,548
1277383437Image000016.jpg,39,44,PRIORITY_ROAD,1241,504,1280,548
1277383453Image000001.jpg,40,41,OTHER,645,593,685,634
1277383453Image000001.jpg,29,28,OTHER,212,671,241,699
1277383453Image000001.jpg,12,10,PRIORITY_ROAD,704,652,716,662
1277383453Image000001.jpg,40,41,OTHER,645,593,685,634
1277383453Image000001.jpg,29,28,OTHER,212,671,241,699
1277383453Image000001.jpg,12,10,PRIORITY_ROAD,704,652,716,662
1277383453Image000001.jpg,40,41,OTHER,645,593,685,634
1277383453Image000001.jpg,29,28,OTHER,212,671,241,699
1277383453Image000001.jpg,12,10,PRIORITY_ROAD,704,652,716,662
1277383453Image000001.jpg,40,41,OTHER,645,593,685,634
1277383453Image000001.jpg,29,28,OTHER,212,671,241,699
1277383453Image000001.jpg,12,10,PRIORITY_ROAD,704,652,716,662
1277383453Image000006.jpg,44,43,OTHER,660,579,704,622
1277383453Image000006.jpg,27,31,OTHER,194,664,221,695
1277383453Image000006.jpg,15,17,PRIORITY_ROAD,702,644,717,661
1277383453Image000006.jpg,44,43,OTHER,660,579,704,622
1277383453Image000006.jpg,27,31,OTHER,194,664,221,695
1277383453Image000006.jpg,15,17,PRIORITY_ROAD,702,644,717,661
1277383453Image000006.jpg,44,43,OTHER,660,579,704,622
1277383453Image000006.jpg,27,31,OTHER,194,664,221,695
1277383453Image000006.jpg,15,17,PRIORITY_ROAD,702,644,717,661
1277383453Image000006.jpg,44,43,OTHER,660,579,704,622
1277383453Image000006.jpg,27,31,OTHER,194,664,221,695
1277383453Image000006.jpg,15,17,PRIORITY_ROAD,702,644,717,661
1277383453Image000011.jpg,46,48,OTHER,668,564,714,612
1277383453Image000011.jpg,27,27,OTHER,173,665,200,692
1277383453Image000011.jpg,14,13,PRIORITY_ROAD,700,643,714,656
1277383453Image000011.jpg,46,48,OTHER,668,564,714,612
1277383453Image000011.jpg,27,27,OTHER,173,665,200,692
1277383453Image000011.jpg,14,13,PRIORITY_ROAD,700,643,714,656
1277383453Image000011.jpg,46,48,OTHER,668,564,714,612
1277383453Image000011.jpg,27,27,OTHER,173,665,200,692
1277383453Image000011.jpg,14,13,PRIORITY_ROAD,700,643,714,656
1277383453Image000011.jpg,46,48,OTHER,668,564,714,612
1277383453Image000011.jpg,27,27,OTHER,173,665,200,692
1277383453Image000011.jpg,14,13,PRIORITY_ROAD,700,643,714,656
1277383467Image000001.jpg,83,84,OTHER,897,457,980,541
1277383467Image000001.jpg,39,38,OTHER,92,671,131,709
1277383467Image000001.jpg,13,14,PRIORITY_ROAD,752,656,765,670
1277383467Image000001.jpg,83,84,OTHER,897,457,980,541
1277383467Image000001.jpg,39,38,OTHER,92,671,131,709
1277383467Image000001.jpg,13,14,PRIORITY_ROAD,752,656,765,670
1277383467Image000001.jpg,83,84,OTHER,897,457,980,541
1277383467Image000001.jpg,39,38,OTHER,92,671,131,709
1277383467Image000001.jpg,13,14,PRIORITY_ROAD,752,656,765,670
1277383467Image000001.jpg,83,84,OTHER,897,457,980,541
1277383467Image000001.jpg,39,38,OTHER,92,671,131,709
1277383467Image000001.jpg,13,14,PRIORITY_ROAD,752,656,765,670
1277383467Image000006.jpg,94,91,OTHER,964,419,1058,510
1277383467Image000006.jpg,39,39,OTHER,88,664,127,703
1277383467Image000006.jpg,14,14,PRIORITY_ROAD,766,652,780,666
1277383467Image000006.jpg,94,91,OTHER,964,419,1058,510
1277383467Image000006.jpg,39,39,OTHER,88,664,127,703
1277383467Image000006.jpg,14,14,PRIORITY_ROAD,766,652,780,666
1277383467Image000006.jpg,94,91,OTHER,964,419,1058,510
1277383467Image000006.jpg,39,39,OTHER,88,664,127,703
1277383467Image000006.jpg,14,14,PRIORITY_ROAD,766,652,780,666
1277383467Image000006.jpg,94,91,OTHER,964,419,1058,510
1277383467Image000006.jpg,39,39,OTHER,88,664,127,703
1277383467Image000006.jpg,14,14,PRIORITY_ROAD,766,652,780,666
1277383467Image000011.jpg,103,109,OTHER,1059,359,1162,468
1277383467Image000011.jpg,40,42,OTHER,79,655,119,697
1277383467Image000011.jpg,13,14,PRIORITY_ROAD,783,644,796,658
1277383467Image000011.jpg,9,9,PASS_RIGHT_SIDE,757,656,766,665
1277383467Image000011.jpg,103,109,OTHER,1059,359,1162,468
1277383467Image000011.jpg,40,42,OTHER,79,655,119,697
1277383467Image000011.jpg,13,14,PRIORITY_ROAD,783,644,796,658
1277383467Image000011.jpg,9,9,PASS_RIGHT_SIDE,757,656,766,665
1277383467Image000011.jpg,103,109,OTHER,1059,359,1162,468
1277383467Image000011.jpg,40,42,OTHER,79,655,119,697
1277383467Image000011.jpg,13,14,PRIORITY_ROAD,783,644,796,658
1277383467Image000011.jpg,9,9,PASS_RIGHT_SIDE,757,656,766,665
1277383467Image000011.jpg,103,109,OTHER,1059,359,1162,468
1277383467Image000011.jpg,40,42,OTHER,79,655,119,697
1277383467Image000011.jpg,13,14,PRIORITY_ROAD,783,644,796,658
1277383467Image000011.jpg,9,9,PASS_RIGHT_SIDE,757,656,766,665
1277383467Image000011.jpg,103,109,OTHER,1059,359,1162,468
1277383467Image000011.jpg,40,42,OTHER,79,655,119,697
1277383467Image000011.jpg,13,14,PRIORITY_ROAD,783,644,796,658
1277383467Image000011.jpg,9,9,PASS_RIGHT_SIDE,757,656,766,665
1277383473Image000004.jpg,39,37,PRIORITY_ROAD,663,597,702,634
1277383473Image000004.jpg,39,37,PRIORITY_ROAD,663,597,702,634
1277383473Image000009.jpg,43,43,PRIORITY_ROAD,683,578,726,621
1277383473Image000009.jpg,43,43,PRIORITY_ROAD,683,578,726,621
1277383473Image000014.jpg,58,56,PRIORITY_ROAD,745,538,803,594
1277383473Image000014.jpg,58,56,PRIORITY_ROAD,745,538,803,594
1277383473Image000019.jpg,69,66,PRIORITY_ROAD,815,488,884,554
1277383473Image000019.jpg,69,66,PRIORITY_ROAD,815,488,884,554
1277383473Image000024.jpg,87,92,PRIORITY_ROAD,949,394,1036,486
1277383473Image000024.jpg,87,92,PRIORITY_ROAD,949,394,1036,486
1277383482Image000003.jpg,8,11,PASS_EITHER_SIDE,661,728,669,739
1277383482Image000003.jpg,10,12,PEDESTRIAN_CROSSING,791,706,801,718
1277383482Image000003.jpg,8,11,PASS_EITHER_SIDE,661,728,669,739
1277383482Image000003.jpg,10,12,PEDESTRIAN_CROSSING,791,706,801,718
1277383482Image000003.jpg,8,11,PASS_EITHER_SIDE,661,728,669,739
1277383482Image000003.jpg,10,12,PEDESTRIAN_CROSSING,791,706,801,718
1277383482Image000008.jpg,12,10,PEDESTRIAN_CROSSING,791,710,803,720
1277383482Image000008.jpg,12,10,PEDESTRIAN_CROSSING,791,710,803,720
1277383482Image000013.jpg,9,9,PEDESTRIAN_CROSSING,786,709,795,718
1277383482Image000013.jpg,9,9,PEDESTRIAN_CROSSING,786,709,795,718
1277383482Image000018.jpg,11,13,PEDESTRIAN_CROSSING,772,705,783,718
1277383482Image000018.jpg,11,13,PEDESTRIAN_CROSSING,772,705,783,718
1277383482Image000028.jpg,13,10,PEDESTRIAN_CROSSING,761,718,774,728
1277383482Image000028.jpg,13,10,PEDESTRIAN_CROSSING,761,718,774,728
1277383482Image000033.jpg,13,13,PEDESTRIAN_CROSSING,765,723,778,736
1277383482Image000033.jpg,13,13,PEDESTRIAN_CROSSING,765,723,778,736
1277383490Image000002.jpg,22,24,PASS_EITHER_SIDE,463,727,485,751
1277383490Image000002.jpg,15,17,PASS_RIGHT_SIDE,442,725,457,742
1277383490Image000002.jpg,24,24,PEDESTRIAN_CROSSING,860,670,884,694
1277383490Image000002.jpg,21,20,PEDESTRIAN_CROSSING,1004,665,1025,685
1277383490Image000002.jpg,18,22,GIVE_WAY,1010,690,1028,712
1277383490Image000002.jpg,12,11,PRIORITY_ROAD,915,721,927,732
1277383490Image000002.jpg,22,24,PASS_EITHER_SIDE,463,727,485,751
1277383490Image000002.jpg,15,17,PASS_RIGHT_SIDE,442,725,457,742
1277383490Image000002.jpg,24,24,PEDESTRIAN_CROSSING,860,670,884,694
1277383490Image000002.jpg,21,20,PEDESTRIAN_CROSSING,1004,665,1025,685
1277383490Image000002.jpg,18,22,GIVE_WAY,1010,690,1028,712
1277383490Image000002.jpg,12,11,PRIORITY_ROAD,915,721,927,732
1277383490Image000002.jpg,22,24,PASS_EITHER_SIDE,463,727,485,751
1277383490Image000002.jpg,15,17,PASS_RIGHT_SIDE,442,725,457,742
1277383490Image000002.jpg,24,24,PEDESTRIAN_CROSSING,860,670,884,694
1277383490Image000002.jpg,21,20,PEDESTRIAN_CROSSING,1004,665,1025,685
1277383490Image000002.jpg,18,22,GIVE_WAY,1010,690,1028,712
1277383490Image000002.jpg,12,11,PRIORITY_ROAD,915,721,927,732
1277383490Image000002.jpg,22,24,PASS_EITHER_SIDE,463,727,485,751
1277383490Image000002.jpg,15,17,PASS_RIGHT_SIDE,442,725,457,742
1277383490Image000002.jpg,24,24,PEDESTRIAN_CROSSING,860,670,884,694
1277383490Image000002.jpg,21,20,PEDESTRIAN_CROSSING,1004,665,1025,685
1277383490Image000002.jpg,18,22,GIVE_WAY,1010,690,1028,712
1277383490Image000002.jpg,12,11,PRIORITY_ROAD,915,721,927,732
1277383490Image000002.jpg,22,24,PASS_EITHER_SIDE,463,727,485,751
1277383490Image000002.jpg,15,17,PASS_RIGHT_SIDE,442,725,457,742
1277383490Image000002.jpg,24,24,PEDESTRIAN_CROSSING,860,670,884,694
1277383490Image000002.jpg,21,20,PEDESTRIAN_CROSSING,1004,665,1025,685
1277383490Image000002.jpg,18,22,GIVE_WAY,1010,690,1028,712
1277383490Image000002.jpg,12,11,PRIORITY_ROAD,915,721,927,732
1277383490Image000002.jpg,22,24,PASS_EITHER_SIDE,463,727,485,751
1277383490Image000002.jpg,15,17,PASS_RIGHT_SIDE,442,725,457,742
1277383490Image000002.jpg,24,24,PEDESTRIAN_CROSSING,860,670,884,694
1277383490Image000002.jpg,21,20,PEDESTRIAN_CROSSING,1004,665,1025,685
1277383490Image000002.jpg,18,22,GIVE_WAY,1010,690,1028,712
1277383490Image000002.jpg,12,11,PRIORITY_ROAD,915,721,927,732
1277383490Image000002.jpg,22,24,PASS_EITHER_SIDE,463,727,485,751
1277383490Image000002.jpg,15,17,PASS_RIGHT_SIDE,442,725,457,742
1277383490Image000002.jpg,24,24,PEDESTRIAN_CROSSING,860,670,884,694
1277383490Image000002.jpg,21,20,PEDESTRIAN_CROSSING,1004,665,1025,685
1277383490Image000002.jpg,18,22,GIVE_WAY,1010,690,1028,712
1277383490Image000002.jpg,12,11,PRIORITY_ROAD,915,721,927,732
1277383490Image000007.jpg,25,25,PEDESTRIAN_CROSSING,868,671,893,696
1277383490Image000007.jpg,25,26,PASS_EITHER_SIDE,432,729,457,755
1277383490Image000007.jpg,15,18,PASS_RIGHT_SIDE,411,728,426,746
1277383490Image000007.jpg,11,12,PRIORITY_ROAD,905,725,916,737
1277383490Image000007.jpg,23,21,PEDESTRIAN_CROSSING,1017,667,1040,688
1277383490Image000007.jpg,26,25,GIVE_WAY,1018,691,1044,716
1277383490Image000007.jpg,25,25,PEDESTRIAN_CROSSING,868,671,893,696
1277383490Image000007.jpg,25,26,PASS_EITHER_SIDE,432,729,457,755
1277383490Image000007.jpg,15,18,PASS_RIGHT_SIDE,411,728,426,746
1277383490Image000007.jpg,11,12,PRIORITY_ROAD,905,725,916,737
1277383490Image000007.jpg,23,21,PEDESTRIAN_CROSSING,1017,667,1040,688
1277383490Image000007.jpg,26,25,GIVE_WAY,1018,691,1044,716
1277383490Image000007.jpg,25,25,PEDESTRIAN_CROSSING,868,671,893,696
1277383490Image000007.jpg,25,26,PASS_EITHER_SIDE,432,729,457,755
1277383490Image000007.jpg,15,18,PASS_RIGHT_SIDE,411,728,426,746
1277383490Image000007.jpg,11,12,PRIORITY_ROAD,905,725,916,737
1277383490Image000007.jpg,23,21,PEDESTRIAN_CROSSING,1017,667,1040,688
1277383490Image000007.jpg,26,25,GIVE_WAY,1018,691,1044,716
1277383490Image000007.jpg,25,25,PEDESTRIAN_CROSSING,868,671,893,696
1277383490Image000007.jpg,25,26,PASS_EITHER_SIDE,432,729,457,755
1277383490Image000007.jpg,15,18,PASS_RIGHT_SIDE,411,728,426,746
1277383490Image000007.jpg,11,12,PRIORITY_ROAD,905,725,916,737
1277383490Image000007.jpg,23,21,PEDESTRIAN_CROSSING,1017,667,1040,688
1277383490Image000007.jpg,26,25,GIVE_WAY,1018,691,1044,716
1277383490Image000007.jpg,25,25,PEDESTRIAN_CROSSING,868,671,893,696
1277383490Image000007.jpg,25,26,PASS_EITHER_SIDE,432,729,457,755
1277383490Image000007.jpg,15,18,PASS_RIGHT_SIDE,411,728,426,746
1277383490Image000007.jpg,11,12,PRIORITY_ROAD,905,725,916,737
1277383490Image000007.jpg,23,21,PEDESTRIAN_CROSSING,1017,667,1040,688
1277383490Image000007.jpg,26,25,GIVE_WAY,1018,691,1044,716
1277383490Image000007.jpg,25,25,PEDESTRIAN_CROSSING,868,671,893,696
1277383490Image000007.jpg,25,26,PASS_EITHER_SIDE,432,729,457,755
1277383490Image000007.jpg,15,18,PASS_RIGHT_SIDE,411,728,426,746
1277383490Image000007.jpg,11,12,PRIORITY_ROAD,905,725,916,737
1277383490Image000007.jpg,23,21,PEDESTRIAN_CROSSING,1017,667,1040,688
1277383490Image000007.jpg,26,25,GIVE_WAY,1018,691,1044,716
1277383490Image000007.jpg,25,25,PEDESTRIAN_CROSSING,868,671,893,696
1277383490Image000007.jpg,25,26,PASS_EITHER_SIDE,432,729,457,755
1277383490Image000007.jpg,15,18,PASS_RIGHT_SIDE,411,728,426,746
1277383490Image000007.jpg,11,12,PRIORITY_ROAD,905,725,916,737
1277383490Image000007.jpg,23,21,PEDESTRIAN_CROSSING,1017,667,1040,688
1277383490Image000007.jpg,26,25,GIVE_WAY,1018,691,1044,716
1277383490Image000012.jpg,27,27,PASS_EITHER_SIDE,400,723,427,750
1277383490Image000012.jpg,17,21,PASS_RIGHT_SIDE,376,721,393,742
1277383490Image000012.jpg,31,29,PEDESTRIAN_CROSSING,885,657,916,686
1277383490Image000012.jpg,26,27,PEDESTRIAN_CROSSING,1040,653,1066,680
1277383490Image000012.jpg,27,25,GIVE_WAY,1041,685,1068,710
1277383490Image000012.jpg,13,14,PRIORITY_ROAD,901,720,914,734
1277383490Image000012.jpg,27,27,PASS_EITHER_SIDE,400,723,427,750
1277383490Image000012.jpg,17,21,PASS_RIGHT_SIDE,376,721,393,742
1277383490Image000012.jpg,31,29,PEDESTRIAN_CROSSING,885,657,916,686
1277383490Image000012.jpg,26,27,PEDESTRIAN_CROSSING,1040,653,1066,680
1277383490Image000012.jpg,27,25,GIVE_WAY,1041,685,1068,710
1277383490Image000012.jpg,13,14,PRIORITY_ROAD,901,720,914,734
1277383490Image000012.jpg,27,27,PASS_EITHER_SIDE,400,723,427,750
1277383490Image000012.jpg,17,21,PASS_RIGHT_SIDE,376,721,393,742
1277383490Image000012.jpg,31,29,PEDESTRIAN_CROSSING,885,657,916,686
1277383490Image000012.jpg,26,27,PEDESTRIAN_CROSSING,1040,653,1066,680
1277383490Image000012.jpg,27,25,GIVE_WAY,1041,685,1068,710
1277383490Image000012.jpg,13,14,PRIORITY_ROAD,901,720,914,734
1277383490Image000012.jpg,27,27,PASS_EITHER_SIDE,400,723,427,750
1277383490Image000012.jpg,17,21,PASS_RIGHT_SIDE,376,721,393,742
1277383490Image000012.jpg,31,29,PEDESTRIAN_CROSSING,885,657,916,686
1277383490Image000012.jpg,26,27,PEDESTRIAN_CROSSING,1040,653,1066,680
1277383490Image000012.jpg,27,25,GIVE_WAY,1041,685,1068,710
1277383490Image000012.jpg,13,14,PRIORITY_ROAD,901,720,914,734
1277383490Image000012.jpg,27,27,PASS_EITHER_SIDE,400,723,427,750
1277383490Image000012.jpg,17,21,PASS_RIGHT_SIDE,376,721,393,742
1277383490Image000012.jpg,31,29,PEDESTRIAN_CROSSING,885,657,916,686
1277383490Image000012.jpg,26,27,PEDESTRIAN_CROSSING,1040,653,1066,680
1277383490Image000012.jpg,27,25,GIVE_WAY,1041,685,1068,710
1277383490Image000012.jpg,13,14,PRIORITY_ROAD,901,720,914,734
1277383490Image000012.jpg,27,27,PASS_EITHER_SIDE,400,723,427,750
1277383490Image000012.jpg,17,21,PASS_RIGHT_SIDE,376,721,393,742
1277383490Image000012.jpg,31,29,PEDESTRIAN_CROSSING,885,657,916,686
1277383490Image000012.jpg,26,27,PEDESTRIAN_CROSSING,1040,653,1066,680
1277383490Image000012.jpg,27,25,GIVE_WAY,1041,685,1068,710
1277383490Image000012.jpg,13,14,PRIORITY_ROAD,901,720,914,734
1277383490Image000012.jpg,27,27,PASS_EITHER_SIDE,400,723,427,750
1277383490Image000012.jpg,17,21,PASS_RIGHT_SIDE,376,721,393,742
1277383490Image000012.jpg,31,29,PEDESTRIAN_CROSSING,885,657,916,686
1277383490Image000012.jpg,26,27,PEDESTRIAN_CROSSING,1040,653,1066,680
1277383490Image000012.jpg,27,25,GIVE_WAY,1041,685,1068,710
1277383490Image000012.jpg,13,14,PRIORITY_ROAD,901,720,914,734
1277383490Image000017.jpg,29,31,PASS_EITHER_SIDE,368,710,397,741
1277383490Image000017.jpg,17,23,PASS_RIGHT_SIDE,343,707,360,730
1277383490Image000017.jpg,13,13,PRIORITY_ROAD,900,710,913,723
1277383490Image000017.jpg,27,30,PEDESTRIAN_CROSSING,1078,632,1105,662
1277383490Image000017.jpg,30,31,GIVE_WAY,1079,666,1109,697
1277383490Image000017.jpg,29,31,PASS_EITHER_SIDE,368,710,397,741
1277383490Image000017.jpg,17,23,PASS_RIGHT_SIDE,343,707,360,730
1277383490Image000017.jpg,13,13,PRIORITY_ROAD,900,710,913,723
1277383490Image000017.jpg,27,30,PEDESTRIAN_CROSSING,1078,632,1105,662
1277383490Image000017.jpg,30,31,GIVE_WAY,1079,666,1109,697
1277383490Image000017.jpg,29,31,PASS_EITHER_SIDE,368,710,397,741
1277383490Image000017.jpg,17,23,PASS_RIGHT_SIDE,343,707,360,730
1277383490Image000017.jpg,13,13,PRIORITY_ROAD,900,710,913,723
1277383490Image000017.jpg,27,30,PEDESTRIAN_CROSSING,1078,632,1105,662
1277383490Image000017.jpg,30,31,GIVE_WAY,1079,666,1109,697
1277383490Image000017.jpg,29,31,PASS_EITHER_SIDE,368,710,397,741
1277383490Image000017.jpg,17,23,PASS_RIGHT_SIDE,343,707,360,730
1277383490Image000017.jpg,13,13,PRIORITY_ROAD,900,710,913,723
1277383490Image000017.jpg,27,30,PEDESTRIAN_CROSSING,1078,632,1105,662
1277383490Image000017.jpg,30,31,GIVE_WAY,1079,666,1109,697
1277383490Image000017.jpg,29,31,PASS_EITHER_SIDE,368,710,397,741
1277383490Image000017.jpg,17,23,PASS_RIGHT_SIDE,343,707,360,730
1277383490Image000017.jpg,13,13,PRIORITY_ROAD,900,710,913,723
1277383490Image000017.jpg,27,30,PEDESTRIAN_CROSSING,1078,632,1105,662
1277383490Image000017.jpg,30,31,GIVE_WAY,1079,666,1109,697
1277383490Image000017.jpg,29,31,PASS_EITHER_SIDE,368,710,397,741
1277383490Image000017.jpg,17,23,PASS_RIGHT_SIDE,343,707,360,730
1277383490Image000017.jpg,13,13,PRIORITY_ROAD,900,710,913,723
1277383490Image000017.jpg,27,30,PEDESTRIAN_CROSSING,1078,632,1105,662
1277383490Image000017.jpg,30,31,GIVE_WAY,1079,666,1109,697
1277383490Image000022.jpg,35,35,PASS_EITHER_SIDE,325,700,360,735
1277383490Image000022.jpg,20,26,PASS_RIGHT_SIDE,299,699,319,725
1277383490Image000022.jpg,36,41,PEDESTRIAN_CROSSING,990,607,1026,648
1277383490Image000022.jpg,33,35,PEDESTRIAN_CROSSING,1151,609,1184,644
1277383490Image000022.jpg,33,34,GIVE_WAY,1153,648,1186,682
1277383490Image000022.jpg,15,16,PRIORITY_ROAD,909,699,924,715
1277383490Image000022.jpg,35,35,PASS_EITHER_SIDE,325,700,360,735
1277383490Image000022.jpg,20,26,PASS_RIGHT_SIDE,299,699,319,725
1277383490Image000022.jpg,36,41,PEDESTRIAN_CROSSING,990,607,1026,648
1277383490Image000022.jpg,33,35,PEDESTRIAN_CROSSING,1151,609,1184,644
1277383490Image000022.jpg,33,34,GIVE_WAY,1153,648,1186,682
1277383490Image000022.jpg,15,16,PRIORITY_ROAD,909,699,924,715
1277383490Image000022.jpg,35,35,PASS_EITHER_SIDE,325,700,360,735
1277383490Image000022.jpg,20,26,PASS_RIGHT_SIDE,299,699,319,725
1277383490Image000022.jpg,36,41,PEDESTRIAN_CROSSING,990,607,1026,648
1277383490Image000022.jpg,33,35,PEDESTRIAN_CROSSING,1151,609,1184,644
1277383490Image000022.jpg,33,34,GIVE_WAY,1153,648,1186,682
1277383490Image000022.jpg,15,16,PRIORITY_ROAD,909,699,924,715
1277383490Image000022.jpg,35,35,PASS_EITHER_SIDE,325,700,360,735
1277383490Image000022.jpg,20,26,PASS_RIGHT_SIDE,299,699,319,725
1277383490Image000022.jpg,36,41,PEDESTRIAN_CROSSING,990,607,1026,648
1277383490Image000022.jpg,33,35,PEDESTRIAN_CROSSING,1151,609,1184,644
1277383490Image000022.jpg,33,34,GIVE_WAY,1153,648,1186,682
1277383490Image000022.jpg,15,16,PRIORITY_ROAD,909,699,924,715
1277383490Image000022.jpg,35,35,PASS_EITHER_SIDE,325,700,360,735
1277383490Image000022.jpg,20,26,PASS_RIGHT_SIDE,299,699,319,725
1277383490Image000022.jpg,36,41,PEDESTRIAN_CROSSING,990,607,1026,648
1277383490Image000022.jpg,33,35,PEDESTRIAN_CROSSING,1151,609,1184,644
1277383490Image000022.jpg,33,34,GIVE_WAY,1153,648,1186,682
1277383490Image000022.jpg,15,16,PRIORITY_ROAD,909,699,924,715
1277383490Image000022.jpg,35,35,PASS_EITHER_SIDE,325,700,360,735
1277383490Image000022.jpg,20,26,PASS_RIGHT_SIDE,299,699,319,725
1277383490Image000022.jpg,36,41,PEDESTRIAN_CROSSING,990,607,1026,648
1277383490Image000022.jpg,33,35,PEDESTRIAN_CROSSING,1151,609,1184,644
1277383490Image000022.jpg,33,34,GIVE_WAY,1153,648,1186,682
1277383490Image000022.jpg,15,16,PRIORITY_ROAD,909,699,924,715
1277383490Image000022.jpg,35,35,PASS_EITHER_SIDE,325,700,360,735
1277383490Image000022.jpg,20,26,PASS_RIGHT_SIDE,299,699,319,725
1277383490Image000022.jpg,36,41,PEDESTRIAN_CROSSING,990,607,1026,648
1277383490Image000022.jpg,33,35,PEDESTRIAN_CROSSING,1151,609,1184,644
1277383490Image000022.jpg,33,34,GIVE_WAY,1153,648,1186,682
1277383490Image000022.jpg,15,16,PRIORITY_ROAD,909,699,924,715
1277383490Image000027.jpg,40,39,PASS_EITHER_SIDE,290,694,330,733
1277383490Image000027.jpg,20,28,PASS_RIGHT_SIDE,263,694,283,722
1277383490Image000027.jpg,44,47,PEDESTRIAN_CROSSING,1070,580,1114,627
1277383490Image000027.jpg,31,36,PEDESTRIAN_CROSSING,1237,589,1268,625
1277383490Image000027.jpg,33,32,GIVE_WAY,1241,635,1274,667
1277383490Image000027.jpg,20,17,PRIORITY_ROAD,918,693,938,710
1277383490Image000027.jpg,40,39,PASS_EITHER_SIDE,290,694,330,733
1277383490Image000027.jpg,20,28,PASS_RIGHT_SIDE,263,694,283,722
1277383490Image000027.jpg,44,47,PEDESTRIAN_CROSSING,1070,580,1114,627
1277383490Image000027.jpg,31,36,PEDESTRIAN_CROSSING,1237,589,1268,625
1277383490Image000027.jpg,33,32,GIVE_WAY,1241,635,1274,667
1277383490Image000027.jpg,20,17,PRIORITY_ROAD,918,693,938,710
1277383490Image000027.jpg,40,39,PASS_EITHER_SIDE,290,694,330,733
1277383490Image000027.jpg,20,28,PASS_RIGHT_SIDE,263,694,283,722
1277383490Image000027.jpg,44,47,PEDESTRIAN_CROSSING,1070,580,1114,627
1277383490Image000027.jpg,31,36,PEDESTRIAN_CROSSING,1237,589,1268,625
1277383490Image000027.jpg,33,32,GIVE_WAY,1241,635,1274,667
1277383490Image000027.jpg,20,17,PRIORITY_ROAD,918,693,938,710
1277383490Image000027.jpg,40,39,PASS_EITHER_SIDE,290,694,330,733
1277383490Image000027.jpg,20,28,PASS_RIGHT_SIDE,263,694,283,722
1277383490Image000027.jpg,44,47,PEDESTRIAN_CROSSING,1070,580,1114,627
1277383490Image000027.jpg,31,36,PEDESTRIAN_CROSSING,1237,589,1268,625
1277383490Image000027.jpg,33,32,GIVE_WAY,1241,635,1274,667
1277383490Image000027.jpg,20,17,PRIORITY_ROAD,918,693,938,710
1277383490Image000027.jpg,40,39,PASS_EITHER_SIDE,290,694,330,733
1277383490Image000027.jpg,20,28,PASS_RIGHT_SIDE,263,694,283,722
1277383490Image000027.jpg,44,47,PEDESTRIAN_CROSSING,1070,580,1114,627
1277383490Image000027.jpg,31,36,PEDESTRIAN_CROSSING,1237,589,1268,625
1277383490Image000027.jpg,33,32,GIVE_WAY,1241,635,1274,667
1277383490Image000027.jpg,20,17,PRIORITY_ROAD,918,693,938,710
1277383490Image000027.jpg,40,39,PASS_EITHER_SIDE,290,694,330,733
1277383490Image000027.jpg,20,28,PASS_RIGHT_SIDE,263,694,283,722
1277383490Image000027.jpg,44,47,PEDESTRIAN_CROSSING,1070,580,1114,627
1277383490Image000027.jpg,31,36,PEDESTRIAN_CROSSING,1237,589,1268,625
1277383490Image000027.jpg,33,32,GIVE_WAY,1241,635,1274,667
1277383490Image000027.jpg,20,17,PRIORITY_ROAD,918,693,938,710
1277383490Image000027.jpg,40,39,PASS_EITHER_SIDE,290,694,330,733
1277383490Image000027.jpg,20,28,PASS_RIGHT_SIDE,263,694,283,722
1277383490Image000027.jpg,44,47,PEDESTRIAN_CROSSING,1070,580,1114,627
1277383490Image000027.jpg,31,36,PEDESTRIAN_CROSSING,1237,589,1268,625
1277383490Image000027.jpg,33,32,GIVE_WAY,1241,635,1274,667
1277383490Image000027.jpg,20,17,PRIORITY_ROAD,918,693,938,710
1277383533Image000001.jpg,46,47,PASS_RIGHT_SIDE,494,655,540,702
1277383533Image000001.jpg,21,21,PRIORITY_ROAD,800,670,821,691
1277383533Image000001.jpg,46,47,PASS_RIGHT_SIDE,494,655,540,702
1277383533Image000001.jpg,21,21,PRIORITY_ROAD,800,670,821,691
1277383533Image000006.jpg,52,53,PASS_RIGHT_SIDE,616,646,668,699
1277383533Image000006.jpg,22,21,PRIORITY_ROAD,925,666,947,687
1277383533Image000006.jpg,52,53,PASS_RIGHT_SIDE,616,646,668,699
1277383533Image000006.jpg,22,21,PRIORITY_ROAD,925,666,947,687
1277383537Image000001.jpg,49,68,GIVE_WAY,446,584,495,652
1277383537Image000006.jpg,57,79,GIVE_WAY,788,624,845,703
1277383542Image000001.jpg,36,37,70_SIGN,168,641,204,678
1277383542Image000001.jpg,36,37,70_SIGN,168,641,204,678
1277383542Image000006.jpg,44,42,70_SIGN,305,602,349,644
1277383542Image000006.jpg,44,42,70_SIGN,305,602,349,644
1277383542Image000011.jpg,55,54,70_SIGN,498,569,553,623
1277383542Image000011.jpg,55,54,70_SIGN,498,569,553,623
1277383542Image000021.jpg,97,99,70_SIGN,1048,407,1145,506
1277383542Image000021.jpg,97,99,70_SIGN,1048,407,1145,506
1277383654Image000002.jpg,10,10,50_SIGN,685,705,695,715
1277383654Image000002.jpg,30,27,OTHER,494,716,524,743
1277383654Image000002.jpg,20,19,OTHER,255,734,275,753
1277383654Image000002.jpg,10,10,50_SIGN,685,705,695,715
1277383654Image000002.jpg,30,27,OTHER,494,716,524,743
1277383654Image000002.jpg,20,19,OTHER,255,734,275,753
1277383654Image000002.jpg,10,10,50_SIGN,685,705,695,715
1277383654Image000002.jpg,30,27,OTHER,494,716,524,743
1277383654Image000002.jpg,20,19,OTHER,255,734,275,753
1277383654Image000002.jpg,10,10,50_SIGN,685,705,695,715
1277383654Image000002.jpg,30,27,OTHER,494,716,524,743
1277383654Image000002.jpg,20,19,OTHER,255,734,275,753
1277383654Image000007.jpg,11,11,50_SIGN,694,702,705,713
1277383654Image000007.jpg,34,31,OTHER,500,715,534,746
1277383654Image000007.jpg,24,21,OTHER,228,735,252,756
1277383654Image000007.jpg,11,11,50_SIGN,694,702,705,713
1277383654Image000007.jpg,34,31,OTHER,500,715,534,746
1277383654Image000007.jpg,24,21,OTHER,228,735,252,756
1277383654Image000007.jpg,11,11,50_SIGN,694,702,705,713
1277383654Image000007.jpg,34,31,OTHER,500,715,534,746
1277383654Image000007.jpg,24,21,OTHER,228,735,252,756
1277383654Image000007.jpg,11,11,50_SIGN,694,702,705,713
1277383654Image000007.jpg,34,31,OTHER,500,715,534,746
1277383654Image000007.jpg,24,21,OTHER,228,735,252,756
1277383654Image000012.jpg,12,11,50_SIGN,705,697,717,708
1277383654Image000012.jpg,38,32,OTHER,508,708,546,740
1277383654Image000012.jpg,29,25,OTHER,198,729,227,754
1277383654Image000012.jpg,12,11,50_SIGN,705,697,717,708
1277383654Image000012.jpg,38,32,OTHER,508,708,546,740
1277383654Image000012.jpg,29,25,OTHER,198,729,227,754
1277383654Image000012.jpg,12,11,50_SIGN,705,697,717,708
1277383654Image000012.jpg,38,32,OTHER,508,708,546,740
1277383654Image000012.jpg,29,25,OTHER,198,729,227,754
1277383654Image000012.jpg,12,11,50_SIGN,705,697,717,708
1277383654Image000012.jpg,38,32,OTHER,508,708,546,740
1277383654Image000012.jpg,29,25,OTHER,198,729,227,754
1277383654Image000017.jpg,14,13,50_SIGN,718,695,732,708
1277383654Image000017.jpg,45,40,OTHER,526,702,571,742
1277383654Image000017.jpg,33,30,OTHER,151,726,184,756
1277383654Image000017.jpg,14,13,50_SIGN,718,695,732,708
1277383654Image000017.jpg,45,40,OTHER,526,702,571,742
1277383654Image000017.jpg,33,30,OTHER,151,726,184,756
1277383654Image000017.jpg,14,13,50_SIGN,718,695,732,708
1277383654Image000017.jpg,45,40,OTHER,526,702,571,742
1277383654Image000017.jpg,33,30,OTHER,151,726,184,756
1277383654Image000017.jpg,14,13,50_SIGN,718,695,732,708
1277383654Image000017.jpg,45,40,OTHER,526,702,571,742
1277383654Image000017.jpg,33,30,OTHER,151,726,184,756
1277383654Image000022.jpg,14,14,50_SIGN,737,697,751,711
1277383654Image000022.jpg,59,53,OTHER,549,697,608,750
1277383654Image000022.jpg,44,38,OTHER,79,729,123,767
1277383654Image000022.jpg,14,14,50_SIGN,737,697,751,711
1277383654Image000022.jpg,59,53,OTHER,549,697,608,750
1277383654Image000022.jpg,44,38,OTHER,79,729,123,767
1277383654Image000022.jpg,14,14,50_SIGN,737,697,751,711
1277383654Image000022.jpg,59,53,OTHER,549,697,608,750
1277383654Image000022.jpg,44,38,OTHER,79,729,123,767
1277383654Image000022.jpg,14,14,50_SIGN,737,697,751,711
1277383654Image000022.jpg,59,53,OTHER,549,697,608,750
1277383654Image000022.jpg,44,38,OTHER,79,729,123,767
1277383654Image000027.jpg,15,16,50_SIGN,763,685,778,701
1277383654Image000027.jpg,83,74,OTHER,604,672,687,746
1277383654Image000027.jpg,15,16,50_SIGN,763,685,778,701
1277383654Image000027.jpg,83,74,OTHER,604,672,687,746
1277383654Image000027.jpg,15,16,50_SIGN,763,685,778,701
1277383654Image000027.jpg,83,74,OTHER,604,672,687,746
1277383654Image000032.jpg,128,111,OTHER,707,640,835,751
1277383654Image000032.jpg,128,111,OTHER,707,640,835,751
1277383654Image000037.jpg,188,166,OTHER,899,583,1087,749
1277383654Image000037.jpg,188,166,OTHER,899,583,1087,749
1277383654Image000042.jpg,20,20,50_SIGN,857,669,877,689
1277383654Image000042.jpg,20,20,50_SIGN,857,669,877,689
1277383675Image000004.jpg,49,49,PASS_RIGHT_SIDE,158,690,207,739
1277383675Image000004.jpg,32,29,PASS_LEFT_SIDE,259,711,291,740
1277383675Image000004.jpg,17,17,PASS_LEFT_SIDE,234,721,251,738
1277383675Image000004.jpg,49,49,PASS_RIGHT_SIDE,158,690,207,739
1277383675Image000004.jpg,32,29,PASS_LEFT_SIDE,259,711,291,740
1277383675Image000004.jpg,17,17,PASS_LEFT_SIDE,234,721,251,738
1277383675Image000004.jpg,49,49,PASS_RIGHT_SIDE,158,690,207,739
1277383675Image000004.jpg,32,29,PASS_LEFT_SIDE,259,711,291,740
1277383675Image000004.jpg,17,17,PASS_LEFT_SIDE,234,721,251,738
1277383675Image000004.jpg,49,49,PASS_RIGHT_SIDE,158,690,207,739
1277383675Image000004.jpg,32,29,PASS_LEFT_SIDE,259,711,291,740
1277383675Image000004.jpg,17,17,PASS_LEFT_SIDE,234,721,251,738
1277383675Image000009.jpg,54,57,PASS_RIGHT_SIDE,128,678,182,735
1277383675Image000009.jpg,36,30,PASS_LEFT_SIDE,258,707,294,737
1277383675Image000009.jpg,11,18,PASS_LEFT_SIDE,238,717,249,735
1277383675Image000009.jpg,54,57,PASS_RIGHT_SIDE,128,678,182,735
1277383675Image000009.jpg,36,30,PASS_LEFT_SIDE,258,707,294,737
1277383675Image000009.jpg,11,18,PASS_LEFT_SIDE,238,717,249,735
1277383675Image000009.jpg,54,57,PASS_RIGHT_SIDE,128,678,182,735
1277383675Image000009.jpg,36,30,PASS_LEFT_SIDE,258,707,294,737
1277383675Image000009.jpg,11,18,PASS_LEFT_SIDE,238,717,249,735
1277383675Image000009.jpg,54,57,PASS_RIGHT_SIDE,128,678,182,735
1277383675Image000009.jpg,36,30,PASS_LEFT_SIDE,258,707,294,737
1277383675Image000009.jpg,11,18,PASS_LEFT_SIDE,238,717,249,735
1277383675Image000014.jpg,74,74,PASS_RIGHT_SIDE,73,654,147,728
1277383675Image000014.jpg,38,37,PASS_LEFT_SIDE,257,694,295,731
1277383675Image000014.jpg,74,74,PASS_RIGHT_SIDE,73,654,147,728
1277383675Image000014.jpg,38,37,PASS_LEFT_SIDE,257,694,295,731
1277383675Image000014.jpg,74,74,PASS_RIGHT_SIDE,73,654,147,728
1277383675Image000014.jpg,38,37,PASS_LEFT_SIDE,257,694,295,731
1277383675Image000019.jpg,43,102,PASS_RIGHT_SIDE,0,626,43,728
1277383675Image000019.jpg,49,43,PASS_LEFT_SIDE,258,689,307,732
1277383675Image000019.jpg,43,102,PASS_RIGHT_SIDE,0,626,43,728
1277383675Image000019.jpg,49,43,PASS_LEFT_SIDE,258,689,307,732
1277383675Image000019.jpg,43,102,PASS_RIGHT_SIDE,0,626,43,728
1277383675Image000019.jpg,49,43,PASS_LEFT_SIDE,258,689,307,732
1277383675Image000024.jpg,56,50,PASS_LEFT_SIDE,262,688,318,738
1277383675Image000024.jpg,56,50,PASS_LEFT_SIDE,262,688,318,738
1277383675Image000029.jpg,68,60,PASS_LEFT_SIDE,275,675,343,735
1277383675Image000029.jpg,68,60,PASS_LEFT_SIDE,275,675,343,735
1277383675Image000034.jpg,78,72,PASS_LEFT_SIDE,318,662,396,734
1277383675Image000034.jpg,78,72,PASS_LEFT_SIDE,318,662,396,734
1277383675Image000039.jpg,97,87,PASS_LEFT_SIDE,384,652,481,739
1277383675Image000039.jpg,97,87,PASS_LEFT_SIDE,384,652,481,739
1277383675Image000049.jpg,264,249,PASS_LEFT_SIDE,925,483,1189,732
1277383675Image000049.jpg,37,38,PASS_LEFT_SIDE,664,693,701,731
1277383675Image000049.jpg,264,249,PASS_LEFT_SIDE,925,483,1189,732
1277383675Image000049.jpg,37,38,PASS_LEFT_SIDE,664,693,701,731
1277383675Image000049.jpg,264,249,PASS_LEFT_SIDE,925,483,1189,732
1277383675Image000049.jpg,37,38,PASS_LEFT_SIDE,664,693,701,731
1277383675Image000059.jpg,51,50,PASS_LEFT_SIDE,571,684,622,734
1277383675Image000059.jpg,51,50,PASS_LEFT_SIDE,571,684,622,734
1277383675Image000064.jpg,64,66,PASS_LEFT_SIDE,567,670,631,736
1277383675Image000064.jpg,64,66,PASS_LEFT_SIDE,567,670,631,736
1277383675Image000069.jpg,85,88,PASS_LEFT_SIDE,637,640,722,728
1277383675Image000069.jpg,85,88,PASS_LEFT_SIDE,637,640,722,728
1277383675Image000074.jpg,117,122,PASS_LEFT_SIDE,729,603,846,725
1277383675Image000074.jpg,117,122,PASS_LEFT_SIDE,729,603,846,725
1277383675Image000079.jpg,160,169,PASS_LEFT_SIDE,865,546,1025,715
1277383675Image000079.jpg,160,169,PASS_LEFT_SIDE,865,546,1025,715
1277383814Image000001.jpg,18,17,110_SIGN,441,716,459,733
1277383814Image000001.jpg,20,17,110_SIGN,191,714,211,731
1277383814Image000001.jpg,18,17,110_SIGN,441,716,459,733
1277383814Image000001.jpg,20,17,110_SIGN,191,714,211,731
1277383814Image000006.jpg,21,19,110_SIGN,453,712,474,731
1277383814Image000006.jpg,20,21,110_SIGN,178,708,198,729
1277383814Image000006.jpg,21,19,110_SIGN,453,712,474,731
1277383814Image000006.jpg,20,21,110_SIGN,178,708,198,729
1277383814Image000011.jpg,20,19,110_SIGN,470,711,490,730
1277383814Image000011.jpg,26,22,110_SIGN,155,707,181,729
1277383814Image000011.jpg,20,19,110_SIGN,470,711,490,730
1277383814Image000011.jpg,26,22,110_SIGN,155,707,181,729
1277383814Image000016.jpg,26,25,110_SIGN,494,708,520,733
1277383814Image000016.jpg,25,26,110_SIGN,119,703,144,729
1277383814Image000016.jpg,26,25,110_SIGN,494,708,520,733
1277383814Image000016.jpg,25,26,110_SIGN,119,703,144,729
1277383814Image000021.jpg,31,32,110_SIGN,535,700,566,732
1277383814Image000021.jpg,35,34,110_SIGN,53,694,88,728
1277383814Image000021.jpg,31,32,110_SIGN,535,700,566,732
1277383814Image000021.jpg,35,34,110_SIGN,53,694,88,728
1277383814Image000026.jpg,41,41,110_SIGN,576,683,617,724
1277383814Image000026.jpg,5,42,110_SIGN,0,677,5,719
1277383814Image000026.jpg,41,41,110_SIGN,576,683,617,724
1277383814Image000026.jpg,5,42,110_SIGN,0,677,5,719
1277383814Image000031.jpg,51,52,110_SIGN,641,667,692,719
1277383814Image000036.jpg,69,70,110_SIGN,762,637,831,707
1277384000Image000004.jpg,9,9,50_SIGN,859,678,868,687
1277384000Image000004.jpg,9,9,50_SIGN,859,678,868,687
1277384000Image000009.jpg,12,11,50_SIGN,928,678,940,689
1277384288Image000002.jpg,21,22,90_SIGN,543,654,564,676
1277384288Image000002.jpg,22,24,90_SIGN,207,665,229,689
1277384288Image000002.jpg,21,22,90_SIGN,543,654,564,676
1277384288Image000002.jpg,22,24,90_SIGN,207,665,229,689
1277384288Image000002.jpg,21,22,90_SIGN,543,654,564,676
1277384288Image000002.jpg,22,24,90_SIGN,207,665,229,689
1277384288Image000007.jpg,29,27,90_SIGN,569,635,598,662
1277384288Image000007.jpg,27,28,90_SIGN,167,650,194,678
1277384288Image000007.jpg,29,27,90_SIGN,569,635,598,662
1277384288Image000007.jpg,27,28,90_SIGN,167,650,194,678
1277384288Image000007.jpg,29,27,90_SIGN,569,635,598,662
1277384288Image000007.jpg,27,28,90_SIGN,167,650,194,678
1277384288Image000012.jpg,31,32,90_SIGN,601,608,632,640
1277384288Image000012.jpg,29,31,90_SIGN,123,627,152,658
1277384288Image000012.jpg,31,32,90_SIGN,601,608,632,640
1277384288Image000012.jpg,29,31,90_SIGN,123,627,152,658
1277384288Image000012.jpg,31,32,90_SIGN,601,608,632,640
1277384288Image000012.jpg,29,31,90_SIGN,123,627,152,658
1277384288Image000017.jpg,40,37,90_SIGN,649,588,689,625
1277384288Image000017.jpg,39,41,90_SIGN,52,607,91,648
1277384288Image000017.jpg,40,37,90_SIGN,649,588,689,625
1277384288Image000017.jpg,39,41,90_SIGN,52,607,91,648
1277384288Image000017.jpg,40,37,90_SIGN,649,588,689,625
1277384288Image000017.jpg,39,41,90_SIGN,52,607,91,648
1277384288Image000022.jpg,53,50,90_SIGN,749,519,802,569
1277384288Image000022.jpg,53,50,90_SIGN,749,519,802,569
1277384288Image000027.jpg,80,85,90_SIGN,990,362,1070,447
1277384288Image000027.jpg,80,85,90_SIGN,990,362,1070,447
1277384304Image000001.jpg,23,22,70_SIGN,496,696,519,718
1277384304Image000001.jpg,24,22,70_SIGN,176,710,200,732
1277384304Image000001.jpg,23,22,70_SIGN,496,696,519,718
1277384304Image000001.jpg,24,22,70_SIGN,176,710,200,732
1277384304Image000001.jpg,23,22,70_SIGN,496,696,519,718
1277384304Image000001.jpg,24,22,70_SIGN,176,710,200,732
1277384304Image000006.jpg,26,24,70_SIGN,512,693,538,717
1277384304Image000006.jpg,28,26,70_SIGN,152,706,180,732
1277384304Image000006.jpg,26,24,70_SIGN,512,693,538,717
1277384304Image000006.jpg,28,26,70_SIGN,152,706,180,732
1277384304Image000006.jpg,26,24,70_SIGN,512,693,538,717
1277384304Image000006.jpg,28,26,70_SIGN,152,706,180,732
1277384304Image000011.jpg,32,29,70_SIGN,535,681,567,710
1277384304Image000011.jpg,30,30,70_SIGN,115,697,145,727
1277384304Image000011.jpg,32,29,70_SIGN,535,681,567,710
1277384304Image000011.jpg,30,30,70_SIGN,115,697,145,727
1277384304Image000011.jpg,32,29,70_SIGN,535,681,567,710
1277384304Image000011.jpg,30,30,70_SIGN,115,697,145,727
1277384304Image000016.jpg,37,35,70_SIGN,570,668,607,703
1277384304Image000016.jpg,41,37,70_SIGN,60,684,101,721
1277384304Image000016.jpg,37,35,70_SIGN,570,668,607,703
1277384304Image000016.jpg,41,37,70_SIGN,60,684,101,721
1277384304Image000016.jpg,37,35,70_SIGN,570,668,607,703
1277384304Image000016.jpg,41,37,70_SIGN,60,684,101,721
1277384304Image000021.jpg,43,45,70_SIGN,623,656,666,701
1277384304Image000021.jpg,40,46,70_SIGN,0,681,40,727
1277384304Image000021.jpg,43,45,70_SIGN,623,656,666,701
1277384304Image000021.jpg,40,46,70_SIGN,0,681,40,727
1277384304Image000021.jpg,43,45,70_SIGN,623,656,666,701
1277384304Image000021.jpg,40,46,70_SIGN,0,681,40,727
1277384304Image000026.jpg,67,65,70_SIGN,751,612,818,677
1277384304Image000026.jpg,67,65,70_SIGN,751,612,818,677
1277384313Image000007.jpg,9,9,PRIORITY_ROAD,416,723,425,732
1277384313Image000007.jpg,9,9,PRIORITY_ROAD,416,723,425,732
1277384313Image000012.jpg,9,11,PRIORITY_ROAD,420,718,429,729
1277384313Image000012.jpg,9,11,PRIORITY_ROAD,420,718,429,729
1277384313Image000017.jpg,9,8,PRIORITY_ROAD,424,716,433,724
1277384313Image000017.jpg,9,8,PRIORITY_ROAD,424,716,433,724
1277384321Image000004.jpg,41,40,50_SIGN,655,643,696,683
1277384321Image000004.jpg,42,39,50_SIGN,111,644,153,683
1277384321Image000004.jpg,16,16,OTHER,899,662,915,678
1277384321Image000004.jpg,41,40,50_SIGN,655,643,696,683
1277384321Image000004.jpg,42,39,50_SIGN,111,644,153,683
1277384321Image000004.jpg,16,16,OTHER,899,662,915,678
1277384321Image000004.jpg,41,40,50_SIGN,655,643,696,683
1277384321Image000004.jpg,42,39,50_SIGN,111,644,153,683
1277384321Image000004.jpg,16,16,OTHER,899,662,915,678
1277384321Image000009.jpg,50,49,50_SIGN,706,629,756,678
1277384321Image000009.jpg,51,52,50_SIGN,56,629,107,681
1277384321Image000009.jpg,15,15,OTHER,919,663,934,678
1277384321Image000009.jpg,50,49,50_SIGN,706,629,756,678
1277384321Image000009.jpg,51,52,50_SIGN,56,629,107,681
1277384321Image000009.jpg,15,15,OTHER,919,663,934,678
1277384321Image000009.jpg,50,49,50_SIGN,706,629,756,678
1277384321Image000009.jpg,51,52,50_SIGN,56,629,107,681
1277384321Image000009.jpg,15,15,OTHER,919,663,934,678
1277384321Image000014.jpg,62,65,50_SIGN,822,587,884,652
1277384321Image000014.jpg,15,16,OTHER,948,656,963,672
1277384321Image000014.jpg,62,65,50_SIGN,822,587,884,652
1277384321Image000014.jpg,15,16,OTHER,948,656,963,672
1277384321Image000019.jpg,90,93,50_SIGN,1001,523,1091,616
1277384321Image000019.jpg,16,18,OTHER,973,652,989,670
1277384321Image000019.jpg,90,93,50_SIGN,1001,523,1091,616
1277384321Image000019.jpg,16,18,OTHER,973,652,989,670
1277384321Image000019.jpg,90,93,50_SIGN,1001,523,1091,616
1277384321Image000019.jpg,16,18,OTHER,973,652,989,670
1277384321Image000024.jpg,17,16,OTHER,996,649,1013,665
1277384321Image000024.jpg,17,16,OTHER,996,649,1013,665
1277384329Image000003.jpg,59,58,OTHER,510,637,569,695
1277384329Image000003.jpg,59,58,OTHER,510,637,569,695
1277384329Image000008.jpg,64,65,OTHER,353,632,417,697
1277384329Image000008.jpg,64,65,OTHER,353,632,417,697
1277384329Image000013.jpg,80,77,OTHER,97,618,177,695
1277384329Image000013.jpg,80,77,OTHER,97,618,177,695
1277384348Image000001.jpg,40,39,80_SIGN,687,648,727,687
1277384348Image000006.jpg,49,50,80_SIGN,783,624,832,674
1277384348Image000011.jpg,71,72,80_SIGN,964,569,1035,641
1277384393Image000002.jpg,11,11,80_SIGN,458,711,469,722
1277384393Image000002.jpg,10,9,OTHER,438,718,448,727
1277384393Image000002.jpg,10,8,OTHER,283,728,293,736
1277384393Image000002.jpg,11,11,80_SIGN,458,711,469,722
1277384393Image000002.jpg,10,9,OTHER,438,718,448,727
1277384393Image000002.jpg,10,8,OTHER,283,728,293,736
1277384393Image000002.jpg,11,11,80_SIGN,458,711,469,722
1277384393Image000002.jpg,10,9,OTHER,438,718,448,727
1277384393Image000002.jpg,10,8,OTHER,283,728,293,736
1277384393Image000002.jpg,11,11,80_SIGN,458,711,469,722
1277384393Image000002.jpg,10,9,OTHER,438,718,448,727
1277384393Image000002.jpg,10,8,OTHER,283,728,293,736
1277384393Image000007.jpg,13,12,80_SIGN,463,714,476,726
1277384393Image000007.jpg,8,7,OTHER,440,722,448,729
1277384393Image000007.jpg,9,9,OTHER,277,730,286,739
1277384393Image000007.jpg,13,12,80_SIGN,463,714,476,726
1277384393Image000007.jpg,8,7,OTHER,440,722,448,729
1277384393Image000007.jpg,9,9,OTHER,277,730,286,739
1277384393Image000007.jpg,13,12,80_SIGN,463,714,476,726
1277384393Image000007.jpg,8,7,OTHER,440,722,448,729
1277384393Image000007.jpg,9,9,OTHER,277,730,286,739
1277384393Image000007.jpg,13,12,80_SIGN,463,714,476,726
1277384393Image000007.jpg,8,7,OTHER,440,722,448,729
1277384393Image000007.jpg,9,9,OTHER,277,730,286,739
1277384393Image000012.jpg,13,13,80_SIGN,469,707,482,720
1277384393Image000012.jpg,9,9,OTHER,443,718,452,727
1277384393Image000012.jpg,11,10,OTHER,270,726,281,736
1277384393Image000012.jpg,13,13,80_SIGN,469,707,482,720
1277384393Image000012.jpg,9,9,OTHER,443,718,452,727
1277384393Image000012.jpg,11,10,OTHER,270,726,281,736
1277384393Image000012.jpg,13,13,80_SIGN,469,707,482,720
1277384393Image000012.jpg,9,9,OTHER,443,718,452,727
1277384393Image000012.jpg,11,10,OTHER,270,726,281,736
1277384393Image000012.jpg,13,13,80_SIGN,469,707,482,720
1277384393Image000012.jpg,9,9,OTHER,443,718,452,727
1277384393Image000012.jpg,11,10,OTHER,270,726,281,736
1277384393Image000017.jpg,14,16,80_SIGN,473,708,487,724
1277384393Image000017.jpg,7,11,OTHER,446,720,453,731
1277384393Image000017.jpg,9,12,OTHER,264,729,273,741
1277384393Image000017.jpg,14,16,80_SIGN,473,708,487,724
1277384393Image000017.jpg,7,11,OTHER,446,720,453,731
1277384393Image000017.jpg,9,12,OTHER,264,729,273,741
1277384393Image000017.jpg,14,16,80_SIGN,473,708,487,724
1277384393Image000017.jpg,7,11,OTHER,446,720,453,731
1277384393Image000017.jpg,9,12,OTHER,264,729,273,741
1277384393Image000017.jpg,14,16,80_SIGN,473,708,487,724
1277384393Image000017.jpg,7,11,OTHER,446,720,453,731
1277384393Image000017.jpg,9,12,OTHER,264,729,273,741
1277384393Image000022.jpg,17,16,80_SIGN,478,700,495,716
1277384393Image000022.jpg,12,12,OTHER,443,713,455,725
1277384393Image000022.jpg,9,9,OTHER,255,725,264,734
1277384393Image000022.jpg,17,16,80_SIGN,478,700,495,716
1277384393Image000022.jpg,12,12,OTHER,443,713,455,725
1277384393Image000022.jpg,9,9,OTHER,255,725,264,734
1277384393Image000022.jpg,17,16,80_SIGN,478,700,495,716
1277384393Image000022.jpg,12,12,OTHER,443,713,455,725
1277384393Image000022.jpg,9,9,OTHER,255,725,264,734
1277384393Image000022.jpg,17,16,80_SIGN,478,700,495,716
1277384393Image000022.jpg,12,12,OTHER,443,713,455,725
1277384393Image000022.jpg,9,9,OTHER,255,725,264,734
1277384393Image000027.jpg,21,17,80_SIGN,480,703,501,720
1277384393Image000027.jpg,13,12,OTHER,443,717,456,729
1277384393Image000027.jpg,12,9,OTHER,244,728,256,737
1277384393Image000027.jpg,21,17,80_SIGN,480,703,501,720
1277384393Image000027.jpg,13,12,OTHER,443,717,456,729
1277384393Image000027.jpg,12,9,OTHER,244,728,256,737
1277384393Image000027.jpg,21,17,80_SIGN,480,703,501,720
1277384393Image000027.jpg,13,12,OTHER,443,717,456,729
1277384393Image000027.jpg,12,9,OTHER,244,728,256,737
1277384393Image000027.jpg,21,17,80_SIGN,480,703,501,720
1277384393Image000027.jpg,13,12,OTHER,443,717,456,729
1277384393Image000027.jpg,12,9,OTHER,244,728,256,737
1277384393Image000032.jpg,20,18,80_SIGN,492,695,512,713
1277384393Image000032.jpg,10,10,OTHER,446,715,456,725
1277384393Image000032.jpg,12,12,OTHER,232,725,244,737
1277384393Image000032.jpg,20,18,80_SIGN,492,695,512,713
1277384393Image000032.jpg,10,10,OTHER,446,715,456,725
1277384393Image000032.jpg,12,12,OTHER,232,725,244,737
1277384393Image000032.jpg,20,18,80_SIGN,492,695,512,713
1277384393Image000032.jpg,10,10,OTHER,446,715,456,725
1277384393Image000032.jpg,12,12,OTHER,232,725,244,737
1277384393Image000032.jpg,20,18,80_SIGN,492,695,512,713
1277384393Image000032.jpg,10,10,OTHER,446,715,456,725
1277384393Image000032.jpg,12,12,OTHER,232,725,244,737
1277384393Image000042.jpg,29,28,80_SIGN,527,671,556,699
1277384393Image000042.jpg,14,13,OTHER,452,704,466,717
1277384393Image000042.jpg,14,11,OTHER,203,720,217,731
1277384393Image000042.jpg,29,28,80_SIGN,527,671,556,699
1277384393Image000042.jpg,14,13,OTHER,452,704,466,717
1277384393Image000042.jpg,14,11,OTHER,203,720,217,731
1277384393Image000042.jpg,29,28,80_SIGN,527,671,556,699
1277384393Image000042.jpg,14,13,OTHER,452,704,466,717
1277384393Image000042.jpg,14,11,OTHER,203,720,217,731
1277384393Image000042.jpg,29,28,80_SIGN,527,671,556,699
1277384393Image000042.jpg,14,13,OTHER,452,704,466,717
1277384393Image000042.jpg,14,11,OTHER,203,720,217,731
1277384393Image000047.jpg,41,34,80_SIGN,576,645,617,679
1277384393Image000047.jpg,16,16,OTHER,460,697,476,713
1277384393Image000047.jpg,16,14,OTHER,175,715,191,729
1277384393Image000047.jpg,41,34,80_SIGN,576,645,617,679
1277384393Image000047.jpg,16,16,OTHER,460,697,476,713
1277384393Image000047.jpg,16,14,OTHER,175,715,191,729
1277384393Image000047.jpg,41,34,80_SIGN,576,645,617,679
1277384393Image000047.jpg,16,16,OTHER,460,697,476,713
1277384393Image000047.jpg,16,14,OTHER,175,715,191,729
1277384393Image000047.jpg,41,34,80_SIGN,576,645,617,679
1277384393Image000047.jpg,16,16,OTHER,460,697,476,713
1277384393Image000047.jpg,16,14,OTHER,175,715,191,729
1277384393Image000052.jpg,47,44,80_SIGN,629,629,676,673
1277384393Image000052.jpg,19,16,OTHER,466,699,485,715
1277384393Image000052.jpg,16,18,OTHER,153,716,169,734
1277384393Image000052.jpg,47,44,80_SIGN,629,629,676,673
1277384393Image000052.jpg,19,16,OTHER,466,699,485,715
1277384393Image000052.jpg,16,18,OTHER,153,716,169,734
1277384393Image000052.jpg,47,44,80_SIGN,629,629,676,673
1277384393Image000052.jpg,19,16,OTHER,466,699,485,715
1277384393Image000052.jpg,16,18,OTHER,153,716,169,734
1277384393Image000052.jpg,47,44,80_SIGN,629,629,676,673
1277384393Image000052.jpg,19,16,OTHER,466,699,485,715
1277384393Image000052.jpg,16,18,OTHER,153,716,169,734
1277384393Image000057.jpg,67,67,80_SIGN,721,585,788,652
1277384393Image000057.jpg,19,17,OTHER,474,700,493,717
1277384393Image000057.jpg,19,18,OTHER,129,718,148,736
1277384393Image000057.jpg,67,67,80_SIGN,721,585,788,652
1277384393Image000057.jpg,19,17,OTHER,474,700,493,717
1277384393Image000057.jpg,19,18,OTHER,129,718,148,736
1277384393Image000057.jpg,67,67,80_SIGN,721,585,788,652
1277384393Image000057.jpg,19,17,OTHER,474,700,493,717
1277384393Image000057.jpg,19,18,OTHER,129,718,148,736
1277384393Image000057.jpg,67,67,80_SIGN,721,585,788,652
1277384393Image000057.jpg,19,17,OTHER,474,700,493,717
1277384393Image000057.jpg,19,18,OTHER,129,718,148,736
1277384393Image000062.jpg,103,106,80_SIGN,931,484,1034,590
1277384393Image000062.jpg,23,20,OTHER,483,688,506,708
1277384393Image000062.jpg,22,20,OTHER,97,708,119,728
1277384393Image000062.jpg,103,106,80_SIGN,931,484,1034,590
1277384393Image000062.jpg,23,20,OTHER,483,688,506,708
1277384393Image000062.jpg,22,20,OTHER,97,708,119,728
1277384393Image000062.jpg,103,106,80_SIGN,931,484,1034,590
1277384393Image000062.jpg,23,20,OTHER,483,688,506,708
1277384393Image000062.jpg,22,20,OTHER,97,708,119,728
1277384393Image000062.jpg,103,106,80_SIGN,931,484,1034,590
1277384393Image000062.jpg,23,20,OTHER,483,688,506,708
1277384393Image000062.jpg,22,20,OTHER,97,708,119,728
1277384393Image000067.jpg,26,25,OTHER,499,679,525,704
1277384393Image000067.jpg,30,24,OTHER,57,704,87,728
1277384393Image000067.jpg,26,25,OTHER,499,679,525,704
1277384393Image000067.jpg,30,24,OTHER,57,704,87,728
1277384393Image000067.jpg,26,25,OTHER,499,679,525,704
1277384393Image000067.jpg,30,24,OTHER,57,704,87,728
1277384393Image000072.jpg,26,27,OTHER,527,670,553,697
1277384393Image000072.jpg,24,26,OTHER,9,700,33,726
1277384393Image000072.jpg,26,27,OTHER,527,670,553,697
1277384393Image000072.jpg,24,26,OTHER,9,700,33,726
1277384393Image000072.jpg,26,27,OTHER,527,670,553,697
1277384393Image000072.jpg,24,26,OTHER,9,700,33,726
1277384393Image000077.jpg,39,35,OTHER,590,649,629,684
1277384393Image000077.jpg,9,10,PASS_RIGHT_SIDE,335,721,344,731
1277384393Image000077.jpg,39,35,OTHER,590,649,629,684
1277384393Image000077.jpg,9,10,PASS_RIGHT_SIDE,335,721,344,731
1277384393Image000077.jpg,39,35,OTHER,590,649,629,684
1277384393Image000077.jpg,9,10,PASS_RIGHT_SIDE,335,721,344,731
1277384393Image000082.jpg,58,56,OTHER,692,595,750,651
1277384393Image000082.jpg,11,10,PASS_RIGHT_SIDE,329,715,340,725
1277384393Image000082.jpg,58,56,OTHER,692,595,750,651
1277384393Image000082.jpg,11,10,PASS_RIGHT_SIDE,329,715,340,725
1277384393Image000082.jpg,58,56,OTHER,692,595,750,651
1277384393Image000082.jpg,11,10,PASS_RIGHT_SIDE,329,715,340,725
1277384393Image000087.jpg,75,72,OTHER,785,555,860,627
1277384393Image000087.jpg,14,12,PASS_RIGHT_SIDE,324,716,338,728
1277384393Image000087.jpg,75,72,OTHER,785,555,860,627
1277384393Image000087.jpg,14,12,PASS_RIGHT_SIDE,324,716,338,728
1277384393Image000087.jpg,75,72,OTHER,785,555,860,627
1277384393Image000087.jpg,14,12,PASS_RIGHT_SIDE,324,716,338,728
1277384393Image000092.jpg,134,138,OTHER,1135,394,1269,532
1277384393Image000092.jpg,11,11,PASS_RIGHT_SIDE,320,715,331,726
1277384393Image000092.jpg,134,138,OTHER,1135,394,1269,532
1277384393Image000092.jpg,11,11,PASS_RIGHT_SIDE,320,715,331,726
1277384393Image000092.jpg,134,138,OTHER,1135,394,1269,532
1277384393Image000092.jpg,11,11,PASS_RIGHT_SIDE,320,715,331,726
1277384411Image000003.jpg,20,21,PASS_RIGHT_SIDE,243,712,263,733
1277384411Image000008.jpg,24,25,PASS_RIGHT_SIDE,215,706,239,731
1277384411Image000008.jpg,24,25,PASS_RIGHT_SIDE,215,706,239,731
1277384411Image000013.jpg,29,30,PASS_RIGHT_SIDE,185,698,214,728
1277384411Image000013.jpg,29,30,PASS_RIGHT_SIDE,185,698,214,728
1277384411Image000018.jpg,32,33,PASS_RIGHT_SIDE,151,692,183,725
1277384411Image000023.jpg,36,40,PASS_RIGHT_SIDE,105,677,141,717
1277384411Image000028.jpg,47,48,PASS_RIGHT_SIDE,34,662,81,710
1277384428Image000002.jpg,33,34,80_SIGN,520,641,553,675
1277384428Image000002.jpg,30,30,PRIORITY_ROAD,524,676,554,706
1277384428Image000002.jpg,11,8,OTHER,251,735,262,743
1277384428Image000002.jpg,33,34,80_SIGN,520,641,553,675
1277384428Image000002.jpg,30,30,PRIORITY_ROAD,524,676,554,706
1277384428Image000002.jpg,11,8,OTHER,251,735,262,743
1277384428Image000002.jpg,33,34,80_SIGN,520,641,553,675
1277384428Image000002.jpg,30,30,PRIORITY_ROAD,524,676,554,706
1277384428Image000002.jpg,11,8,OTHER,251,735,262,743
1277384428Image000002.jpg,33,34,80_SIGN,520,641,553,675
1277384428Image000002.jpg,30,30,PRIORITY_ROAD,524,676,554,706
1277384428Image000002.jpg,11,8,OTHER,251,735,262,743
1277384428Image000007.jpg,42,42,80_SIGN,556,621,598,663
1277384428Image000007.jpg,36,37,PRIORITY_ROAD,562,665,598,702
1277384428Image000007.jpg,8,8,OTHER,253,736,261,744
1277384428Image000007.jpg,42,42,80_SIGN,556,621,598,663
1277384428Image000007.jpg,36,37,PRIORITY_ROAD,562,665,598,702
1277384428Image000007.jpg,8,8,OTHER,253,736,261,744
1277384428Image000007.jpg,42,42,80_SIGN,556,621,598,663
1277384428Image000007.jpg,36,37,PRIORITY_ROAD,562,665,598,702
1277384428Image000007.jpg,8,8,OTHER,253,736,261,744
1277384428Image000007.jpg,42,42,80_SIGN,556,621,598,663
1277384428Image000007.jpg,36,37,PRIORITY_ROAD,562,665,598,702
1277384428Image000007.jpg,8,8,OTHER,253,736,261,744
1277384428Image000017.jpg,81,85,80_SIGN,776,505,857,590
1277384428Image000017.jpg,70,72,PRIORITY_ROAD,787,594,857,666
1277384428Image000017.jpg,81,85,80_SIGN,776,505,857,590
1277384428Image000017.jpg,70,72,PRIORITY_ROAD,787,594,857,666
1277384428Image000017.jpg,81,85,80_SIGN,776,505,857,590
1277384428Image000017.jpg,70,72,PRIORITY_ROAD,787,594,857,666
1277384428Image000022.jpg,140,141,80_SIGN,1099,333,1239,474
1277384428Image000022.jpg,120,123,PRIORITY_ROAD,1123,482,1243,605
1277384428Image000022.jpg,140,141,80_SIGN,1099,333,1239,474
1277384428Image000022.jpg,120,123,PRIORITY_ROAD,1123,482,1243,605
1277384428Image000022.jpg,140,141,80_SIGN,1099,333,1239,474
1277384428Image000022.jpg,120,123,PRIORITY_ROAD,1123,482,1243,605
1277384435Image000001.jpg,40,41,OTHER,652,673,692,714
1277384435Image000001.jpg,40,41,OTHER,652,673,692,714
1277384435Image000006.jpg,49,50,OTHER,739,654,788,704
1277384435Image000006.jpg,49,50,OTHER,739,654,788,704
1277384435Image000011.jpg,63,66,OTHER,867,617,930,683
1277384435Image000011.jpg,63,66,OTHER,867,617,930,683
1277384435Image000016.jpg,89,88,OTHER,1089,566,1178,654
1277384435Image000016.jpg,89,88,OTHER,1089,566,1178,654
1277384442Image000001.jpg,9,10,OTHER,425,727,434,737
1277384442Image000001.jpg,9,10,OTHER,425,727,434,737
1277384442Image000021.jpg,9,9,OTHER,437,714,446,723
1277384442Image000021.jpg,9,9,OTHER,437,714,446,723
1277384442Image000031.jpg,13,11,OTHER,453,701,466,712
1277384442Image000031.jpg,13,11,OTHER,453,701,466,712
1277384449Image000001.jpg,37,40,OTHER,611,641,648,681
1277384449Image000001.jpg,37,40,OTHER,611,641,648,681
1277384449Image000006.jpg,48,50,OTHER,662,624,710,674
1277384449Image000006.jpg,48,50,OTHER,662,624,710,674
1277384449Image000016.jpg,121,121,OTHER,1107,496,1228,617
1277384449Image000016.jpg,121,121,OTHER,1107,496,1228,617
1277384455Image000002.jpg,40,39,PASS_RIGHT_SIDE,239,662,279,701
1277384455Image000002.jpg,40,39,PASS_RIGHT_SIDE,239,662,279,701
1277384455Image000007.jpg,45,45,PASS_RIGHT_SIDE,206,658,251,703
1277384455Image000007.jpg,45,45,PASS_RIGHT_SIDE,206,658,251,703
1277384455Image000012.jpg,67,68,PASS_RIGHT_SIDE,119,622,186,690
1277384455Image000012.jpg,67,68,PASS_RIGHT_SIDE,119,622,186,690
1277384455Image000022.jpg,6,11,GIVE_WAY,453,718,459,729
1277384455Image000022.jpg,6,6,PRIORITY_ROAD,488,707,494,713
1277384455Image000022.jpg,8,6,OTHER,486,700,494,706
1277384455Image000022.jpg,6,7,80_SIGN,487,692,493,699
1277384455Image000022.jpg,9,10,OTHER,323,702,332,712
1277384455Image000022.jpg,6,11,GIVE_WAY,453,718,459,729
1277384455Image000022.jpg,6,6,PRIORITY_ROAD,488,707,494,713
1277384455Image000022.jpg,8,6,OTHER,486,700,494,706
1277384455Image000022.jpg,6,7,80_SIGN,487,692,493,699
1277384455Image000022.jpg,9,10,OTHER,323,702,332,712
1277384455Image000022.jpg,6,11,GIVE_WAY,453,718,459,729
1277384455Image000022.jpg,6,6,PRIORITY_ROAD,488,707,494,713
1277384455Image000022.jpg,8,6,OTHER,486,700,494,706
1277384455Image000022.jpg,6,7,80_SIGN,487,692,493,699
1277384455Image000022.jpg,9,10,OTHER,323,702,332,712
1277384455Image000022.jpg,6,11,GIVE_WAY,453,718,459,729
1277384455Image000022.jpg,6,6,PRIORITY_ROAD,488,707,494,713
1277384455Image000022.jpg,8,6,OTHER,486,700,494,706
1277384455Image000022.jpg,6,7,80_SIGN,487,692,493,699
1277384455Image000022.jpg,9,10,OTHER,323,702,332,712
1277384455Image000022.jpg,6,11,GIVE_WAY,453,718,459,729
1277384455Image000022.jpg,6,6,PRIORITY_ROAD,488,707,494,713
1277384455Image000022.jpg,8,6,OTHER,486,700,494,706
1277384455Image000022.jpg,6,7,80_SIGN,487,692,493,699
1277384455Image000022.jpg,9,10,OTHER,323,702,332,712
1277384455Image000022.jpg,6,11,GIVE_WAY,453,718,459,729
1277384455Image000022.jpg,6,6,PRIORITY_ROAD,488,707,494,713
1277384455Image000022.jpg,8,6,OTHER,486,700,494,706
1277384455Image000022.jpg,6,7,80_SIGN,487,692,493,699
1277384455Image000022.jpg,9,10,OTHER,323,702,332,712
1277384455Image000032.jpg,8,8,80_SIGN,509,679,517,687
1277384455Image000032.jpg,7,7,OTHER,510,688,517,695
1277384455Image000032.jpg,8,6,PRIORITY_ROAD,510,695,518,701
1277384455Image000032.jpg,9,7,OTHER,325,695,334,702
1277384455Image000032.jpg,8,8,80_SIGN,509,679,517,687
1277384455Image000032.jpg,7,7,OTHER,510,688,517,695
1277384455Image000032.jpg,8,6,PRIORITY_ROAD,510,695,518,701
1277384455Image000032.jpg,9,7,OTHER,325,695,334,702
1277384455Image000032.jpg,8,8,80_SIGN,509,679,517,687
1277384455Image000032.jpg,7,7,OTHER,510,688,517,695
1277384455Image000032.jpg,8,6,PRIORITY_ROAD,510,695,518,701
1277384455Image000032.jpg,9,7,OTHER,325,695,334,702
1277384455Image000032.jpg,8,8,80_SIGN,509,679,517,687
1277384455Image000032.jpg,7,7,OTHER,510,688,517,695
1277384455Image000032.jpg,8,6,PRIORITY_ROAD,510,695,518,701
1277384455Image000032.jpg,9,7,OTHER,325,695,334,702
1277384455Image000032.jpg,8,8,80_SIGN,509,679,517,687
1277384455Image000032.jpg,7,7,OTHER,510,688,517,695
1277384455Image000032.jpg,8,6,PRIORITY_ROAD,510,695,518,701
1277384455Image000032.jpg,9,7,OTHER,325,695,334,702
1277384455Image000037.jpg,12,12,GIVE_WAY,483,711,495,723
1277384455Image000037.jpg,8,8,80_SIGN,513,683,521,691
1277384455Image000037.jpg,9,11,OTHER,513,689,522,700
1277384455Image000037.jpg,9,8,PRIORITY_ROAD,514,700,523,708
1277384455Image000037.jpg,11,10,OTHER,322,696,333,706
1277384455Image000037.jpg,12,12,GIVE_WAY,483,711,495,723
1277384455Image000037.jpg,8,8,80_SIGN,513,683,521,691
1277384455Image000037.jpg,9,11,OTHER,513,689,522,700
1277384455Image000037.jpg,9,8,PRIORITY_ROAD,514,700,523,708
1277384455Image000037.jpg,11,10,OTHER,322,696,333,706
1277384455Image000037.jpg,12,12,GIVE_WAY,483,711,495,723
1277384455Image000037.jpg,8,8,80_SIGN,513,683,521,691
1277384455Image000037.jpg,9,11,OTHER,513,689,522,700
1277384455Image000037.jpg,9,8,PRIORITY_ROAD,514,700,523,708
1277384455Image000037.jpg,11,10,OTHER,322,696,333,706
1277384455Image000037.jpg,12,12,GIVE_WAY,483,711,495,723
1277384455Image000037.jpg,8,8,80_SIGN,513,683,521,691
1277384455Image000037.jpg,9,11,OTHER,513,689,522,700
1277384455Image000037.jpg,9,8,PRIORITY_ROAD,514,700,523,708
1277384455Image000037.jpg,11,10,OTHER,322,696,333,706
1277384455Image000037.jpg,12,12,GIVE_WAY,483,711,495,723
1277384455Image000037.jpg,8,8,80_SIGN,513,683,521,691
1277384455Image000037.jpg,9,11,OTHER,513,689,522,700
1277384455Image000037.jpg,9,8,PRIORITY_ROAD,514,700,523,708
1277384455Image000037.jpg,11,10,OTHER,322,696,333,706
1277384455Image000037.jpg,12,12,GIVE_WAY,483,711,495,723
1277384455Image000037.jpg,8,8,80_SIGN,513,683,521,691
1277384455Image000037.jpg,9,11,OTHER,513,689,522,700
1277384455Image000037.jpg,9,8,PRIORITY_ROAD,514,700,523,708
1277384455Image000037.jpg,11,10,OTHER,322,696,333,706
1277384455Image000042.jpg,9,13,GIVE_WAY,494,705,503,718
1277384455Image000042.jpg,13,12,OTHER,317,692,330,704
1277384455Image000042.jpg,9,13,GIVE_WAY,494,705,503,718
1277384455Image000042.jpg,13,12,OTHER,317,692,330,704
1277384455Image000042.jpg,9,13,GIVE_WAY,494,705,503,718
1277384455Image000042.jpg,13,12,OTHER,317,692,330,704
1277384455Image000047.jpg,11,17,GIVE_WAY,508,706,519,723
1277384455Image000047.jpg,8,10,80_SIGN,527,677,535,687
1277384455Image000047.jpg,9,7,OTHER,527,688,536,695
1277384455Image000047.jpg,9,8,PRIORITY_ROAD,529,697,538,705
1277384455Image000047.jpg,16,16,PASS_RIGHT_SIDE,372,702,388,718
1277384455Image000047.jpg,11,12,OTHER,308,693,319,705
1277384455Image000047.jpg,11,17,GIVE_WAY,508,706,519,723
1277384455Image000047.jpg,8,10,80_SIGN,527,677,535,687
1277384455Image000047.jpg,9,7,OTHER,527,688,536,695
1277384455Image000047.jpg,9,8,PRIORITY_ROAD,529,697,538,705
1277384455Image000047.jpg,16,16,PASS_RIGHT_SIDE,372,702,388,718
1277384455Image000047.jpg,11,12,OTHER,308,693,319,705
1277384455Image000047.jpg,11,17,GIVE_WAY,508,706,519,723
1277384455Image000047.jpg,8,10,80_SIGN,527,677,535,687
1277384455Image000047.jpg,9,7,OTHER,527,688,536,695
1277384455Image000047.jpg,9,8,PRIORITY_ROAD,529,697,538,705
1277384455Image000047.jpg,16,16,PASS_RIGHT_SIDE,372,702,388,718
1277384455Image000047.jpg,11,12,OTHER,308,693,319,705
1277384455Image000047.jpg,11,17,GIVE_WAY,508,706,519,723
1277384455Image000047.jpg,8,10,80_SIGN,527,677,535,687
1277384455Image000047.jpg,9,7,OTHER,527,688,536,695
1277384455Image000047.jpg,9,8,PRIORITY_ROAD,529,697,538,705
1277384455Image000047.jpg,16,16,PASS_RIGHT_SIDE,372,702,388,718
1277384455Image000047.jpg,11,12,OTHER,308,693,319,705
1277384455Image000047.jpg,11,17,GIVE_WAY,508,706,519,723
1277384455Image000047.jpg,8,10,80_SIGN,527,677,535,687
1277384455Image000047.jpg,9,7,OTHER,527,688,536,695
1277384455Image000047.jpg,9,8,PRIORITY_ROAD,529,697,538,705
1277384455Image000047.jpg,16,16,PASS_RIGHT_SIDE,372,702,388,718
1277384455Image000047.jpg,11,12,OTHER,308,693,319,705
1277384455Image000047.jpg,11,17,GIVE_WAY,508,706,519,723
1277384455Image000047.jpg,8,10,80_SIGN,527,677,535,687
1277384455Image000047.jpg,9,7,OTHER,527,688,536,695
1277384455Image000047.jpg,9,8,PRIORITY_ROAD,529,697,538,705
1277384455Image000047.jpg,16,16,PASS_RIGHT_SIDE,372,702,388,718
1277384455Image000047.jpg,11,12,OTHER,308,693,319,705
1277384455Image000047.jpg,11,17,GIVE_WAY,508,706,519,723
1277384455Image000047.jpg,8,10,80_SIGN,527,677,535,687
1277384455Image000047.jpg,9,7,OTHER,527,688,536,695
1277384455Image000047.jpg,9,8,PRIORITY_ROAD,529,697,538,705
1277384455Image000047.jpg,16,16,PASS_RIGHT_SIDE,372,702,388,718
1277384455Image000047.jpg,11,12,OTHER,308,693,319,705
1277384455Image000052.jpg,11,18,GIVE_WAY,525,696,536,714
1277384455Image000052.jpg,12,10,80_SIGN,529,668,541,678
1277384455Image000052.jpg,11,8,OTHER,532,680,543,688
1277384455Image000052.jpg,9,8,PRIORITY_ROAD,533,690,542,698
1277384455Image000052.jpg,18,19,PASS_RIGHT_SIDE,363,694,381,713
1277384455Image000052.jpg,12,10,OTHER,295,689,307,699
1277384455Image000052.jpg,11,18,GIVE_WAY,525,696,536,714
1277384455Image000052.jpg,12,10,80_SIGN,529,668,541,678
1277384455Image000052.jpg,11,8,OTHER,532,680,543,688
1277384455Image000052.jpg,9,8,PRIORITY_ROAD,533,690,542,698
1277384455Image000052.jpg,18,19,PASS_RIGHT_SIDE,363,694,381,713
1277384455Image000052.jpg,12,10,OTHER,295,689,307,699
1277384455Image000052.jpg,11,18,GIVE_WAY,525,696,536,714
1277384455Image000052.jpg,12,10,80_SIGN,529,668,541,678
1277384455Image000052.jpg,11,8,OTHER,532,680,543,688
1277384455Image000052.jpg,9,8,PRIORITY_ROAD,533,690,542,698
1277384455Image000052.jpg,18,19,PASS_RIGHT_SIDE,363,694,381,713
1277384455Image000052.jpg,12,10,OTHER,295,689,307,699
1277384455Image000052.jpg,11,18,GIVE_WAY,525,696,536,714
1277384455Image000052.jpg,12,10,80_SIGN,529,668,541,678
1277384455Image000052.jpg,11,8,OTHER,532,680,543,688
1277384455Image000052.jpg,9,8,PRIORITY_ROAD,533,690,542,698
1277384455Image000052.jpg,18,19,PASS_RIGHT_SIDE,363,694,381,713
1277384455Image000052.jpg,12,10,OTHER,295,689,307,699
1277384455Image000052.jpg,11,18,GIVE_WAY,525,696,536,714
1277384455Image000052.jpg,12,10,80_SIGN,529,668,541,678
1277384455Image000052.jpg,11,8,OTHER,532,680,543,688
1277384455Image000052.jpg,9,8,PRIORITY_ROAD,533,690,542,698
1277384455Image000052.jpg,18,19,PASS_RIGHT_SIDE,363,694,381,713
1277384455Image000052.jpg,12,10,OTHER,295,689,307,699
1277384455Image000052.jpg,11,18,GIVE_WAY,525,696,536,714
1277384455Image000052.jpg,12,10,80_SIGN,529,668,541,678
1277384455Image000052.jpg,11,8,OTHER,532,680,543,688
1277384455Image000052.jpg,9,8,PRIORITY_ROAD,533,690,542,698
1277384455Image000052.jpg,18,19,PASS_RIGHT_SIDE,363,694,381,713
1277384455Image000052.jpg,12,10,OTHER,295,689,307,699
1277384464Image000003.jpg,25,21,80_SIGN,523,646,548,667
1277384464Image000003.jpg,23,23,OTHER,527,669,550,692
1277384464Image000003.jpg,21,20,PRIORITY_ROAD,532,693,553,713
1277384464Image000003.jpg,25,25,OTHER,2,695,27,720
1277384464Image000003.jpg,25,21,80_SIGN,523,646,548,667
1277384464Image000003.jpg,23,23,OTHER,527,669,550,692
1277384464Image000003.jpg,21,20,PRIORITY_ROAD,532,693,553,713
1277384464Image000003.jpg,25,25,OTHER,2,695,27,720
1277384464Image000003.jpg,25,21,80_SIGN,523,646,548,667
1277384464Image000003.jpg,23,23,OTHER,527,669,550,692
1277384464Image000003.jpg,21,20,PRIORITY_ROAD,532,693,553,713
1277384464Image000003.jpg,25,25,OTHER,2,695,27,720
1277384464Image000003.jpg,25,21,80_SIGN,523,646,548,667
1277384464Image000003.jpg,23,23,OTHER,527,669,550,692
1277384464Image000003.jpg,21,20,PRIORITY_ROAD,532,693,553,713
1277384464Image000003.jpg,25,25,OTHER,2,695,27,720
1277384464Image000008.jpg,28,27,80_SIGN,527,638,555,665
1277384464Image000008.jpg,30,29,OTHER,529,665,559,694
1277384464Image000008.jpg,23,21,PRIORITY_ROAD,537,695,560,716
1277384464Image000008.jpg,28,27,80_SIGN,527,638,555,665
1277384464Image000008.jpg,30,29,OTHER,529,665,559,694
1277384464Image000008.jpg,23,21,PRIORITY_ROAD,537,695,560,716
1277384464Image000008.jpg,28,27,80_SIGN,527,638,555,665
1277384464Image000008.jpg,30,29,OTHER,529,665,559,694
1277384464Image000008.jpg,23,21,PRIORITY_ROAD,537,695,560,716
1277384464Image000013.jpg,32,30,80_SIGN,539,633,571,663
1277384464Image000013.jpg,30,31,OTHER,543,666,573,697
1277384464Image000013.jpg,27,33,PRIORITY_ROAD,547,693,574,726
1277384464Image000013.jpg,32,30,80_SIGN,539,633,571,663
1277384464Image000013.jpg,30,31,OTHER,543,666,573,697
1277384464Image000013.jpg,27,33,PRIORITY_ROAD,547,693,574,726
1277384464Image000013.jpg,32,30,80_SIGN,539,633,571,663
1277384464Image000013.jpg,30,31,OTHER,543,666,573,697
1277384464Image000013.jpg,27,33,PRIORITY_ROAD,547,693,574,726
1277384464Image000018.jpg,36,36,80_SIGN,555,630,591,666
1277384464Image000018.jpg,35,36,OTHER,559,666,594,702
1277384464Image000018.jpg,32,31,PRIORITY_ROAD,565,704,597,735
1277384464Image000018.jpg,36,36,80_SIGN,555,630,591,666
1277384464Image000018.jpg,35,36,OTHER,559,666,594,702
1277384464Image000018.jpg,32,31,PRIORITY_ROAD,565,704,597,735
1277384464Image000018.jpg,36,36,80_SIGN,555,630,591,666
1277384464Image000018.jpg,35,36,OTHER,559,666,594,702
1277384464Image000018.jpg,32,31,PRIORITY_ROAD,565,704,597,735
1277384464Image000023.jpg,46,45,80_SIGN,594,605,640,650
1277384464Image000023.jpg,48,44,OTHER,598,653,646,697
1277384464Image000023.jpg,41,42,PRIORITY_ROAD,604,699,645,741
1277384464Image000023.jpg,46,45,80_SIGN,594,605,640,650
1277384464Image000023.jpg,48,44,OTHER,598,653,646,697
1277384464Image000023.jpg,41,42,PRIORITY_ROAD,604,699,645,741
1277384464Image000023.jpg,46,45,80_SIGN,594,605,640,650
1277384464Image000023.jpg,48,44,OTHER,598,653,646,697
1277384464Image000023.jpg,41,42,PRIORITY_ROAD,604,699,645,741
1277384464Image000033.jpg,106,109,80_SIGN,847,436,953,545
1277384464Image000033.jpg,106,108,OTHER,863,543,969,651
1277384464Image000033.jpg,94,100,PRIORITY_ROAD,884,652,978,752
1277384464Image000033.jpg,106,109,80_SIGN,847,436,953,545
1277384464Image000033.jpg,106,108,OTHER,863,543,969,651
1277384464Image000033.jpg,94,100,PRIORITY_ROAD,884,652,978,752
1277384464Image000033.jpg,106,109,80_SIGN,847,436,953,545
1277384464Image000033.jpg,106,108,OTHER,863,543,969,651
1277384464Image000033.jpg,94,100,PRIORITY_ROAD,884,652,978,752
1277384539Image000003.jpg,18,18,60_SIGN,580,697,598,715
1277384539Image000003.jpg,18,18,60_SIGN,264,711,282,729
1277384539Image000003.jpg,18,18,60_SIGN,580,697,598,715
1277384539Image000003.jpg,18,18,60_SIGN,264,711,282,729
1277384539Image000008.jpg,20,19,60_SIGN,586,687,606,706
1277384539Image000008.jpg,23,20,60_SIGN,235,702,258,722
1277384539Image000008.jpg,20,19,60_SIGN,586,687,606,706
1277384539Image000008.jpg,23,20,60_SIGN,235,702,258,722
1277384539Image000013.jpg,21,22,60_SIGN,596,682,617,704
1277384539Image000013.jpg,8,9,PASS_RIGHT_SIDE,649,694,657,703
1277384539Image000013.jpg,21,22,60_SIGN,596,682,617,704
1277384539Image000013.jpg,8,9,PASS_RIGHT_SIDE,649,694,657,703
1277384539Image000018.jpg,26,24,60_SIGN,605,673,631,697
1277384539Image000018.jpg,26,26,60_SIGN,163,693,189,719
1277384539Image000018.jpg,8,9,PASS_RIGHT_SIDE,644,689,652,698
1277384539Image000018.jpg,26,24,60_SIGN,605,673,631,697
1277384539Image000018.jpg,26,26,60_SIGN,163,693,189,719
1277384539Image000018.jpg,8,9,PASS_RIGHT_SIDE,644,689,652,698
1277384539Image000018.jpg,26,24,60_SIGN,605,673,631,697
1277384539Image000018.jpg,26,26,60_SIGN,163,693,189,719
1277384539Image000018.jpg,8,9,PASS_RIGHT_SIDE,644,689,652,698
1277384539Image000028.jpg,35,32,60_SIGN,639,660,674,692
1277384539Image000028.jpg,34,34,60_SIGN,35,687,69,721
1277384539Image000028.jpg,11,11,PASS_RIGHT_SIDE,626,692,637,703
1277384539Image000028.jpg,35,32,60_SIGN,639,660,674,692
1277384539Image000028.jpg,34,34,60_SIGN,35,687,69,721
1277384539Image000028.jpg,11,11,PASS_RIGHT_SIDE,626,692,637,703
1277384539Image000028.jpg,35,32,60_SIGN,639,660,674,692
1277384539Image000028.jpg,34,34,60_SIGN,35,687,69,721
1277384539Image000028.jpg,11,11,PASS_RIGHT_SIDE,626,692,637,703
1277384539Image000033.jpg,39,39,60_SIGN,668,652,707,691
1277384539Image000033.jpg,9,10,PASS_RIGHT_SIDE,620,698,629,708
1277384539Image000033.jpg,39,39,60_SIGN,668,652,707,691
1277384539Image000033.jpg,9,10,PASS_RIGHT_SIDE,620,698,629,708
1277384539Image000038.jpg,46,46,60_SIGN,704,639,750,685
1277384539Image000038.jpg,9,9,PASS_RIGHT_SIDE,613,698,622,707
1277384539Image000038.jpg,11,7,60_SIGN,658,693,669,700
1277384539Image000038.jpg,46,46,60_SIGN,704,639,750,685
1277384539Image000038.jpg,9,9,PASS_RIGHT_SIDE,613,698,622,707
1277384539Image000038.jpg,11,7,60_SIGN,658,693,669,700
1277384539Image000038.jpg,46,46,60_SIGN,704,639,750,685
1277384539Image000038.jpg,9,9,PASS_RIGHT_SIDE,613,698,622,707
1277384539Image000038.jpg,11,7,60_SIGN,658,693,669,700
1277384539Image000048.jpg,130,122,60_SIGN,1141,487,1271,609
1277384539Image000048.jpg,10,11,PASS_RIGHT_SIDE,589,708,599,719
1277384539Image000048.jpg,12,9,60_SIGN,656,701,668,710
1277384539Image000048.jpg,130,122,60_SIGN,1141,487,1271,609
1277384539Image000048.jpg,10,11,PASS_RIGHT_SIDE,589,708,599,719
1277384539Image000048.jpg,12,9,60_SIGN,656,701,668,710
1277384539Image000048.jpg,130,122,60_SIGN,1141,487,1271,609
1277384539Image000048.jpg,10,11,PASS_RIGHT_SIDE,589,708,599,719
1277384539Image000048.jpg,12,9,60_SIGN,656,701,668,710
1277384547Image000001.jpg,24,22,60_SIGN,649,660,673,682
1277384547Image000001.jpg,24,22,60_SIGN,649,660,673,682
1277384547Image000006.jpg,25,24,60_SIGN,662,653,687,677
1277384547Image000006.jpg,25,24,60_SIGN,662,653,687,677
1277384547Image000011.jpg,25,26,60_SIGN,679,653,704,679
1277384547Image000011.jpg,25,26,60_SIGN,679,653,704,679
1277384547Image000016.jpg,31,31,60_SIGN,708,648,739,679
1277384547Image000016.jpg,14,15,PASS_RIGHT_SIDE,441,700,455,715
1277384547Image000016.jpg,31,31,60_SIGN,708,648,739,679
1277384547Image000016.jpg,14,15,PASS_RIGHT_SIDE,441,700,455,715
1277384547Image000016.jpg,31,31,60_SIGN,708,648,739,679
1277384547Image000016.jpg,14,15,PASS_RIGHT_SIDE,441,700,455,715
1277384547Image000021.jpg,36,34,60_SIGN,753,634,789,668
1277384547Image000021.jpg,18,20,PASS_RIGHT_SIDE,427,698,445,718
1277384547Image000021.jpg,36,34,60_SIGN,753,634,789,668
1277384547Image000021.jpg,18,20,PASS_RIGHT_SIDE,427,698,445,718
1277384547Image000021.jpg,36,34,60_SIGN,753,634,789,668
1277384547Image000021.jpg,18,20,PASS_RIGHT_SIDE,427,698,445,718
1277384547Image000026.jpg,39,45,60_SIGN,794,610,833,655
1277384547Image000026.jpg,19,20,PASS_RIGHT_SIDE,412,694,431,714
1277384547Image000026.jpg,39,45,60_SIGN,794,610,833,655
1277384547Image000026.jpg,19,20,PASS_RIGHT_SIDE,412,694,431,714
1277384547Image000026.jpg,39,45,60_SIGN,794,610,833,655
1277384547Image000026.jpg,19,20,PASS_RIGHT_SIDE,412,694,431,714
1277384547Image000031.jpg,58,59,60_SIGN,939,550,997,609
1277384547Image000031.jpg,24,25,PASS_RIGHT_SIDE,366,690,390,715
1277384547Image000031.jpg,58,59,60_SIGN,939,550,997,609
1277384547Image000031.jpg,24,25,PASS_RIGHT_SIDE,366,690,390,715
1277384547Image000031.jpg,58,59,60_SIGN,939,550,997,609
1277384547Image000031.jpg,24,25,PASS_RIGHT_SIDE,366,690,390,715
1277384547Image000036.jpg,76,80,60_SIGN,1090,491,1166,571
1277384547Image000036.jpg,26,25,PASS_RIGHT_SIDE,343,690,369,715
1277384547Image000036.jpg,76,80,60_SIGN,1090,491,1166,571
1277384547Image000036.jpg,26,25,PASS_RIGHT_SIDE,343,690,369,715
1277384547Image000036.jpg,76,80,60_SIGN,1090,491,1166,571
1277384547Image000036.jpg,26,25,PASS_RIGHT_SIDE,343,690,369,715
1277384568Image000001.jpg,25,25,PRIORITY_ROAD,623,681,648,706
1277384568Image000001.jpg,25,25,PRIORITY_ROAD,623,681,648,706
1277384568Image000006.jpg,24,26,PRIORITY_ROAD,636,668,660,694
1277384568Image000006.jpg,24,26,PRIORITY_ROAD,636,668,660,694
1277384568Image000011.jpg,30,30,PRIORITY_ROAD,657,674,687,704
1277384568Image000011.jpg,16,15,80_SIGN,615,688,631,703
1277384568Image000011.jpg,15,15,80_SIGN,343,702,358,717
1277384568Image000011.jpg,30,30,PRIORITY_ROAD,657,674,687,704
1277384568Image000011.jpg,16,15,80_SIGN,615,688,631,703
1277384568Image000011.jpg,15,15,80_SIGN,343,702,358,717
1277384568Image000011.jpg,30,30,PRIORITY_ROAD,657,674,687,704
1277384568Image000011.jpg,16,15,80_SIGN,615,688,631,703
1277384568Image000011.jpg,15,15,80_SIGN,343,702,358,717
1277384568Image000011.jpg,30,30,PRIORITY_ROAD,657,674,687,704
1277384568Image000011.jpg,16,15,80_SIGN,615,688,631,703
1277384568Image000011.jpg,15,15,80_SIGN,343,702,358,717
1277384568Image000016.jpg,39,36,PRIORITY_ROAD,682,664,721,700
1277384568Image000016.jpg,17,16,80_SIGN,610,686,627,702
1277384568Image000016.jpg,16,17,80_SIGN,316,695,332,712
1277384568Image000016.jpg,39,36,PRIORITY_ROAD,682,664,721,700
1277384568Image000016.jpg,17,16,80_SIGN,610,686,627,702
1277384568Image000016.jpg,16,17,80_SIGN,316,695,332,712
1277384568Image000016.jpg,39,36,PRIORITY_ROAD,682,664,721,700
1277384568Image000016.jpg,17,16,80_SIGN,610,686,627,702
1277384568Image000016.jpg,16,17,80_SIGN,316,695,332,712
1277384568Image000016.jpg,39,36,PRIORITY_ROAD,682,664,721,700
1277384568Image000016.jpg,17,16,80_SIGN,610,686,627,702
1277384568Image000016.jpg,16,17,80_SIGN,316,695,332,712
1277384568Image000021.jpg,48,50,PRIORITY_ROAD,744,631,792,681
1277384568Image000021.jpg,17,17,80_SIGN,606,677,623,694
1277384568Image000021.jpg,19,18,80_SIGN,285,692,304,710
1277384568Image000021.jpg,48,50,PRIORITY_ROAD,744,631,792,681
1277384568Image000021.jpg,17,17,80_SIGN,606,677,623,694
1277384568Image000021.jpg,19,18,80_SIGN,285,692,304,710
1277384568Image000021.jpg,48,50,PRIORITY_ROAD,744,631,792,681
1277384568Image000021.jpg,17,17,80_SIGN,606,677,623,694
1277384568Image000021.jpg,19,18,80_SIGN,285,692,304,710
1277384568Image000021.jpg,48,50,PRIORITY_ROAD,744,631,792,681
1277384568Image000021.jpg,17,17,80_SIGN,606,677,623,694
1277384568Image000021.jpg,19,18,80_SIGN,285,692,304,710
1277384568Image000026.jpg,68,69,PRIORITY_ROAD,866,594,934,663
1277384568Image000026.jpg,22,20,80_SIGN,603,680,625,700
1277384568Image000026.jpg,19,20,80_SIGN,249,697,268,717
1277384568Image000026.jpg,68,69,PRIORITY_ROAD,866,594,934,663
1277384568Image000026.jpg,22,20,80_SIGN,603,680,625,700
1277384568Image000026.jpg,19,20,80_SIGN,249,697,268,717
1277384568Image000026.jpg,68,69,PRIORITY_ROAD,866,594,934,663
1277384568Image000026.jpg,22,20,80_SIGN,603,680,625,700
1277384568Image000026.jpg,19,20,80_SIGN,249,697,268,717
1277384568Image000026.jpg,68,69,PRIORITY_ROAD,866,594,934,663
1277384568Image000026.jpg,22,20,80_SIGN,603,680,625,700
1277384568Image000026.jpg,19,20,80_SIGN,249,697,268,717
1277384568Image000031.jpg,22,24,80_SIGN,607,671,629,695
1277384568Image000031.jpg,22,20,80_SIGN,202,695,224,715
1277384568Image000031.jpg,22,24,80_SIGN,607,671,629,695
1277384568Image000031.jpg,22,20,80_SIGN,202,695,224,715
1277384568Image000036.jpg,23,23,80_SIGN,612,672,635,695
1277384568Image000036.jpg,24,21,80_SIGN,162,694,186,715
1277384568Image000036.jpg,23,23,80_SIGN,612,672,635,695
1277384568Image000036.jpg,24,21,80_SIGN,162,694,186,715
1277384568Image000041.jpg,32,30,80_SIGN,625,670,657,700
1277384568Image000041.jpg,31,27,80_SIGN,91,696,122,723
1277384568Image000041.jpg,32,30,80_SIGN,625,670,657,700
1277384568Image000041.jpg,31,27,80_SIGN,91,696,122,723
1277384568Image000046.jpg,34,31,80_SIGN,639,667,673,698
1277384568Image000046.jpg,30,34,80_SIGN,35,695,65,729
1277384568Image000046.jpg,34,31,80_SIGN,639,667,673,698
1277384568Image000046.jpg,30,34,80_SIGN,35,695,65,729
1277384568Image000051.jpg,39,40,80_SIGN,656,652,695,692
1277384568Image000056.jpg,46,48,80_SIGN,681,644,727,692
1277384568Image000061.jpg,55,56,80_SIGN,724,626,779,682
1277384568Image000066.jpg,99,98,80_SIGN,939,533,1038,631
1277384616Image000002.jpg,27,25,PASS_RIGHT_SIDE,173,680,200,705
1277384616Image000002.jpg,27,25,PASS_RIGHT_SIDE,173,680,200,705
1277384616Image000007.jpg,36,34,PASS_RIGHT_SIDE,156,673,192,707
1277384616Image000007.jpg,36,34,PASS_RIGHT_SIDE,156,673,192,707
1277384616Image000012.jpg,46,49,PASS_RIGHT_SIDE,120,641,166,690
1277384616Image000012.jpg,46,49,PASS_RIGHT_SIDE,120,641,166,690
1277384616Image000017.jpg,65,65,PASS_RIGHT_SIDE,32,609,97,674
1277384616Image000017.jpg,65,65,PASS_RIGHT_SIDE,32,609,97,674
1277384616Image000032.jpg,9,19,STOP,456,707,465,726
1277384616Image000032.jpg,13,13,PASS_RIGHT_SIDE,127,707,140,720
1277384616Image000032.jpg,9,19,STOP,456,707,465,726
1277384616Image000032.jpg,13,13,PASS_RIGHT_SIDE,127,707,140,720
1277384616Image000032.jpg,9,19,STOP,456,707,465,726
1277384616Image000032.jpg,13,13,PASS_RIGHT_SIDE,127,707,140,720
1277384616Image000037.jpg,8,18,STOP,504,704,512,722
1277384616Image000037.jpg,16,16,PASS_RIGHT_SIDE,143,702,159,718
1277384616Image000037.jpg,8,18,STOP,504,704,512,722
1277384616Image000037.jpg,16,16,PASS_RIGHT_SIDE,143,702,159,718
1277384616Image000037.jpg,8,18,STOP,504,704,512,722
1277384616Image000037.jpg,16,16,PASS_RIGHT_SIDE,143,702,159,718
1277384616Image000042.jpg,14,15,PASS_RIGHT_SIDE,163,703,177,718
1277384616Image000042.jpg,14,15,PASS_RIGHT_SIDE,163,703,177,718
1277384616Image000047.jpg,16,19,PASS_RIGHT_SIDE,166,691,182,710
1277384616Image000047.jpg,16,19,PASS_RIGHT_SIDE,166,691,182,710
1277384616Image000052.jpg,11,29,STOP,682,690,693,719
1277384616Image000052.jpg,19,19,PASS_RIGHT_SIDE,168,687,187,706
1277384616Image000052.jpg,11,29,STOP,682,690,693,719
1277384616Image000052.jpg,19,19,PASS_RIGHT_SIDE,168,687,187,706
1277384616Image000052.jpg,11,29,STOP,682,690,693,719
1277384616Image000052.jpg,19,19,PASS_RIGHT_SIDE,168,687,187,706
1277384616Image000057.jpg,18,39,STOP,879,676,897,715
1277384616Image000057.jpg,26,26,PASS_RIGHT_SIDE,157,675,183,701
1277384616Image000057.jpg,10,11,80_SIGN,209,697,219,708
1277384616Image000057.jpg,7,6,PRIORITY_ROAD,210,711,217,717
1277384616Image000057.jpg,18,39,STOP,879,676,897,715
1277384616Image000057.jpg,26,26,PASS_RIGHT_SIDE,157,675,183,701
1277384616Image000057.jpg,10,11,80_SIGN,209,697,219,708
1277384616Image000057.jpg,7,6,PRIORITY_ROAD,210,711,217,717
1277384616Image000057.jpg,18,39,STOP,879,676,897,715
1277384616Image000057.jpg,26,26,PASS_RIGHT_SIDE,157,675,183,701
1277384616Image000057.jpg,10,11,80_SIGN,209,697,219,708
1277384616Image000057.jpg,7,6,PRIORITY_ROAD,210,711,217,717
1277384616Image000057.jpg,18,39,STOP,879,676,897,715
1277384616Image000057.jpg,26,26,PASS_RIGHT_SIDE,157,675,183,701
1277384616Image000057.jpg,10,11,80_SIGN,209,697,219,708
1277384616Image000057.jpg,7,6,PRIORITY_ROAD,210,711,217,717
1277384616Image000057.jpg,18,39,STOP,879,676,897,715
1277384616Image000057.jpg,26,26,PASS_RIGHT_SIDE,157,675,183,701
1277384616Image000057.jpg,10,11,80_SIGN,209,697,219,708
1277384616Image000057.jpg,7,6,PRIORITY_ROAD,210,711,217,717
1277384616Image000067.jpg,59,60,PASS_RIGHT_SIDE,47,618,106,678
1277384625Image000003.jpg,44,43,80_SIGN,553,639,597,682
1277384625Image000003.jpg,29,26,PRIORITY_ROAD,559,686,588,712
1277384625Image000003.jpg,44,43,80_SIGN,553,639,597,682
1277384625Image000003.jpg,29,26,PRIORITY_ROAD,559,686,588,712
1277384625Image000003.jpg,44,43,80_SIGN,553,639,597,682
1277384625Image000003.jpg,29,26,PRIORITY_ROAD,559,686,588,712
1277384625Image000008.jpg,58,59,80_SIGN,653,608,711,667
1277384625Image000008.jpg,35,34,PRIORITY_ROAD,664,671,699,705
1277384625Image000008.jpg,58,59,80_SIGN,653,608,711,667
1277384625Image000008.jpg,35,34,PRIORITY_ROAD,664,671,699,705
1277384625Image000008.jpg,58,59,80_SIGN,653,608,711,667
1277384625Image000008.jpg,35,34,PRIORITY_ROAD,664,671,699,705
1277384625Image000013.jpg,82,86,80_SIGN,826,544,908,630
1277384625Image000013.jpg,51,49,PRIORITY_ROAD,841,635,892,684
1277384625Image000013.jpg,82,86,80_SIGN,826,544,908,630
1277384625Image000013.jpg,51,49,PRIORITY_ROAD,841,635,892,684
1277384625Image000013.jpg,82,86,80_SIGN,826,544,908,630
1277384625Image000013.jpg,51,49,PRIORITY_ROAD,841,635,892,684
1277384657Image000003.jpg,15,17,80_SIGN,445,698,460,715
1277384657Image000003.jpg,13,11,PRIORITY_ROAD,448,715,461,726
1277384657Image000003.jpg,17,19,PASS_RIGHT_SIDE,290,715,307,734
1277384657Image000003.jpg,15,17,80_SIGN,445,698,460,715
1277384657Image000003.jpg,13,11,PRIORITY_ROAD,448,715,461,726
1277384657Image000003.jpg,17,19,PASS_RIGHT_SIDE,290,715,307,734
1277384657Image000003.jpg,15,17,80_SIGN,445,698,460,715
1277384657Image000003.jpg,13,11,PRIORITY_ROAD,448,715,461,726
1277384657Image000003.jpg,17,19,PASS_RIGHT_SIDE,290,715,307,734
1277384657Image000003.jpg,15,17,80_SIGN,445,698,460,715
1277384657Image000003.jpg,13,11,PRIORITY_ROAD,448,715,461,726
1277384657Image000003.jpg,17,19,PASS_RIGHT_SIDE,290,715,307,734
1277384657Image000008.jpg,16,15,80_SIGN,463,691,479,706
1277384657Image000008.jpg,16,14,PRIORITY_ROAD,462,706,478,720
1277384657Image000008.jpg,13,12,PASS_RIGHT_SIDE,295,713,308,725
1277384657Image000008.jpg,16,15,80_SIGN,463,691,479,706
1277384657Image000008.jpg,16,14,PRIORITY_ROAD,462,706,478,720
1277384657Image000008.jpg,13,12,PASS_RIGHT_SIDE,295,713,308,725
1277384657Image000008.jpg,16,15,80_SIGN,463,691,479,706
1277384657Image000008.jpg,16,14,PRIORITY_ROAD,462,706,478,720
1277384657Image000008.jpg,13,12,PASS_RIGHT_SIDE,295,713,308,725
1277384657Image000008.jpg,16,15,80_SIGN,463,691,479,706
1277384657Image000008.jpg,16,14,PRIORITY_ROAD,462,706,478,720
1277384657Image000008.jpg,13,12,PASS_RIGHT_SIDE,295,713,308,725
1277384661Image000001.jpg,33,32,80_SIGN,579,644,612,676
1277384661Image000001.jpg,30,29,PRIORITY_ROAD,581,676,611,705
1277384661Image000001.jpg,29,32,PASS_RIGHT_SIDE,198,689,227,721
1277384661Image000001.jpg,33,32,80_SIGN,579,644,612,676
1277384661Image000001.jpg,30,29,PRIORITY_ROAD,581,676,611,705
1277384661Image000001.jpg,29,32,PASS_RIGHT_SIDE,198,689,227,721
1277384661Image000001.jpg,33,32,80_SIGN,579,644,612,676
1277384661Image000001.jpg,30,29,PRIORITY_ROAD,581,676,611,705
1277384661Image000001.jpg,29,32,PASS_RIGHT_SIDE,198,689,227,721
1277384661Image000001.jpg,33,32,80_SIGN,579,644,612,676
1277384661Image000001.jpg,30,29,PRIORITY_ROAD,581,676,611,705
1277384661Image000001.jpg,29,32,PASS_RIGHT_SIDE,198,689,227,721
1277384661Image000011.jpg,50,50,80_SIGN,676,599,726,649
1277384661Image000011.jpg,42,41,PRIORITY_ROAD,681,652,723,693
1277384661Image000011.jpg,50,48,PASS_RIGHT_SIDE,83,663,133,711
1277384661Image000011.jpg,50,50,80_SIGN,676,599,726,649
1277384661Image000011.jpg,42,41,PRIORITY_ROAD,681,652,723,693
1277384661Image000011.jpg,50,48,PASS_RIGHT_SIDE,83,663,133,711
1277384661Image000011.jpg,50,50,80_SIGN,676,599,726,649
1277384661Image000011.jpg,42,41,PRIORITY_ROAD,681,652,723,693
1277384661Image000011.jpg,50,48,PASS_RIGHT_SIDE,83,663,133,711
1277384661Image000011.jpg,50,50,80_SIGN,676,599,726,649
1277384661Image000011.jpg,42,41,PRIORITY_ROAD,681,652,723,693
1277384661Image000011.jpg,50,48,PASS_RIGHT_SIDE,83,663,133,711
1277384661Image000016.jpg,61,61,80_SIGN,751,561,812,622
1277384661Image000016.jpg,51,50,PRIORITY_ROAD,759,624,810,674
1277384661Image000016.jpg,30,72,PASS_RIGHT_SIDE,0,625,30,697
1277384661Image000016.jpg,61,61,80_SIGN,751,561,812,622
1277384661Image000016.jpg,51,50,PRIORITY_ROAD,759,624,810,674
1277384661Image000016.jpg,30,72,PASS_RIGHT_SIDE,0,625,30,697
1277384661Image000016.jpg,61,61,80_SIGN,751,561,812,622
1277384661Image000016.jpg,51,50,PRIORITY_ROAD,759,624,810,674
1277384661Image000016.jpg,30,72,PASS_RIGHT_SIDE,0,625,30,697
1277384661Image000016.jpg,61,61,80_SIGN,751,561,812,622
1277384661Image000016.jpg,51,50,PRIORITY_ROAD,759,624,810,674
1277384661Image000016.jpg,30,72,PASS_RIGHT_SIDE,0,625,30,697
1277384661Image000021.jpg,90,88,80_SIGN,943,469,1033,557
1277384661Image000021.jpg,78,79,PRIORITY_ROAD,954,562,1032,641
1277384661Image000021.jpg,90,88,80_SIGN,943,469,1033,557
1277384661Image000021.jpg,78,79,PRIORITY_ROAD,954,562,1032,641
1277384661Image000021.jpg,90,88,80_SIGN,943,469,1033,557
1277384661Image000021.jpg,78,79,PRIORITY_ROAD,954,562,1032,641
1277384674Image000001.jpg,32,29,PASS_RIGHT_SIDE,207,679,239,708
1277384674Image000001.jpg,32,29,PASS_RIGHT_SIDE,207,679,239,708
1277384674Image000006.jpg,36,37,PASS_RIGHT_SIDE,158,671,194,708
1277384674Image000011.jpg,56,55,PASS_RIGHT_SIDE,36,634,92,689
1277384698Image000008.jpg,18,18,PASS_RIGHT_SIDE,245,719,263,737
1277384698Image000008.jpg,18,18,PASS_RIGHT_SIDE,245,719,263,737
1277384698Image000018.jpg,28,26,PASS_RIGHT_SIDE,196,695,224,721
1277384698Image000023.jpg,34,33,PASS_RIGHT_SIDE,159,688,193,721
1277384698Image000028.jpg,46,47,PASS_RIGHT_SIDE,86,666,132,713
1277384733Image000003.jpg,42,47,PASS_RIGHT_SIDE,167,660,209,707
1277384733Image000003.jpg,21,17,PASS_RIGHT_SIDE,242,708,263,725
1277384733Image000003.jpg,42,47,PASS_RIGHT_SIDE,167,660,209,707
1277384733Image000003.jpg,21,17,PASS_RIGHT_SIDE,242,708,263,725
1277384733Image000003.jpg,42,47,PASS_RIGHT_SIDE,167,660,209,707
1277384733Image000003.jpg,21,17,PASS_RIGHT_SIDE,242,708,263,725
1277384733Image000008.jpg,59,64,PASS_RIGHT_SIDE,83,614,142,678
1277384733Image000008.jpg,23,22,PASS_RIGHT_SIDE,232,698,255,720
1277384733Image000008.jpg,59,64,PASS_RIGHT_SIDE,83,614,142,678
1277384733Image000008.jpg,23,22,PASS_RIGHT_SIDE,232,698,255,720
1277384733Image000008.jpg,59,64,PASS_RIGHT_SIDE,83,614,142,678
1277384733Image000008.jpg,23,22,PASS_RIGHT_SIDE,232,698,255,720
1277384733Image000013.jpg,24,27,PASS_RIGHT_SIDE,216,687,240,714
1277384733Image000013.jpg,24,27,PASS_RIGHT_SIDE,216,687,240,714
1277384733Image000018.jpg,31,33,PASS_RIGHT_SIDE,190,676,221,709
1277384733Image000018.jpg,31,33,PASS_RIGHT_SIDE,190,676,221,709
1277384733Image000023.jpg,47,44,PASS_RIGHT_SIDE,134,647,181,691
1277384733Image000023.jpg,13,13,80_SIGN,318,727,331,740
1277384733Image000023.jpg,47,44,PASS_RIGHT_SIDE,134,647,181,691
1277384733Image000023.jpg,13,13,80_SIGN,318,727,331,740
1277384733Image000023.jpg,47,44,PASS_RIGHT_SIDE,134,647,181,691
1277384733Image000023.jpg,13,13,80_SIGN,318,727,331,740
1277384733Image000028.jpg,16,16,80_SIGN,346,720,362,736
1277384733Image000028.jpg,16,16,80_SIGN,346,720,362,736
1277384733Image000033.jpg,16,21,80_SIGN,370,716,386,737
1277384733Image000033.jpg,16,21,80_SIGN,370,716,386,737
1277384733Image000038.jpg,18,19,80_SIGN,416,713,434,732
1277384733Image000038.jpg,18,19,80_SIGN,416,713,434,732
1277384733Image000043.jpg,21,24,80_SIGN,445,695,466,719
1277384733Image000043.jpg,21,24,80_SIGN,445,695,466,719
1277384733Image000048.jpg,22,32,80_SIGN,467,693,489,725
1277384733Image000048.jpg,22,32,80_SIGN,467,693,489,725
1277384733Image000058.jpg,30,31,80_SIGN,531,701,561,732
1277384733Image000058.jpg,30,31,80_SIGN,531,701,561,732
1277384733Image000063.jpg,51,47,80_SIGN,625,660,676,707
1277384733Image000063.jpg,9,9,PASS_RIGHT_SIDE,195,716,204,725
1277384733Image000063.jpg,51,47,80_SIGN,625,660,676,707
1277384733Image000063.jpg,9,9,PASS_RIGHT_SIDE,195,716,204,725
1277384733Image000063.jpg,51,47,80_SIGN,625,660,676,707
1277384733Image000063.jpg,9,9,PASS_RIGHT_SIDE,195,716,204,725
1277384733Image000068.jpg,72,71,80_SIGN,792,612,864,683
1277384733Image000068.jpg,11,11,PASS_RIGHT_SIDE,202,714,213,725
1277384733Image000068.jpg,72,71,80_SIGN,792,612,864,683
1277384733Image000068.jpg,11,11,PASS_RIGHT_SIDE,202,714,213,725
1277384733Image000068.jpg,72,71,80_SIGN,792,612,864,683
1277384733Image000068.jpg,11,11,PASS_RIGHT_SIDE,202,714,213,725
1277384733Image000073.jpg,9,12,PASS_RIGHT_SIDE,198,718,207,730
1277384745Image000007.jpg,26,25,100_SIGN,506,673,532,698
1277384745Image000007.jpg,22,21,PRIORITY_ROAD,509,701,531,722
1277384745Image000007.jpg,20,24,100_SIGN,2,695,22,719
1277384745Image000007.jpg,26,25,100_SIGN,506,673,532,698
1277384745Image000007.jpg,22,21,PRIORITY_ROAD,509,701,531,722
1277384745Image000007.jpg,20,24,100_SIGN,2,695,22,719
1277384745Image000007.jpg,26,25,100_SIGN,506,673,532,698
1277384745Image000007.jpg,22,21,PRIORITY_ROAD,509,701,531,722
1277384745Image000007.jpg,20,24,100_SIGN,2,695,22,719
1277384745Image000007.jpg,26,25,100_SIGN,506,673,532,698
1277384745Image000007.jpg,22,21,PRIORITY_ROAD,509,701,531,722
1277384745Image000007.jpg,20,24,100_SIGN,2,695,22,719
1277384745Image000012.jpg,28,29,100_SIGN,522,670,550,699
1277384745Image000012.jpg,24,25,PRIORITY_ROAD,524,702,548,727
1277384745Image000012.jpg,28,29,100_SIGN,522,670,550,699
1277384745Image000012.jpg,24,25,PRIORITY_ROAD,524,702,548,727
1277384745Image000012.jpg,28,29,100_SIGN,522,670,550,699
1277384745Image000012.jpg,24,25,PRIORITY_ROAD,524,702,548,727
1277384745Image000022.jpg,37,41,100_SIGN,570,642,607,683
1277384745Image000022.jpg,35,33,PRIORITY_ROAD,573,688,608,721
1277384745Image000022.jpg,37,41,100_SIGN,570,642,607,683
1277384745Image000022.jpg,35,33,PRIORITY_ROAD,573,688,608,721
1277384745Image000022.jpg,37,41,100_SIGN,570,642,607,683
1277384745Image000022.jpg,35,33,PRIORITY_ROAD,573,688,608,721
1277384745Image000027.jpg,56,56,100_SIGN,642,607,698,663
1277384745Image000027.jpg,50,47,PRIORITY_ROAD,645,669,695,716
1277384745Image000027.jpg,56,56,100_SIGN,642,607,698,663
1277384745Image000027.jpg,50,47,PRIORITY_ROAD,645,669,695,716
1277384745Image000027.jpg,56,56,100_SIGN,642,607,698,663
1277384745Image000027.jpg,50,47,PRIORITY_ROAD,645,669,695,716
1277384745Image000032.jpg,76,74,100_SIGN,743,550,819,624
1277384745Image000032.jpg,72,71,PRIORITY_ROAD,744,629,816,700
1277384745Image000032.jpg,76,74,100_SIGN,743,550,819,624
1277384745Image000032.jpg,72,71,PRIORITY_ROAD,744,629,816,700
1277384745Image000032.jpg,76,74,100_SIGN,743,550,819,624
1277384745Image000032.jpg,72,71,PRIORITY_ROAD,744,629,816,700
1277384810Image000001.jpg,52,50,PASS_RIGHT_SIDE,151,656,203,706
1277384810Image000001.jpg,25,25,100_SIGN,605,671,630,696
1277384810Image000001.jpg,21,23,PRIORITY_ROAD,609,697,630,720
1277384810Image000001.jpg,52,50,PASS_RIGHT_SIDE,151,656,203,706
1277384810Image000001.jpg,25,25,100_SIGN,605,671,630,696
1277384810Image000001.jpg,21,23,PRIORITY_ROAD,609,697,630,720
1277384810Image000001.jpg,52,50,PASS_RIGHT_SIDE,151,656,203,706
1277384810Image000001.jpg,25,25,100_SIGN,605,671,630,696
1277384810Image000001.jpg,21,23,PRIORITY_ROAD,609,697,630,720
1277384810Image000006.jpg,70,73,PASS_RIGHT_SIDE,35,614,105,687
1277384810Image000006.jpg,28,27,100_SIGN,619,660,647,687
1277384810Image000006.jpg,25,25,PRIORITY_ROAD,623,689,648,714
1277384810Image000006.jpg,70,73,PASS_RIGHT_SIDE,35,614,105,687
1277384810Image000006.jpg,28,27,100_SIGN,619,660,647,687
1277384810Image000006.jpg,25,25,PRIORITY_ROAD,623,689,648,714
1277384810Image000006.jpg,70,73,PASS_RIGHT_SIDE,35,614,105,687
1277384810Image000006.jpg,28,27,100_SIGN,619,660,647,687
1277384810Image000006.jpg,25,25,PRIORITY_ROAD,623,689,648,714
1277384810Image000011.jpg,34,35,100_SIGN,644,643,678,678
1277384810Image000011.jpg,29,29,PRIORITY_ROAD,649,680,678,709
1277384810Image000011.jpg,34,35,100_SIGN,644,643,678,678
1277384810Image000011.jpg,29,29,PRIORITY_ROAD,649,680,678,709
1277384810Image000016.jpg,41,41,100_SIGN,701,616,742,657
1277384810Image000016.jpg,37,38,PRIORITY_ROAD,707,659,744,697
1277384810Image000016.jpg,41,41,100_SIGN,701,616,742,657
1277384810Image000016.jpg,37,38,PRIORITY_ROAD,707,659,744,697
1277384810Image000021.jpg,59,59,100_SIGN,794,567,853,626
1277384810Image000021.jpg,53,53,PRIORITY_ROAD,803,630,856,683
1277384810Image000021.jpg,59,59,100_SIGN,794,567,853,626
1277384810Image000021.jpg,53,53,PRIORITY_ROAD,803,630,856,683
1277384833Image000002.jpg,24,24,GIVE_WAY,603,707,627,731
1277384833Image000007.jpg,30,27,GIVE_WAY,633,700,663,727
1277384833Image000007.jpg,30,27,GIVE_WAY,633,700,663,727
1277384833Image000012.jpg,33,31,GIVE_WAY,672,699,705,730
1277384833Image000012.jpg,33,31,GIVE_WAY,672,699,705,730
1277384833Image000017.jpg,38,34,GIVE_WAY,721,684,759,718
1277384833Image000017.jpg,38,34,GIVE_WAY,721,684,759,718
1277384833Image000022.jpg,46,43,GIVE_WAY,786,664,832,707
1277384833Image000022.jpg,46,43,GIVE_WAY,786,664,832,707
1277384833Image000027.jpg,57,59,GIVE_WAY,914,630,971,689
1277384833Image000027.jpg,57,59,GIVE_WAY,914,630,971,689
1277384833Image000032.jpg,74,86,GIVE_WAY,1101,589,1175,675
1277384833Image000032.jpg,74,86,GIVE_WAY,1101,589,1175,675
1277384921Image000001.jpg,10,14,STOP,509,714,519,728
1277384921Image000001.jpg,10,14,STOP,509,714,519,728
1277384921Image000006.jpg,14,17,STOP,515,717,529,734
1277384921Image000006.jpg,14,17,STOP,515,717,529,734
1277384921Image000011.jpg,12,15,STOP,520,712,532,727
1277384921Image000011.jpg,12,15,STOP,520,712,532,727
1277384921Image000016.jpg,13,18,STOP,530,717,543,735
1277384921Image000016.jpg,13,18,STOP,530,717,543,735
1277384925Image000001.jpg,55,55,PASS_EITHER_SIDE,664,644,719,699
1277384925Image000001.jpg,26,28,STOP,704,693,730,721
1277384925Image000001.jpg,16,15,80_SIGN,454,720,470,735
1277384925Image000001.jpg,10,7,PRIORITY_ROAD,456,737,466,744
1277384925Image000001.jpg,55,55,PASS_EITHER_SIDE,664,644,719,699
1277384925Image000001.jpg,26,28,STOP,704,693,730,721
1277384925Image000001.jpg,16,15,80_SIGN,454,720,470,735
1277384925Image000001.jpg,10,7,PRIORITY_ROAD,456,737,466,744
1277384925Image000001.jpg,55,55,PASS_EITHER_SIDE,664,644,719,699
1277384925Image000001.jpg,26,28,STOP,704,693,730,721
1277384925Image000001.jpg,16,15,80_SIGN,454,720,470,735
1277384925Image000001.jpg,10,7,PRIORITY_ROAD,456,737,466,744
1277384925Image000001.jpg,55,55,PASS_EITHER_SIDE,664,644,719,699
1277384925Image000001.jpg,26,28,STOP,704,693,730,721
1277384925Image000001.jpg,16,15,80_SIGN,454,720,470,735
1277384925Image000001.jpg,10,7,PRIORITY_ROAD,456,737,466,744
1277384925Image000001.jpg,55,55,PASS_EITHER_SIDE,664,644,719,699
1277384925Image000001.jpg,26,28,STOP,704,693,730,721
1277384925Image000001.jpg,16,15,80_SIGN,454,720,470,735
1277384925Image000001.jpg,10,7,PRIORITY_ROAD,456,737,466,744
1277384925Image000006.jpg,79,77,PASS_EITHER_SIDE,795,602,874,679
1277384925Image000006.jpg,26,47,STOP,761,685,787,732
1277384925Image000006.jpg,15,17,80_SIGN,463,718,478,735
1277384925Image000006.jpg,10,9,PRIORITY_ROAD,466,736,476,745
1277384925Image000006.jpg,79,77,PASS_EITHER_SIDE,795,602,874,679
1277384925Image000006.jpg,26,47,STOP,761,685,787,732
1277384925Image000006.jpg,15,17,80_SIGN,463,718,478,735
1277384925Image000006.jpg,10,9,PRIORITY_ROAD,466,736,476,745
1277384925Image000006.jpg,79,77,PASS_EITHER_SIDE,795,602,874,679
1277384925Image000006.jpg,26,47,STOP,761,685,787,732
1277384925Image000006.jpg,15,17,80_SIGN,463,718,478,735
1277384925Image000006.jpg,10,9,PRIORITY_ROAD,466,736,476,745
1277384925Image000006.jpg,79,77,PASS_EITHER_SIDE,795,602,874,679
1277384925Image000006.jpg,26,47,STOP,761,685,787,732
1277384925Image000006.jpg,15,17,80_SIGN,463,718,478,735
1277384925Image000006.jpg,10,9,PRIORITY_ROAD,466,736,476,745
1277384925Image000006.jpg,79,77,PASS_EITHER_SIDE,795,602,874,679
1277384925Image000006.jpg,26,47,STOP,761,685,787,732
1277384925Image000006.jpg,15,17,80_SIGN,463,718,478,735
1277384925Image000006.jpg,10,9,PRIORITY_ROAD,466,736,476,745
1277384925Image000011.jpg,28,58,STOP,884,663,912,721
1277384925Image000011.jpg,17,18,80_SIGN,472,709,489,727
1277384925Image000011.jpg,10,10,PRIORITY_ROAD,476,729,486,739
1277384925Image000011.jpg,28,58,STOP,884,663,912,721
1277384925Image000011.jpg,17,18,80_SIGN,472,709,489,727
1277384925Image000011.jpg,10,10,PRIORITY_ROAD,476,729,486,739
1277384925Image000011.jpg,28,58,STOP,884,663,912,721
1277384925Image000011.jpg,17,18,80_SIGN,472,709,489,727
1277384925Image000011.jpg,10,10,PRIORITY_ROAD,476,729,486,739
1277384925Image000011.jpg,28,58,STOP,884,663,912,721
1277384925Image000011.jpg,17,18,80_SIGN,472,709,489,727
1277384925Image000011.jpg,10,10,PRIORITY_ROAD,476,729,486,739
1277384929Image000001.jpg,51,54,80_SIGN,678,617,729,671
1277384929Image000001.jpg,36,35,PRIORITY_ROAD,685,679,721,714
1277384929Image000001.jpg,51,54,80_SIGN,678,617,729,671
1277384929Image000001.jpg,36,35,PRIORITY_ROAD,685,679,721,714
1277384929Image000001.jpg,51,54,80_SIGN,678,617,729,671
1277384929Image000001.jpg,36,35,PRIORITY_ROAD,685,679,721,714
1277384956Image000003.jpg,31,34,100_SIGN,588,665,619,699
1277384956Image000003.jpg,20,19,PRIORITY_ROAD,595,698,615,717
1277384956Image000003.jpg,31,34,100_SIGN,588,665,619,699
1277384956Image000003.jpg,20,19,PRIORITY_ROAD,595,698,615,717
1277384956Image000003.jpg,31,34,100_SIGN,588,665,619,699
1277384956Image000003.jpg,20,19,PRIORITY_ROAD,595,698,615,717
1277384956Image000013.jpg,57,60,100_SIGN,838,593,895,653
1277384956Image000013.jpg,35,35,PRIORITY_ROAD,850,652,885,687
1277384956Image000013.jpg,57,60,100_SIGN,838,593,895,653
1277384956Image000013.jpg,35,35,PRIORITY_ROAD,850,652,885,687
1277384956Image000013.jpg,57,60,100_SIGN,838,593,895,653
1277384956Image000013.jpg,35,35,PRIORITY_ROAD,850,652,885,687
1277385026Image000003.jpg,28,28,70_SIGN,559,678,587,706
1277385026Image000003.jpg,28,28,70_SIGN,559,678,587,706
1277385026Image000008.jpg,39,39,70_SIGN,605,671,644,710
1277385026Image000008.jpg,39,39,70_SIGN,605,671,644,710
1277385026Image000013.jpg,53,53,70_SIGN,695,642,748,695
1277385026Image000013.jpg,53,53,70_SIGN,695,642,748,695
1277385026Image000018.jpg,118,118,70_SIGN,1085,524,1203,642
1277385026Image000018.jpg,118,118,70_SIGN,1085,524,1203,642
1277385712Image000003.jpg,50,51,PASS_RIGHT_SIDE,95,652,145,703
1277385749Image000007.jpg,99,97,100_SIGN,854,493,953,590
1277385749Image000007.jpg,89,91,PRIORITY_ROAD,860,591,949,682
1277385749Image000007.jpg,99,97,100_SIGN,854,493,953,590
1277385749Image000007.jpg,89,91,PRIORITY_ROAD,860,591,949,682
1277385749Image000007.jpg,99,97,100_SIGN,854,493,953,590
1277385749Image000007.jpg,89,91,PRIORITY_ROAD,860,591,949,682
1277385783Image000001.jpg,16,58,STOP,1147,605,1163,663
1277385783Image000001.jpg,23,23,100_SIGN,477,685,500,708
1277385783Image000001.jpg,21,22,PRIORITY_ROAD,480,706,501,728
1277385783Image000001.jpg,24,23,PASS_RIGHT_SIDE,220,658,244,681
1277385783Image000001.jpg,16,58,STOP,1147,605,1163,663
1277385783Image000001.jpg,23,23,100_SIGN,477,685,500,708
1277385783Image000001.jpg,21,22,PRIORITY_ROAD,480,706,501,728
1277385783Image000001.jpg,24,23,PASS_RIGHT_SIDE,220,658,244,681
1277385783Image000001.jpg,16,58,STOP,1147,605,1163,663
1277385783Image000001.jpg,23,23,100_SIGN,477,685,500,708
1277385783Image000001.jpg,21,22,PRIORITY_ROAD,480,706,501,728
1277385783Image000001.jpg,24,23,PASS_RIGHT_SIDE,220,658,244,681
1277385783Image000001.jpg,16,58,STOP,1147,605,1163,663
1277385783Image000001.jpg,23,23,100_SIGN,477,685,500,708
1277385783Image000001.jpg,21,22,PRIORITY_ROAD,480,706,501,728
1277385783Image000001.jpg,24,23,PASS_RIGHT_SIDE,220,658,244,681
1277385783Image000001.jpg,16,58,STOP,1147,605,1163,663
1277385783Image000001.jpg,23,23,100_SIGN,477,685,500,708
1277385783Image000001.jpg,21,22,PRIORITY_ROAD,480,706,501,728
1277385783Image000001.jpg,24,23,PASS_RIGHT_SIDE,220,658,244,681
1277385783Image000006.jpg,25,25,100_SIGN,490,680,515,705
1277385783Image000006.jpg,23,22,PRIORITY_ROAD,492,707,515,729
1277385783Image000006.jpg,34,34,PASS_RIGHT_SIDE,160,629,194,663
1277385783Image000006.jpg,25,25,100_SIGN,490,680,515,705
1277385783Image000006.jpg,23,22,PRIORITY_ROAD,492,707,515,729
1277385783Image000006.jpg,34,34,PASS_RIGHT_SIDE,160,629,194,663
1277385783Image000006.jpg,25,25,100_SIGN,490,680,515,705
1277385783Image000006.jpg,23,22,PRIORITY_ROAD,492,707,515,729
1277385783Image000006.jpg,34,34,PASS_RIGHT_SIDE,160,629,194,663
1277385783Image000006.jpg,25,25,100_SIGN,490,680,515,705
1277385783Image000006.jpg,23,22,PRIORITY_ROAD,492,707,515,729
1277385783Image000006.jpg,34,34,PASS_RIGHT_SIDE,160,629,194,663
1277385783Image000011.jpg,30,28,100_SIGN,504,673,534,701
1277385783Image000011.jpg,25,26,PRIORITY_ROAD,508,702,533,728
1277385783Image000011.jpg,54,51,PASS_RIGHT_SIDE,34,564,88,615
1277385783Image000011.jpg,30,28,100_SIGN,504,673,534,701
1277385783Image000011.jpg,25,26,PRIORITY_ROAD,508,702,533,728
1277385783Image000011.jpg,54,51,PASS_RIGHT_SIDE,34,564,88,615
1277385783Image000011.jpg,30,28,100_SIGN,504,673,534,701
1277385783Image000011.jpg,25,26,PRIORITY_ROAD,508,702,533,728
1277385783Image000011.jpg,54,51,PASS_RIGHT_SIDE,34,564,88,615
1277385783Image000011.jpg,30,28,100_SIGN,504,673,534,701
1277385783Image000011.jpg,25,26,PRIORITY_ROAD,508,702,533,728
1277385783Image000011.jpg,54,51,PASS_RIGHT_SIDE,34,564,88,615
1277385783Image000016.jpg,35,38,100_SIGN,543,650,578,688
1277385783Image000016.jpg,34,32,PRIORITY_ROAD,547,690,581,722
1277385783Image000016.jpg,35,38,100_SIGN,543,650,578,688
1277385783Image000016.jpg,34,32,PRIORITY_ROAD,547,690,581,722
1277385783Image000016.jpg,35,38,100_SIGN,543,650,578,688
1277385783Image000016.jpg,34,32,PRIORITY_ROAD,547,690,581,722
1277385783Image000021.jpg,63,64,100_SIGN,659,584,722,648
1277385783Image000021.jpg,55,56,PRIORITY_ROAD,668,651,723,707
1277385783Image000021.jpg,63,64,100_SIGN,659,584,722,648
1277385783Image000021.jpg,55,56,PRIORITY_ROAD,668,651,723,707
1277385783Image000021.jpg,63,64,100_SIGN,659,584,722,648
1277385783Image000021.jpg,55,56,PRIORITY_ROAD,668,651,723,707
1277385783Image000026.jpg,126,127,100_SIGN,982,404,1108,531
1277385783Image000026.jpg,111,119,PRIORITY_ROAD,1000,539,1111,658
1277385783Image000026.jpg,126,127,100_SIGN,982,404,1108,531
1277385783Image000026.jpg,111,119,PRIORITY_ROAD,1000,539,1111,658
1277385783Image000026.jpg,126,127,100_SIGN,982,404,1108,531
1277385783Image000026.jpg,111,119,PRIORITY_ROAD,1000,539,1111,658
1277385827Image000001.jpg,25,25,PRIORITY_ROAD,576,696,601,721
1277385827Image000006.jpg,27,29,PRIORITY_ROAD,626,692,653,721
1277385827Image000011.jpg,36,37,PRIORITY_ROAD,713,680,749,717
1277385827Image000016.jpg,59,67,PRIORITY_ROAD,960,647,1019,714
1277385864Image000002.jpg,59,60,100_SIGN,683,599,742,659
1277385864Image000002.jpg,51,53,PRIORITY_ROAD,691,662,742,715
1277385864Image000002.jpg,59,60,100_SIGN,683,599,742,659
1277385864Image000002.jpg,51,53,PRIORITY_ROAD,691,662,742,715
1277385864Image000002.jpg,59,60,100_SIGN,683,599,742,659
1277385864Image000002.jpg,51,53,PRIORITY_ROAD,691,662,742,715
1277385864Image000007.jpg,81,82,100_SIGN,779,542,860,624
1277385864Image000007.jpg,73,70,PRIORITY_ROAD,791,625,864,695
1277385864Image000007.jpg,81,82,100_SIGN,779,542,860,624
1277385864Image000007.jpg,73,70,PRIORITY_ROAD,791,625,864,695
1277385864Image000007.jpg,81,82,100_SIGN,779,542,860,624
1277385864Image000007.jpg,73,70,PRIORITY_ROAD,791,625,864,695
1277385864Image000012.jpg,146,154,100_SIGN,1122,347,1268,501
1277385864Image000012.jpg,118,142,PRIORITY_ROAD,1161,503,1279,645
1277385864Image000012.jpg,146,154,100_SIGN,1122,347,1268,501
1277385864Image000012.jpg,118,142,PRIORITY_ROAD,1161,503,1279,645
1277385864Image000012.jpg,146,154,100_SIGN,1122,347,1268,501
1277385864Image000012.jpg,118,142,PRIORITY_ROAD,1161,503,1279,645
1277385890Image000001.jpg,16,67,STOP,1107,575,1123,642
1277385890Image000001.jpg,18,18,PRIORITY_ROAD,488,702,506,720
1277385890Image000001.jpg,37,41,PASS_RIGHT_SIDE,181,642,218,683
1277385890Image000001.jpg,16,67,STOP,1107,575,1123,642
1277385890Image000001.jpg,18,18,PRIORITY_ROAD,488,702,506,720
1277385890Image000001.jpg,37,41,PASS_RIGHT_SIDE,181,642,218,683
1277385890Image000001.jpg,16,67,STOP,1107,575,1123,642
1277385890Image000001.jpg,18,18,PRIORITY_ROAD,488,702,506,720
1277385890Image000001.jpg,37,41,PASS_RIGHT_SIDE,181,642,218,683
1277385890Image000006.jpg,20,21,PRIORITY_ROAD,500,699,520,720
1277385890Image000006.jpg,55,59,PASS_RIGHT_SIDE,98,603,153,662
1277385890Image000006.jpg,20,21,PRIORITY_ROAD,500,699,520,720
1277385890Image000006.jpg,55,59,PASS_RIGHT_SIDE,98,603,153,662
1277385890Image000016.jpg,24,30,PRIORITY_ROAD,545,687,569,717
1277385890Image000021.jpg,31,34,PRIORITY_ROAD,578,675,609,709
1277385890Image000026.jpg,41,41,PRIORITY_ROAD,620,667,661,708
1277385890Image000031.jpg,52,50,PRIORITY_ROAD,686,646,738,696
1277385890Image000036.jpg,71,72,PRIORITY_ROAD,809,606,880,678
1277385890Image000041.jpg,106,156,PRIORITY_ROAD,1174,459,1280,615
1277385920Image000002.jpg,29,27,70_SIGN,493,676,522,703
1277385920Image000002.jpg,29,27,70_SIGN,493,676,522,703
1277385920Image000012.jpg,42,40,70_SIGN,542,659,584,699
1277385920Image000012.jpg,42,40,70_SIGN,542,659,584,699
1277385920Image000017.jpg,53,50,70_SIGN,582,633,635,683
1277385920Image000017.jpg,53,50,70_SIGN,582,633,635,683
1277385920Image000027.jpg,114,118,70_SIGN,851,488,965,606
1277385920Image000027.jpg,114,118,70_SIGN,851,488,965,606
1277385929Image000001.jpg,14,14,70_SIGN,495,699,509,713
1277385929Image000001.jpg,14,13,70_SIGN,244,709,258,722
1277385929Image000001.jpg,14,14,70_SIGN,495,699,509,713
1277385929Image000001.jpg,14,13,70_SIGN,244,709,258,722
1277385929Image000001.jpg,14,14,70_SIGN,495,699,509,713
1277385929Image000001.jpg,14,13,70_SIGN,244,709,258,722
1277385929Image000006.jpg,14,14,70_SIGN,491,697,505,711
1277385929Image000006.jpg,14,15,70_SIGN,224,706,238,721
1277385929Image000006.jpg,14,14,70_SIGN,491,697,505,711
1277385929Image000006.jpg,14,15,70_SIGN,224,706,238,721
1277385929Image000006.jpg,14,14,70_SIGN,491,697,505,711
1277385929Image000006.jpg,14,15,70_SIGN,224,706,238,721
1277385929Image000011.jpg,15,15,70_SIGN,486,702,501,717
1277385929Image000011.jpg,16,14,70_SIGN,199,715,215,729
1277385929Image000011.jpg,15,15,70_SIGN,486,702,501,717
1277385929Image000011.jpg,16,14,70_SIGN,199,715,215,729
1277385929Image000011.jpg,15,15,70_SIGN,486,702,501,717
1277385929Image000011.jpg,16,14,70_SIGN,199,715,215,729
1277385929Image000016.jpg,15,16,70_SIGN,485,697,500,713
1277385929Image000016.jpg,17,16,70_SIGN,176,711,193,727
1277385929Image000016.jpg,15,16,70_SIGN,485,697,500,713
1277385929Image000016.jpg,17,16,70_SIGN,176,711,193,727
1277385929Image000016.jpg,15,16,70_SIGN,485,697,500,713
1277385929Image000016.jpg,17,16,70_SIGN,176,711,193,727
1277385934Image000001.jpg,48,45,70_SIGN,601,652,649,697
1277385934Image000006.jpg,62,59,70_SIGN,647,625,709,684
1277385934Image000011.jpg,80,80,70_SIGN,734,587,814,667
1277385934Image000016.jpg,148,156,70_SIGN,1041,441,1189,597
1277385953Image000001.jpg,43,43,70_SIGN,599,623,642,666
1277385953Image000001.jpg,37,37,PRIORITY_ROAD,604,669,641,706
1277385953Image000001.jpg,43,43,70_SIGN,599,623,642,666
1277385953Image000001.jpg,37,37,PRIORITY_ROAD,604,669,641,706
1277385953Image000001.jpg,43,43,70_SIGN,599,623,642,666
1277385953Image000001.jpg,37,37,PRIORITY_ROAD,604,669,641,706
1277385953Image000006.jpg,53,52,70_SIGN,648,603,701,655
1277385953Image000006.jpg,46,48,PRIORITY_ROAD,654,657,700,705
1277385953Image000006.jpg,53,52,70_SIGN,648,603,701,655
1277385953Image000006.jpg,46,48,PRIORITY_ROAD,654,657,700,705
1277385953Image000006.jpg,53,52,70_SIGN,648,603,701,655
1277385953Image000006.jpg,46,48,PRIORITY_ROAD,654,657,700,705
1277385953Image000011.jpg,74,75,70_SIGN,736,560,810,635
1277385953Image000011.jpg,62,64,PRIORITY_ROAD,744,636,806,700
1277385953Image000011.jpg,74,75,70_SIGN,736,560,810,635
1277385953Image000011.jpg,62,64,PRIORITY_ROAD,744,636,806,700
1277385953Image000011.jpg,74,75,70_SIGN,736,560,810,635
1277385953Image000011.jpg,62,64,PRIORITY_ROAD,744,636,806,700
1277385953Image000016.jpg,119,121,70_SIGN,985,432,1104,553
1277385953Image000016.jpg,102,109,PRIORITY_ROAD,1000,559,1102,668
1277385953Image000016.jpg,119,121,70_SIGN,985,432,1104,553
1277385953Image000016.jpg,102,109,PRIORITY_ROAD,1000,559,1102,668
1277385953Image000016.jpg,119,121,70_SIGN,985,432,1104,553
1277385953Image000016.jpg,102,109,PRIORITY_ROAD,1000,559,1102,668
1277385964Image000007.jpg,64,66,100_SIGN,895,570,959,636
1277385964Image000007.jpg,55,58,PRIORITY_ROAD,904,640,959,698
1277385964Image000007.jpg,24,25,PASS_RIGHT_SIDE,198,701,222,726
1277385964Image000007.jpg,64,66,100_SIGN,895,570,959,636
1277385964Image000007.jpg,55,58,PRIORITY_ROAD,904,640,959,698
1277385964Image000007.jpg,24,25,PASS_RIGHT_SIDE,198,701,222,726
1277385964Image000007.jpg,64,66,100_SIGN,895,570,959,636
1277385964Image000007.jpg,55,58,PRIORITY_ROAD,904,640,959,698
1277385964Image000007.jpg,24,25,PASS_RIGHT_SIDE,198,701,222,726
1277385964Image000007.jpg,64,66,100_SIGN,895,570,959,636
1277385964Image000007.jpg,55,58,PRIORITY_ROAD,904,640,959,698
1277385964Image000007.jpg,24,25,PASS_RIGHT_SIDE,198,701,222,726
1277385964Image000012.jpg,44,45,PASS_RIGHT_SIDE,45,652,89,697
1277385964Image000012.jpg,44,45,PASS_RIGHT_SIDE,45,652,89,697
1277386032Image000001.jpg,101,143,OTHER,1166,492,1267,635
1277386032Image000001.jpg,20,41,STOP,748,686,768,727
1277386032Image000001.jpg,15,16,PRIORITY_ROAD,496,737,511,753
1277386032Image000001.jpg,26,28,PASS_RIGHT_SIDE,210,708,236,736
1277386032Image000001.jpg,101,143,OTHER,1166,492,1267,635
1277386032Image000001.jpg,20,41,STOP,748,686,768,727
1277386032Image000001.jpg,15,16,PRIORITY_ROAD,496,737,511,753
1277386032Image000001.jpg,26,28,PASS_RIGHT_SIDE,210,708,236,736
1277386032Image000001.jpg,101,143,OTHER,1166,492,1267,635
1277386032Image000001.jpg,20,41,STOP,748,686,768,727
1277386032Image000001.jpg,15,16,PRIORITY_ROAD,496,737,511,753
1277386032Image000001.jpg,26,28,PASS_RIGHT_SIDE,210,708,236,736
1277386032Image000001.jpg,101,143,OTHER,1166,492,1267,635
1277386032Image000001.jpg,20,41,STOP,748,686,768,727
1277386032Image000001.jpg,15,16,PRIORITY_ROAD,496,737,511,753
1277386032Image000001.jpg,26,28,PASS_RIGHT_SIDE,210,708,236,736
1277386032Image000006.jpg,21,50,STOP,846,665,867,715
1277386032Image000006.jpg,18,18,PRIORITY_ROAD,511,731,529,749
1277386032Image000006.jpg,32,31,PASS_RIGHT_SIDE,174,696,206,727
1277386032Image000006.jpg,21,50,STOP,846,665,867,715
1277386032Image000006.jpg,18,18,PRIORITY_ROAD,511,731,529,749
1277386032Image000006.jpg,32,31,PASS_RIGHT_SIDE,174,696,206,727
1277386032Image000006.jpg,21,50,STOP,846,665,867,715
1277386032Image000006.jpg,18,18,PRIORITY_ROAD,511,731,529,749
1277386032Image000006.jpg,32,31,PASS_RIGHT_SIDE,174,696,206,727
1277386032Image000011.jpg,22,74,STOP,1052,624,1074,698
1277386032Image000011.jpg,21,21,PRIORITY_ROAD,528,724,549,745
1277386032Image000011.jpg,42,42,PASS_RIGHT_SIDE,104,672,146,714
1277386032Image000011.jpg,22,74,STOP,1052,624,1074,698
1277386032Image000011.jpg,21,21,PRIORITY_ROAD,528,724,549,745
1277386032Image000011.jpg,42,42,PASS_RIGHT_SIDE,104,672,146,714
1277386032Image000011.jpg,22,74,STOP,1052,624,1074,698
1277386032Image000011.jpg,21,21,PRIORITY_ROAD,528,724,549,745
1277386032Image000011.jpg,42,42,PASS_RIGHT_SIDE,104,672,146,714
1277386032Image000016.jpg,22,25,PRIORITY_ROAD,553,717,575,742
1277386032Image000016.jpg,30,63,PASS_RIGHT_SIDE,0,638,30,701
1277386032Image000016.jpg,22,25,PRIORITY_ROAD,553,717,575,742
1277386032Image000016.jpg,30,63,PASS_RIGHT_SIDE,0,638,30,701
1277386082Image000002.jpg,26,30,70_SIGN,515,669,541,699
1277386082Image000002.jpg,26,30,70_SIGN,515,669,541,699
1277386082Image000012.jpg,38,45,70_SIGN,576,648,614,693
1277386082Image000012.jpg,38,45,70_SIGN,576,648,614,693
1277386082Image000017.jpg,56,63,70_SIGN,666,607,722,670
1277386082Image000017.jpg,56,63,70_SIGN,666,607,722,670
1277386082Image000022.jpg,83,91,70_SIGN,802,548,885,639
1277386082Image000022.jpg,83,91,70_SIGN,802,548,885,639
1277386082Image000027.jpg,115,167,70_SIGN,1166,378,1281,545
1277386082Image000027.jpg,115,167,70_SIGN,1166,378,1281,545
1277386091Image000004.jpg,65,67,70_SIGN,673,615,738,682
1277386091Image000004.jpg,65,67,70_SIGN,673,615,738,682
1277386091Image000009.jpg,97,95,70_SIGN,806,549,903,644
1277386091Image000009.jpg,12,15,PASS_RIGHT_SIDE,340,730,352,745
1277386091Image000009.jpg,97,95,70_SIGN,806,549,903,644
1277386091Image000009.jpg,12,15,PASS_RIGHT_SIDE,340,730,352,745
1277386091Image000009.jpg,97,95,70_SIGN,806,549,903,644
1277386091Image000009.jpg,12,15,PASS_RIGHT_SIDE,340,730,352,745
1277386091Image000014.jpg,123,185,70_SIGN,1156,371,1279,556
1277386091Image000014.jpg,16,15,PASS_RIGHT_SIDE,337,725,353,740
1277386091Image000014.jpg,123,185,70_SIGN,1156,371,1279,556
1277386091Image000014.jpg,16,15,PASS_RIGHT_SIDE,337,725,353,740
1277386091Image000014.jpg,123,185,70_SIGN,1156,371,1279,556
1277386091Image000014.jpg,16,15,PASS_RIGHT_SIDE,337,725,353,740
1277386095Image000001.jpg,31,31,PASS_RIGHT_SIDE,201,682,232,713
1277386095Image000001.jpg,31,31,PASS_RIGHT_SIDE,201,682,232,713
1277386095Image000006.jpg,37,39,PASS_RIGHT_SIDE,162,671,199,710
1277386095Image000006.jpg,37,39,PASS_RIGHT_SIDE,162,671,199,710
1277386095Image000011.jpg,47,47,PASS_RIGHT_SIDE,93,657,140,704
1277386095Image000011.jpg,47,47,PASS_RIGHT_SIDE,93,657,140,704
1277386107Image000007.jpg,21,19,100_SIGN,592,646,613,665
1277386107Image000007.jpg,15,18,PRIORITY_ROAD,597,667,612,685
1277386107Image000007.jpg,82,87,PASS_RIGHT_SIDE,18,596,100,683
1277386107Image000007.jpg,20,18,100_SIGN,6,676,26,694
1277386107Image000007.jpg,21,19,100_SIGN,592,646,613,665
1277386107Image000007.jpg,15,18,PRIORITY_ROAD,597,667,612,685
1277386107Image000007.jpg,82,87,PASS_RIGHT_SIDE,18,596,100,683
1277386107Image000007.jpg,20,18,100_SIGN,6,676,26,694
1277386107Image000007.jpg,21,19,100_SIGN,592,646,613,665
1277386107Image000007.jpg,15,18,PRIORITY_ROAD,597,667,612,685
1277386107Image000007.jpg,82,87,PASS_RIGHT_SIDE,18,596,100,683
1277386107Image000007.jpg,20,18,100_SIGN,6,676,26,694
1277386107Image000007.jpg,21,19,100_SIGN,592,646,613,665
1277386107Image000007.jpg,15,18,PRIORITY_ROAD,597,667,612,685
1277386107Image000007.jpg,82,87,PASS_RIGHT_SIDE,18,596,100,683
1277386107Image000007.jpg,20,18,100_SIGN,6,676,26,694
1277386107Image000007.jpg,21,19,100_SIGN,592,646,613,665
1277386107Image000007.jpg,15,18,PRIORITY_ROAD,597,667,612,685
1277386107Image000007.jpg,82,87,PASS_RIGHT_SIDE,18,596,100,683
1277386107Image000007.jpg,20,18,100_SIGN,6,676,26,694
1277386107Image000017.jpg,31,27,100_SIGN,653,654,684,681
1277386107Image000017.jpg,27,27,PRIORITY_ROAD,654,684,681,711
1277386107Image000017.jpg,31,27,100_SIGN,653,654,684,681
1277386107Image000017.jpg,27,27,PRIORITY_ROAD,654,684,681,711
1277386107Image000017.jpg,31,27,100_SIGN,653,654,684,681
1277386107Image000017.jpg,27,27,PRIORITY_ROAD,654,684,681,711
1277386107Image000022.jpg,37,35,100_SIGN,727,629,764,664
1277386107Image000022.jpg,28,29,PRIORITY_ROAD,733,666,761,695
1277386107Image000022.jpg,37,35,100_SIGN,727,629,764,664
1277386107Image000022.jpg,28,29,PRIORITY_ROAD,733,666,761,695
1277386107Image000022.jpg,37,35,100_SIGN,727,629,764,664
1277386107Image000022.jpg,28,29,PRIORITY_ROAD,733,666,761,695
1277386107Image000027.jpg,41,45,100_SIGN,793,611,834,656
1277386107Image000027.jpg,36,39,PRIORITY_ROAD,798,653,834,692
1277386107Image000027.jpg,41,45,100_SIGN,793,611,834,656
1277386107Image000027.jpg,36,39,PRIORITY_ROAD,798,653,834,692
1277386107Image000027.jpg,41,45,100_SIGN,793,611,834,656
1277386107Image000027.jpg,36,39,PRIORITY_ROAD,798,653,834,692
1277386107Image000032.jpg,57,59,100_SIGN,939,566,996,625
1277386107Image000032.jpg,48,52,PRIORITY_ROAD,948,627,996,679
1277386107Image000032.jpg,57,59,100_SIGN,939,566,996,625
1277386107Image000032.jpg,48,52,PRIORITY_ROAD,948,627,996,679
1277386107Image000032.jpg,57,59,100_SIGN,939,566,996,625
1277386107Image000032.jpg,48,52,PRIORITY_ROAD,948,627,996,679
1277386107Image000037.jpg,77,84,100_SIGN,1140,504,1217,588
1277386107Image000037.jpg,61,74,PRIORITY_ROAD,1155,589,1216,663
1277386107Image000037.jpg,77,84,100_SIGN,1140,504,1217,588
1277386107Image000037.jpg,61,74,PRIORITY_ROAD,1155,589,1216,663
1277386107Image000037.jpg,77,84,100_SIGN,1140,504,1217,588
1277386107Image000037.jpg,61,74,PRIORITY_ROAD,1155,589,1216,663
1277386192Image000002.jpg,18,30,STOP,726,679,744,709
1277386192Image000002.jpg,14,13,100_SIGN,541,701,555,714
1277386192Image000002.jpg,12,11,PRIORITY_ROAD,543,714,555,725
1277386192Image000002.jpg,18,30,STOP,726,679,744,709
1277386192Image000002.jpg,14,13,100_SIGN,541,701,555,714
1277386192Image000002.jpg,12,11,PRIORITY_ROAD,543,714,555,725
1277386192Image000002.jpg,18,30,STOP,726,679,744,709
1277386192Image000002.jpg,14,13,100_SIGN,541,701,555,714
1277386192Image000002.jpg,12,11,PRIORITY_ROAD,543,714,555,725
1277386192Image000002.jpg,18,30,STOP,726,679,744,709
1277386192Image000002.jpg,14,13,100_SIGN,541,701,555,714
1277386192Image000002.jpg,12,11,PRIORITY_ROAD,543,714,555,725
1277386192Image000007.jpg,22,35,STOP,795,663,817,698
1277386192Image000007.jpg,15,14,100_SIGN,546,695,561,709
1277386192Image000007.jpg,13,12,PRIORITY_ROAD,548,709,561,721
1277386192Image000007.jpg,22,35,STOP,795,663,817,698
1277386192Image000007.jpg,15,14,100_SIGN,546,695,561,709
1277386192Image000007.jpg,13,12,PRIORITY_ROAD,548,709,561,721
1277386192Image000007.jpg,22,35,STOP,795,663,817,698
1277386192Image000007.jpg,15,14,100_SIGN,546,695,561,709
1277386192Image000007.jpg,13,12,PRIORITY_ROAD,548,709,561,721
1277386192Image000007.jpg,22,35,STOP,795,663,817,698
1277386192Image000007.jpg,15,14,100_SIGN,546,695,561,709
1277386192Image000007.jpg,13,12,PRIORITY_ROAD,548,709,561,721
1277386192Image000012.jpg,26,46,STOP,903,636,929,682
1277386192Image000012.jpg,15,15,100_SIGN,550,688,565,703
1277386192Image000012.jpg,13,13,PRIORITY_ROAD,552,703,565,716
1277386192Image000012.jpg,26,46,STOP,903,636,929,682
1277386192Image000012.jpg,15,15,100_SIGN,550,688,565,703
1277386192Image000012.jpg,13,13,PRIORITY_ROAD,552,703,565,716
1277386192Image000012.jpg,26,46,STOP,903,636,929,682
1277386192Image000012.jpg,15,15,100_SIGN,550,688,565,703
1277386192Image000012.jpg,13,13,PRIORITY_ROAD,552,703,565,716
1277386192Image000012.jpg,26,46,STOP,903,636,929,682
1277386192Image000012.jpg,15,15,100_SIGN,550,688,565,703
1277386192Image000012.jpg,13,13,PRIORITY_ROAD,552,703,565,716
1277386192Image000017.jpg,29,57,STOP,1060,607,1089,664
1277386192Image000017.jpg,17,17,100_SIGN,554,685,571,702
1277386192Image000017.jpg,16,15,PRIORITY_ROAD,556,703,572,718
1277386192Image000017.jpg,29,57,STOP,1060,607,1089,664
1277386192Image000017.jpg,17,17,100_SIGN,554,685,571,702
1277386192Image000017.jpg,16,15,PRIORITY_ROAD,556,703,572,718
1277386192Image000017.jpg,29,57,STOP,1060,607,1089,664
1277386192Image000017.jpg,17,17,100_SIGN,554,685,571,702
1277386192Image000017.jpg,16,15,PRIORITY_ROAD,556,703,572,718
1277386192Image000017.jpg,29,57,STOP,1060,607,1089,664
1277386192Image000017.jpg,17,17,100_SIGN,554,685,571,702
1277386192Image000017.jpg,16,15,PRIORITY_ROAD,556,703,572,718
1277386192Image000022.jpg,19,19,100_SIGN,560,680,579,699
1277386192Image000022.jpg,17,16,PRIORITY_ROAD,562,699,579,715
1277386192Image000022.jpg,19,19,100_SIGN,560,680,579,699
1277386192Image000022.jpg,17,16,PRIORITY_ROAD,562,699,579,715
1277386192Image000022.jpg,19,19,100_SIGN,560,680,579,699
1277386192Image000022.jpg,17,16,PRIORITY_ROAD,562,699,579,715
1277386195Image000003.jpg,34,35,100_SIGN,662,635,696,670
1277386195Image000003.jpg,30,31,PRIORITY_ROAD,666,671,696,702
1277386195Image000003.jpg,34,35,100_SIGN,662,635,696,670
1277386195Image000003.jpg,30,31,PRIORITY_ROAD,666,671,696,702
1277386195Image000003.jpg,34,35,100_SIGN,662,635,696,670
1277386195Image000003.jpg,30,31,PRIORITY_ROAD,666,671,696,702
1277386195Image000008.jpg,43,43,100_SIGN,715,615,758,658
1277386195Image000008.jpg,36,39,PRIORITY_ROAD,722,658,758,697
1277386195Image000008.jpg,43,43,100_SIGN,715,615,758,658
1277386195Image000008.jpg,36,39,PRIORITY_ROAD,722,658,758,697
1277386195Image000008.jpg,43,43,100_SIGN,715,615,758,658
1277386195Image000008.jpg,36,39,PRIORITY_ROAD,722,658,758,697
1277386195Image000013.jpg,51,55,100_SIGN,808,582,859,637
1277386195Image000013.jpg,46,49,PRIORITY_ROAD,815,638,861,687
1277386195Image000013.jpg,51,55,100_SIGN,808,582,859,637
1277386195Image000013.jpg,46,49,PRIORITY_ROAD,815,638,861,687
1277386195Image000013.jpg,51,55,100_SIGN,808,582,859,637
1277386195Image000013.jpg,46,49,PRIORITY_ROAD,815,638,861,687
1277386195Image000018.jpg,92,101,100_SIGN,1178,430,1270,531
1277386195Image000018.jpg,84,91,PRIORITY_ROAD,1188,536,1272,627
1277386195Image000018.jpg,92,101,100_SIGN,1178,430,1270,531
1277386195Image000018.jpg,84,91,PRIORITY_ROAD,1188,536,1272,627
1277386195Image000018.jpg,92,101,100_SIGN,1178,430,1270,531
1277386195Image000018.jpg,84,91,PRIORITY_ROAD,1188,536,1272,627
1277386206Image000003.jpg,21,20,70_SIGN,466,702,487,722
1277386206Image000003.jpg,22,20,70_SIGN,72,714,94,734
1277386206Image000003.jpg,21,20,70_SIGN,466,702,487,722
1277386206Image000003.jpg,22,20,70_SIGN,72,714,94,734
1277386206Image000003.jpg,21,20,70_SIGN,466,702,487,722
1277386206Image000003.jpg,22,20,70_SIGN,72,714,94,734
1277386206Image000008.jpg,24,22,70_SIGN,476,694,500,716
1277386206Image000008.jpg,23,23,70_SIGN,33,708,56,731
1277386206Image000008.jpg,24,22,70_SIGN,476,694,500,716
1277386206Image000008.jpg,23,23,70_SIGN,33,708,56,731
1277386206Image000008.jpg,24,22,70_SIGN,476,694,500,716
1277386206Image000008.jpg,23,23,70_SIGN,33,708,56,731
1277386206Image000013.jpg,28,26,70_SIGN,492,685,520,711
1277386206Image000013.jpg,28,26,70_SIGN,492,685,520,711
1277386206Image000018.jpg,31,33,70_SIGN,511,675,542,708
1277386206Image000018.jpg,31,33,70_SIGN,511,675,542,708
1277386206Image000023.jpg,42,44,70_SIGN,562,658,604,702
1277386206Image000023.jpg,42,44,70_SIGN,562,658,604,702
1277386206Image000028.jpg,55,58,70_SIGN,630,626,685,684
1277386206Image000028.jpg,55,58,70_SIGN,630,626,685,684
1277386206Image000033.jpg,88,90,70_SIGN,770,558,858,648
1277386206Image000033.jpg,88,90,70_SIGN,770,558,858,648
1277386206Image000038.jpg,147,163,70_SIGN,1129,396,1276,559
1277386206Image000038.jpg,147,163,70_SIGN,1129,396,1276,559
1277386215Image000003.jpg,20,26,70_SIGN,3,723,23,749
1277386215Image000003.jpg,25,23,70_SIGN,547,692,572,715
1277386215Image000003.jpg,20,26,70_SIGN,3,723,23,749
1277386215Image000003.jpg,25,23,70_SIGN,547,692,572,715
1277386215Image000008.jpg,28,27,70_SIGN,556,686,584,713
1277386215Image000013.jpg,31,31,70_SIGN,571,681,602,712
1277386215Image000013.jpg,31,31,70_SIGN,571,681,602,712
1277386215Image000018.jpg,37,35,70_SIGN,592,675,629,710
1277386215Image000018.jpg,37,35,70_SIGN,592,675,629,710
1277386215Image000023.jpg,42,44,70_SIGN,623,661,665,705
1277386215Image000023.jpg,42,44,70_SIGN,623,661,665,705
1277386215Image000028.jpg,54,51,70_SIGN,668,643,722,694
1277386215Image000028.jpg,54,51,70_SIGN,668,643,722,694
1277386215Image000033.jpg,75,75,70_SIGN,769,606,844,681
1277386215Image000033.jpg,75,75,70_SIGN,769,606,844,681
1277386215Image000038.jpg,133,130,70_SIGN,1059,497,1192,627
1277386215Image000038.jpg,133,130,70_SIGN,1059,497,1192,627
1277386234Image000004.jpg,33,35,70_SIGN,564,668,597,703
1277386234Image000004.jpg,28,27,PRIORITY_ROAD,569,706,597,733
1277386234Image000004.jpg,33,35,70_SIGN,564,668,597,703
1277386234Image000004.jpg,28,27,PRIORITY_ROAD,569,706,597,733
1277386234Image000004.jpg,33,35,70_SIGN,564,668,597,703
1277386234Image000004.jpg,28,27,PRIORITY_ROAD,569,706,597,733
1277386234Image000014.jpg,47,49,70_SIGN,642,644,689,693
1277386234Image000014.jpg,42,40,PRIORITY_ROAD,648,698,690,738
1277386234Image000014.jpg,47,49,70_SIGN,642,644,689,693
1277386234Image000014.jpg,42,40,PRIORITY_ROAD,648,698,690,738
1277386234Image000014.jpg,47,49,70_SIGN,642,644,689,693
1277386234Image000014.jpg,42,40,PRIORITY_ROAD,648,698,690,738
1277386234Image000019.jpg,61,65,70_SIGN,711,614,772,679
1277386234Image000019.jpg,51,55,PRIORITY_ROAD,721,682,772,737
1277386234Image000019.jpg,61,65,70_SIGN,711,614,772,679
1277386234Image000019.jpg,51,55,PRIORITY_ROAD,721,682,772,737
1277386234Image000019.jpg,61,65,70_SIGN,711,614,772,679
1277386234Image000019.jpg,51,55,PRIORITY_ROAD,721,682,772,737
1277386234Image000024.jpg,91,91,70_SIGN,872,556,963,647
1277386234Image000024.jpg,81,81,PRIORITY_ROAD,885,652,966,733
1277386234Image000024.jpg,91,91,70_SIGN,872,556,963,647
1277386234Image000024.jpg,81,81,PRIORITY_ROAD,885,652,966,733
1277386234Image000024.jpg,91,91,70_SIGN,872,556,963,647
1277386234Image000024.jpg,81,81,PRIORITY_ROAD,885,652,966,733
1277386234Image000029.jpg,74,169,70_SIGN,1206,409,1280,578
1277386234Image000029.jpg,50,106,PRIORITY_ROAD,1229,597,1279,703
1277386234Image000029.jpg,74,169,70_SIGN,1206,409,1280,578
1277386234Image000029.jpg,50,106,PRIORITY_ROAD,1229,597,1279,703
1277386257Image000004.jpg,27,27,PRIORITY_ROAD,532,699,559,726
1277386257Image000004.jpg,35,34,PASS_RIGHT_SIDE,61,647,96,681
1277386257Image000004.jpg,27,27,PRIORITY_ROAD,532,699,559,726
1277386257Image000004.jpg,35,34,PASS_RIGHT_SIDE,61,647,96,681
1277386257Image000009.jpg,30,29,PRIORITY_ROAD,561,694,591,723
1277386257Image000014.jpg,35,38,PRIORITY_ROAD,621,683,656,721
1277386257Image000019.jpg,51,52,PRIORITY_ROAD,700,659,751,711
1277386257Image000024.jpg,64,67,PRIORITY_ROAD,817,633,881,700
1277386257Image000029.jpg,75,121,PRIORITY_ROAD,1203,527,1278,648
1277386265Image000001.jpg,37,40,100_SIGN,608,683,645,723
1277386265Image000006.jpg,43,48,100_SIGN,667,669,710,717
1277386265Image000011.jpg,59,63,100_SIGN,762,647,821,710
1277386265Image000016.jpg,79,94,100_SIGN,953,597,1032,691
1277386319Image000004.jpg,14,15,100_SIGN,394,721,408,736
1277386319Image000004.jpg,12,10,PRIORITY_ROAD,395,737,407,747
1277386319Image000004.jpg,14,11,PASS_RIGHT_SIDE,226,719,240,730
1277386319Image000004.jpg,14,15,100_SIGN,394,721,408,736
1277386319Image000004.jpg,12,10,PRIORITY_ROAD,395,737,407,747
1277386319Image000004.jpg,14,11,PASS_RIGHT_SIDE,226,719,240,730
1277386319Image000004.jpg,14,15,100_SIGN,394,721,408,736
1277386319Image000004.jpg,12,10,PRIORITY_ROAD,395,737,407,747
1277386319Image000004.jpg,14,11,PASS_RIGHT_SIDE,226,719,240,730
1277386319Image000004.jpg,14,15,100_SIGN,394,721,408,736
1277386319Image000004.jpg,12,10,PRIORITY_ROAD,395,737,407,747
1277386319Image000004.jpg,14,11,PASS_RIGHT_SIDE,226,719,240,730
1277386319Image000014.jpg,19,16,100_SIGN,432,709,451,725
1277386319Image000014.jpg,15,15,PRIORITY_ROAD,435,726,450,741
1277386319Image000014.jpg,23,22,PASS_RIGHT_SIDE,149,690,172,712
1277386319Image000014.jpg,19,16,100_SIGN,432,709,451,725
1277386319Image000014.jpg,15,15,PRIORITY_ROAD,435,726,450,741
1277386319Image000014.jpg,23,22,PASS_RIGHT_SIDE,149,690,172,712
1277386319Image000014.jpg,19,16,100_SIGN,432,709,451,725
1277386319Image000014.jpg,15,15,PRIORITY_ROAD,435,726,450,741
1277386319Image000014.jpg,23,22,PASS_RIGHT_SIDE,149,690,172,712
1277386319Image000014.jpg,19,16,100_SIGN,432,709,451,725
1277386319Image000014.jpg,15,15,PRIORITY_ROAD,435,726,450,741
1277386319Image000014.jpg,23,22,PASS_RIGHT_SIDE,149,690,172,712
1277386319Image000019.jpg,18,19,100_SIGN,459,707,477,726
1277386319Image000019.jpg,16,16,PRIORITY_ROAD,461,726,477,742
1277386319Image000019.jpg,40,40,PASS_RIGHT_SIDE,30,658,70,698
1277386319Image000019.jpg,18,19,100_SIGN,459,707,477,726
1277386319Image000019.jpg,16,16,PRIORITY_ROAD,461,726,477,742
1277386319Image000019.jpg,40,40,PASS_RIGHT_SIDE,30,658,70,698
1277386319Image000019.jpg,18,19,100_SIGN,459,707,477,726
1277386319Image000019.jpg,16,16,PRIORITY_ROAD,461,726,477,742
1277386319Image000019.jpg,40,40,PASS_RIGHT_SIDE,30,658,70,698
1277386319Image000019.jpg,18,19,100_SIGN,459,707,477,726
1277386319Image000019.jpg,16,16,PRIORITY_ROAD,461,726,477,742
1277386319Image000019.jpg,40,40,PASS_RIGHT_SIDE,30,658,70,698
1277386319Image000024.jpg,22,21,100_SIGN,491,703,513,724
1277386319Image000024.jpg,19,19,PRIORITY_ROAD,493,724,512,743
1277386319Image000024.jpg,22,21,100_SIGN,491,703,513,724
1277386319Image000024.jpg,19,19,PRIORITY_ROAD,493,724,512,743
1277386319Image000024.jpg,22,21,100_SIGN,491,703,513,724
1277386319Image000024.jpg,19,19,PRIORITY_ROAD,493,724,512,743
1277386319Image000029.jpg,22,24,100_SIGN,526,699,548,723
1277386319Image000029.jpg,21,22,PRIORITY_ROAD,528,724,549,746
1277386319Image000029.jpg,22,24,100_SIGN,526,699,548,723
1277386319Image000029.jpg,21,22,PRIORITY_ROAD,528,724,549,746
1277386319Image000029.jpg,22,24,100_SIGN,526,699,548,723
1277386319Image000029.jpg,21,22,PRIORITY_ROAD,528,724,549,746
1277386319Image000034.jpg,31,33,100_SIGN,610,683,641,716
1277386319Image000034.jpg,30,29,PRIORITY_ROAD,610,716,640,745
1277386319Image000034.jpg,31,33,100_SIGN,610,683,641,716
1277386319Image000034.jpg,30,29,PRIORITY_ROAD,610,716,640,745
1277386319Image000034.jpg,31,33,100_SIGN,610,683,641,716
1277386319Image000034.jpg,30,29,PRIORITY_ROAD,610,716,640,745
1277386319Image000039.jpg,44,42,100_SIGN,691,661,735,703
1277386319Image000039.jpg,36,38,PRIORITY_ROAD,695,703,731,741
1277386319Image000039.jpg,44,42,100_SIGN,691,661,735,703
1277386319Image000039.jpg,36,38,PRIORITY_ROAD,695,703,731,741
1277386319Image000039.jpg,44,42,100_SIGN,691,661,735,703
1277386319Image000039.jpg,36,38,PRIORITY_ROAD,695,703,731,741
1277386319Image000044.jpg,53,58,100_SIGN,841,630,894,688
1277386319Image000044.jpg,50,52,PRIORITY_ROAD,843,691,893,743
1277386319Image000044.jpg,53,58,100_SIGN,841,630,894,688
1277386319Image000044.jpg,50,52,PRIORITY_ROAD,843,691,893,743
1277386319Image000044.jpg,53,58,100_SIGN,841,630,894,688
1277386319Image000044.jpg,50,52,PRIORITY_ROAD,843,691,893,743
1277386319Image000049.jpg,83,98,100_SIGN,1170,554,1253,652
1277386319Image000049.jpg,77,87,PRIORITY_ROAD,1176,652,1253,739
1277386319Image000049.jpg,83,98,100_SIGN,1170,554,1253,652
1277386319Image000049.jpg,77,87,PRIORITY_ROAD,1176,652,1253,739
1277386319Image000049.jpg,83,98,100_SIGN,1170,554,1253,652
1277386319Image000049.jpg,77,87,PRIORITY_ROAD,1176,652,1253,739
1277386378Image000004.jpg,13,11,100_SIGN,492,706,505,717
1277386378Image000004.jpg,11,10,PRIORITY_ROAD,495,719,506,729
1277386378Image000004.jpg,21,23,PASS_RIGHT_SIDE,292,709,313,732
1277386378Image000004.jpg,13,11,100_SIGN,492,706,505,717
1277386378Image000004.jpg,11,10,PRIORITY_ROAD,495,719,506,729
1277386378Image000004.jpg,21,23,PASS_RIGHT_SIDE,292,709,313,732
1277386378Image000004.jpg,13,11,100_SIGN,492,706,505,717
1277386378Image000004.jpg,11,10,PRIORITY_ROAD,495,719,506,729
1277386378Image000004.jpg,21,23,PASS_RIGHT_SIDE,292,709,313,732
1277386378Image000009.jpg,13,13,100_SIGN,493,703,506,716
1277386378Image000009.jpg,11,11,PRIORITY_ROAD,495,717,506,728
1277386378Image000009.jpg,26,24,PASS_RIGHT_SIDE,269,704,295,728
1277386378Image000009.jpg,13,13,100_SIGN,493,703,506,716
1277386378Image000009.jpg,11,11,PRIORITY_ROAD,495,717,506,728
1277386378Image000009.jpg,26,24,PASS_RIGHT_SIDE,269,704,295,728
1277386378Image000009.jpg,13,13,100_SIGN,493,703,506,716
1277386378Image000009.jpg,11,11,PRIORITY_ROAD,495,717,506,728
1277386378Image000009.jpg,26,24,PASS_RIGHT_SIDE,269,704,295,728
1277386378Image000014.jpg,14,17,100_SIGN,497,700,511,717
1277386378Image000014.jpg,11,11,PRIORITY_ROAD,499,715,510,726
1277386378Image000014.jpg,31,31,PASS_RIGHT_SIDE,227,695,258,726
1277386378Image000014.jpg,14,17,100_SIGN,497,700,511,717
1277386378Image000014.jpg,11,11,PRIORITY_ROAD,499,715,510,726
1277386378Image000014.jpg,31,31,PASS_RIGHT_SIDE,227,695,258,726
1277386378Image000014.jpg,14,17,100_SIGN,497,700,511,717
1277386378Image000014.jpg,11,11,PRIORITY_ROAD,499,715,510,726
1277386378Image000014.jpg,31,31,PASS_RIGHT_SIDE,227,695,258,726
1277386378Image000019.jpg,16,16,100_SIGN,502,698,518,714
1277386378Image000019.jpg,13,11,PRIORITY_ROAD,504,716,517,727
1277386378Image000019.jpg,42,40,PASS_RIGHT_SIDE,178,683,220,723
1277386378Image000019.jpg,16,16,100_SIGN,502,698,518,714
1277386378Image000019.jpg,13,11,PRIORITY_ROAD,504,716,517,727
1277386378Image000019.jpg,42,40,PASS_RIGHT_SIDE,178,683,220,723
1277386378Image000019.jpg,16,16,100_SIGN,502,698,518,714
1277386378Image000019.jpg,13,11,PRIORITY_ROAD,504,716,517,727
1277386378Image000019.jpg,42,40,PASS_RIGHT_SIDE,178,683,220,723
1277386378Image000019.jpg,16,16,100_SIGN,502,698,518,714
1277386378Image000019.jpg,13,11,PRIORITY_ROAD,504,716,517,727
1277386378Image000019.jpg,42,40,PASS_RIGHT_SIDE,178,683,220,723
1277386378Image000024.jpg,19,18,100_SIGN,507,695,526,713
1277386378Image000024.jpg,16,13,PRIORITY_ROAD,511,715,527,728
1277386378Image000024.jpg,54,58,PASS_RIGHT_SIDE,105,663,159,721
1277386378Image000024.jpg,19,18,100_SIGN,507,695,526,713
1277386378Image000024.jpg,16,13,PRIORITY_ROAD,511,715,527,728
1277386378Image000024.jpg,54,58,PASS_RIGHT_SIDE,105,663,159,721
1277386378Image000024.jpg,19,18,100_SIGN,507,695,526,713
1277386378Image000024.jpg,16,13,PRIORITY_ROAD,511,715,527,728
1277386378Image000024.jpg,54,58,PASS_RIGHT_SIDE,105,663,159,721
1277386378Image000024.jpg,19,18,100_SIGN,507,695,526,713
1277386378Image000024.jpg,16,13,PRIORITY_ROAD,511,715,527,728
1277386378Image000024.jpg,54,58,PASS_RIGHT_SIDE,105,663,159,721
1277386378Image000029.jpg,21,19,100_SIGN,519,689,540,708
1277386378Image000029.jpg,16,14,PRIORITY_ROAD,523,710,539,724
1277386378Image000029.jpg,42,85,PASS_RIGHT_SIDE,1,627,43,712
1277386378Image000029.jpg,21,19,100_SIGN,519,689,540,708
1277386378Image000029.jpg,16,14,PRIORITY_ROAD,523,710,539,724
1277386378Image000029.jpg,42,85,PASS_RIGHT_SIDE,1,627,43,712
1277386378Image000029.jpg,21,19,100_SIGN,519,689,540,708
1277386378Image000029.jpg,16,14,PRIORITY_ROAD,523,710,539,724
1277386378Image000029.jpg,42,85,PASS_RIGHT_SIDE,1,627,43,712
1277386378Image000029.jpg,21,19,100_SIGN,519,689,540,708
1277386378Image000029.jpg,16,14,PRIORITY_ROAD,523,710,539,724
1277386378Image000029.jpg,42,85,PASS_RIGHT_SIDE,1,627,43,712
1277386378Image000034.jpg,24,23,100_SIGN,535,681,559,704
1277386378Image000034.jpg,20,20,PRIORITY_ROAD,539,706,559,726
1277386378Image000034.jpg,24,23,100_SIGN,535,681,559,704
1277386378Image000034.jpg,20,20,PRIORITY_ROAD,539,706,559,726
1277386378Image000039.jpg,30,24,100_SIGN,555,668,585,692
1277386378Image000039.jpg,24,22,PRIORITY_ROAD,560,697,584,719
1277386378Image000039.jpg,30,24,100_SIGN,555,668,585,692
1277386378Image000039.jpg,24,22,PRIORITY_ROAD,560,697,584,719
1277386378Image000044.jpg,34,34,100_SIGN,597,649,631,683
1277386378Image000044.jpg,30,32,PRIORITY_ROAD,601,684,631,716
1277386378Image000044.jpg,34,34,100_SIGN,597,649,631,683
1277386378Image000044.jpg,30,32,PRIORITY_ROAD,601,684,631,716
1277386378Image000049.jpg,43,44,100_SIGN,647,619,690,663
1277386378Image000049.jpg,36,39,PRIORITY_ROAD,652,664,688,703
1277386378Image000049.jpg,43,44,100_SIGN,647,619,690,663
1277386378Image000049.jpg,36,39,PRIORITY_ROAD,652,664,688,703
1277386378Image000054.jpg,63,71,100_SIGN,792,537,855,608
1277386378Image000054.jpg,63,61,PRIORITY_ROAD,798,609,861,670
1277386378Image000054.jpg,63,71,100_SIGN,792,537,855,608
1277386378Image000054.jpg,63,61,PRIORITY_ROAD,798,609,861,670
1277386378Image000054.jpg,63,71,100_SIGN,792,537,855,608
1277386378Image000054.jpg,63,61,PRIORITY_ROAD,798,609,861,670
1277386821Image000002.jpg,13,16,GIVE_WAY,948,749,961,765
1277386821Image000002.jpg,13,18,GIVE_WAY,834,755,847,773
1277386821Image000002.jpg,13,16,GIVE_WAY,948,749,961,765
1277386821Image000002.jpg,13,18,GIVE_WAY,834,755,847,773
1277386821Image000002.jpg,13,16,GIVE_WAY,948,749,961,765
1277386821Image000002.jpg,13,18,GIVE_WAY,834,755,847,773
1277386821Image000007.jpg,13,17,GIVE_WAY,965,752,978,769
1277386821Image000007.jpg,15,18,GIVE_WAY,841,759,856,777
1277386821Image000007.jpg,13,17,GIVE_WAY,965,752,978,769
1277386821Image000007.jpg,15,18,GIVE_WAY,841,759,856,777
1277386821Image000007.jpg,13,17,GIVE_WAY,965,752,978,769
1277386821Image000007.jpg,15,18,GIVE_WAY,841,759,856,777
1277386831Image000002.jpg,26,27,90_SIGN,883,733,909,760
1277386831Image000002.jpg,26,27,90_SIGN,883,733,909,760
1277386831Image000007.jpg,32,32,90_SIGN,979,717,1011,749
1277386831Image000007.jpg,32,32,90_SIGN,979,717,1011,749
1277386942Image000004.jpg,56,56,90_SIGN,1032,675,1088,731
1277386942Image000004.jpg,56,56,90_SIGN,1032,675,1088,731
1277386942Image000009.jpg,72,71,90_SIGN,1139,638,1211,709
1277386942Image000009.jpg,72,71,90_SIGN,1139,638,1211,709
1277386977Image000001.jpg,14,13,50_SIGN,908,754,922,767
1277386977Image000001.jpg,16,13,GIVE_WAY,862,777,878,790
1277386977Image000001.jpg,12,15,50_SIGN,656,781,668,796
1277386977Image000001.jpg,14,13,50_SIGN,908,754,922,767
1277386977Image000001.jpg,16,13,GIVE_WAY,862,777,878,790
1277386977Image000001.jpg,12,15,50_SIGN,656,781,668,796
1277386977Image000001.jpg,14,13,50_SIGN,908,754,922,767
1277386977Image000001.jpg,16,13,GIVE_WAY,862,777,878,790
1277386977Image000001.jpg,12,15,50_SIGN,656,781,668,796
1277386977Image000001.jpg,14,13,50_SIGN,908,754,922,767
1277386977Image000001.jpg,16,13,GIVE_WAY,862,777,878,790
1277386977Image000001.jpg,12,15,50_SIGN,656,781,668,796
1277386977Image000011.jpg,14,17,50_SIGN,877,743,891,760
1277386977Image000011.jpg,15,14,GIVE_WAY,822,769,837,783
1277386977Image000011.jpg,16,18,50_SIGN,587,772,603,790
1277386977Image000011.jpg,14,17,50_SIGN,877,743,891,760
1277386977Image000011.jpg,15,14,GIVE_WAY,822,769,837,783
1277386977Image000011.jpg,16,18,50_SIGN,587,772,603,790
1277386977Image000011.jpg,14,17,50_SIGN,877,743,891,760
1277386977Image000011.jpg,15,14,GIVE_WAY,822,769,837,783
1277386977Image000011.jpg,16,18,50_SIGN,587,772,603,790
1277386977Image000011.jpg,14,17,50_SIGN,877,743,891,760
1277386977Image000011.jpg,15,14,GIVE_WAY,822,769,837,783
1277386977Image000011.jpg,16,18,50_SIGN,587,772,603,790
1277386980Image000004.jpg,25,24,50_SIGN,767,727,792,751
1277386980Image000004.jpg,25,20,GIVE_WAY,657,771,682,791
1277386980Image000004.jpg,26,27,50_SIGN,272,764,298,791
1277386980Image000004.jpg,25,24,50_SIGN,767,727,792,751
1277386980Image000004.jpg,25,20,GIVE_WAY,657,771,682,791
1277386980Image000004.jpg,26,27,50_SIGN,272,764,298,791
1277386980Image000004.jpg,25,24,50_SIGN,767,727,792,751
1277386980Image000004.jpg,25,20,GIVE_WAY,657,771,682,791
1277386980Image000004.jpg,26,27,50_SIGN,272,764,298,791
1277386980Image000004.jpg,25,24,50_SIGN,767,727,792,751
1277386980Image000004.jpg,25,20,GIVE_WAY,657,771,682,791
1277386980Image000004.jpg,26,27,50_SIGN,272,764,298,791
1277386980Image000009.jpg,30,29,50_SIGN,781,693,811,722
1277386980Image000009.jpg,27,24,GIVE_WAY,650,747,677,771
1277386980Image000009.jpg,35,31,50_SIGN,195,735,230,766
1277386980Image000009.jpg,30,29,50_SIGN,781,693,811,722
1277386980Image000009.jpg,27,24,GIVE_WAY,650,747,677,771
1277386980Image000009.jpg,35,31,50_SIGN,195,735,230,766
1277386980Image000009.jpg,30,29,50_SIGN,781,693,811,722
1277386980Image000009.jpg,27,24,GIVE_WAY,650,747,677,771
1277386980Image000009.jpg,35,31,50_SIGN,195,735,230,766
1277386980Image000009.jpg,30,29,50_SIGN,781,693,811,722
1277386980Image000009.jpg,27,24,GIVE_WAY,650,747,677,771
1277386980Image000009.jpg,35,31,50_SIGN,195,735,230,766
1277386980Image000014.jpg,33,36,50_SIGN,807,679,840,715
1277386980Image000014.jpg,34,34,50_SIGN,144,719,178,753
1277386980Image000014.jpg,31,30,GIVE_WAY,656,737,687,767
1277386980Image000014.jpg,24,24,OTHER,372,777,396,801
1277386980Image000014.jpg,33,36,50_SIGN,807,679,840,715
1277386980Image000014.jpg,34,34,50_SIGN,144,719,178,753
1277386980Image000014.jpg,31,30,GIVE_WAY,656,737,687,767
1277386980Image000014.jpg,24,24,OTHER,372,777,396,801
1277386980Image000014.jpg,33,36,50_SIGN,807,679,840,715
1277386980Image000014.jpg,34,34,50_SIGN,144,719,178,753
1277386980Image000014.jpg,31,30,GIVE_WAY,656,737,687,767
1277386980Image000014.jpg,24,24,OTHER,372,777,396,801
1277386980Image000014.jpg,33,36,50_SIGN,807,679,840,715
1277386980Image000014.jpg,34,34,50_SIGN,144,719,178,753
1277386980Image000014.jpg,31,30,GIVE_WAY,656,737,687,767
1277386980Image000014.jpg,24,24,OTHER,372,777,396,801
1277386980Image000014.jpg,33,36,50_SIGN,807,679,840,715
1277386980Image000014.jpg,34,34,50_SIGN,144,719,178,753
1277386980Image000014.jpg,31,30,GIVE_WAY,656,737,687,767
1277386980Image000014.jpg,24,24,OTHER,372,777,396,801
1277386980Image000019.jpg,41,41,50_SIGN,838,657,879,698
1277386980Image000019.jpg,33,29,GIVE_WAY,665,731,698,760
1277386980Image000019.jpg,21,21,OTHER,359,775,380,796
1277386980Image000019.jpg,40,40,50_SIGN,79,703,119,743
1277386980Image000019.jpg,41,41,50_SIGN,838,657,879,698
1277386980Image000019.jpg,33,29,GIVE_WAY,665,731,698,760
1277386980Image000019.jpg,21,21,OTHER,359,775,380,796
1277386980Image000019.jpg,40,40,50_SIGN,79,703,119,743
1277386980Image000019.jpg,41,41,50_SIGN,838,657,879,698
1277386980Image000019.jpg,33,29,GIVE_WAY,665,731,698,760
1277386980Image000019.jpg,21,21,OTHER,359,775,380,796
1277386980Image000019.jpg,40,40,50_SIGN,79,703,119,743
1277386980Image000019.jpg,41,41,50_SIGN,838,657,879,698
1277386980Image000019.jpg,33,29,GIVE_WAY,665,731,698,760
1277386980Image000019.jpg,21,21,OTHER,359,775,380,796
1277386980Image000019.jpg,40,40,50_SIGN,79,703,119,743
1277386980Image000019.jpg,41,41,50_SIGN,838,657,879,698
1277386980Image000019.jpg,33,29,GIVE_WAY,665,731,698,760
1277386980Image000019.jpg,21,21,OTHER,359,775,380,796
1277386980Image000019.jpg,40,40,50_SIGN,79,703,119,743
1277386980Image000024.jpg,45,47,50_SIGN,880,637,925,684
1277386980Image000024.jpg,40,48,50_SIGN,2,690,42,738
1277386980Image000024.jpg,36,33,GIVE_WAY,674,724,710,757
1277386980Image000024.jpg,26,23,OTHER,343,775,369,798
1277386980Image000024.jpg,45,47,50_SIGN,880,637,925,684
1277386980Image000024.jpg,40,48,50_SIGN,2,690,42,738
1277386980Image000024.jpg,36,33,GIVE_WAY,674,724,710,757
1277386980Image000024.jpg,26,23,OTHER,343,775,369,798
1277386980Image000024.jpg,45,47,50_SIGN,880,637,925,684
1277386980Image000024.jpg,40,48,50_SIGN,2,690,42,738
1277386980Image000024.jpg,36,33,GIVE_WAY,674,724,710,757
1277386980Image000024.jpg,26,23,OTHER,343,775,369,798
1277386980Image000024.jpg,45,47,50_SIGN,880,637,925,684
1277386980Image000024.jpg,40,48,50_SIGN,2,690,42,738
1277386980Image000024.jpg,36,33,GIVE_WAY,674,724,710,757
1277386980Image000024.jpg,26,23,OTHER,343,775,369,798
1277386980Image000024.jpg,45,47,50_SIGN,880,637,925,684
1277386980Image000024.jpg,40,48,50_SIGN,2,690,42,738
1277386980Image000024.jpg,36,33,GIVE_WAY,674,724,710,757
1277386980Image000024.jpg,26,23,OTHER,343,775,369,798
1277386980Image000029.jpg,55,54,50_SIGN,958,599,1013,653
1277386980Image000029.jpg,45,38,GIVE_WAY,695,709,740,747
1277386980Image000029.jpg,27,23,OTHER,334,766,361,789
1277386980Image000029.jpg,55,54,50_SIGN,958,599,1013,653
1277386980Image000029.jpg,45,38,GIVE_WAY,695,709,740,747
1277386980Image000029.jpg,27,23,OTHER,334,766,361,789
1277386980Image000029.jpg,55,54,50_SIGN,958,599,1013,653
1277386980Image000029.jpg,45,38,GIVE_WAY,695,709,740,747
1277386980Image000029.jpg,27,23,OTHER,334,766,361,789
1277386980Image000029.jpg,55,54,50_SIGN,958,599,1013,653
1277386980Image000029.jpg,45,38,GIVE_WAY,695,709,740,747
1277386980Image000029.jpg,27,23,OTHER,334,766,361,789
1277386980Image000034.jpg,71,71,50_SIGN,1105,537,1176,608
1277386980Image000034.jpg,47,45,GIVE_WAY,753,693,800,738
1277386980Image000034.jpg,27,26,OTHER,345,761,372,787
1277386980Image000034.jpg,71,71,50_SIGN,1105,537,1176,608
1277386980Image000034.jpg,47,45,GIVE_WAY,753,693,800,738
1277386980Image000034.jpg,27,26,OTHER,345,761,372,787
1277386980Image000034.jpg,71,71,50_SIGN,1105,537,1176,608
1277386980Image000034.jpg,47,45,GIVE_WAY,753,693,800,738
1277386980Image000034.jpg,27,26,OTHER,345,761,372,787
1277386980Image000034.jpg,71,71,50_SIGN,1105,537,1176,608
1277386980Image000034.jpg,47,45,GIVE_WAY,753,693,800,738
1277386980Image000034.jpg,27,26,OTHER,345,761,372,787
1277386980Image000039.jpg,58,50,GIVE_WAY,848,672,906,722
1277386980Image000039.jpg,58,50,GIVE_WAY,848,672,906,722
1277386986Image000003.jpg,80,70,GIVE_WAY,1087,636,1167,706
1277386986Image000003.jpg,80,70,GIVE_WAY,1087,636,1167,706
1277386986Image000008.jpg,80,71,GIVE_WAY,1094,644,1174,715
1277386986Image000008.jpg,80,71,GIVE_WAY,1094,644,1174,715
1277386993Image000004.jpg,58,62,OTHER,372,730,430,792
1277386993Image000004.jpg,58,62,OTHER,372,730,430,792
1277387014Image000002.jpg,77,74,PASS_EITHER_SIDE,337,671,414,745
1277387014Image000002.jpg,27,24,PRIORITY_ROAD,102,743,129,767
1277387014Image000002.jpg,9,17,OTHER,956,741,965,758
1277387014Image000002.jpg,5,12,OTHER,942,752,947,764
1277387014Image000002.jpg,77,74,PASS_EITHER_SIDE,337,671,414,745
1277387014Image000002.jpg,27,24,PRIORITY_ROAD,102,743,129,767
1277387014Image000002.jpg,9,17,OTHER,956,741,965,758
1277387014Image000002.jpg,5,12,OTHER,942,752,947,764
1277387014Image000002.jpg,77,74,PASS_EITHER_SIDE,337,671,414,745
1277387014Image000002.jpg,27,24,PRIORITY_ROAD,102,743,129,767
1277387014Image000002.jpg,9,17,OTHER,956,741,965,758
1277387014Image000002.jpg,5,12,OTHER,942,752,947,764
1277387014Image000002.jpg,77,74,PASS_EITHER_SIDE,337,671,414,745
1277387014Image000002.jpg,27,24,PRIORITY_ROAD,102,743,129,767
1277387014Image000002.jpg,9,17,OTHER,956,741,965,758
1277387014Image000002.jpg,5,12,OTHER,942,752,947,764
1277387014Image000002.jpg,77,74,PASS_EITHER_SIDE,337,671,414,745
1277387014Image000002.jpg,27,24,PRIORITY_ROAD,102,743,129,767
1277387014Image000002.jpg,9,17,OTHER,956,741,965,758
1277387014Image000002.jpg,5,12,OTHER,942,752,947,764
1277387014Image000007.jpg,10,17,OTHER,1236,734,1246,751
1277387014Image000007.jpg,6,14,OTHER,1220,746,1226,760
1277387014Image000007.jpg,89,88,PASS_EITHER_SIDE,605,651,694,739
1277387014Image000007.jpg,29,30,PRIORITY_ROAD,352,745,381,775
1277387014Image000007.jpg,10,17,OTHER,1236,734,1246,751
1277387014Image000007.jpg,6,14,OTHER,1220,746,1226,760
1277387014Image000007.jpg,89,88,PASS_EITHER_SIDE,605,651,694,739
1277387014Image000007.jpg,29,30,PRIORITY_ROAD,352,745,381,775
1277387014Image000007.jpg,10,17,OTHER,1236,734,1246,751
1277387014Image000007.jpg,6,14,OTHER,1220,746,1226,760
1277387014Image000007.jpg,89,88,PASS_EITHER_SIDE,605,651,694,739
1277387014Image000007.jpg,29,30,PRIORITY_ROAD,352,745,381,775
1277387014Image000007.jpg,10,17,OTHER,1236,734,1246,751
1277387014Image000007.jpg,6,14,OTHER,1220,746,1226,760
1277387014Image000007.jpg,89,88,PASS_EITHER_SIDE,605,651,694,739
1277387014Image000007.jpg,29,30,PRIORITY_ROAD,352,745,381,775
1277387014Image000007.jpg,10,17,OTHER,1236,734,1246,751
1277387014Image000007.jpg,6,14,OTHER,1220,746,1226,760
1277387014Image000007.jpg,89,88,PASS_EITHER_SIDE,605,651,694,739
1277387014Image000007.jpg,29,30,PRIORITY_ROAD,352,745,381,775
1277387014Image000012.jpg,123,127,PASS_EITHER_SIDE,1084,546,1207,673
1277387014Image000012.jpg,31,31,PRIORITY_ROAD,701,707,732,738
1277387014Image000012.jpg,123,127,PASS_EITHER_SIDE,1084,546,1207,673
1277387014Image000012.jpg,31,31,PRIORITY_ROAD,701,707,732,738
1277387014Image000012.jpg,123,127,PASS_EITHER_SIDE,1084,546,1207,673
1277387014Image000012.jpg,31,31,PRIORITY_ROAD,701,707,732,738
1277387014Image000017.jpg,36,35,PRIORITY_ROAD,834,695,870,730
1277387014Image000017.jpg,36,35,PRIORITY_ROAD,834,695,870,730
1277387033Image000006.jpg,74,66,PEDESTRIAN_CROSSING,1053,574,1127,640
1277387033Image000006.jpg,28,27,PASS_RIGHT_SIDE,726,695,754,722
1277387033Image000006.jpg,74,66,PEDESTRIAN_CROSSING,1053,574,1127,640
1277387033Image000006.jpg,28,27,PASS_RIGHT_SIDE,726,695,754,722
1277387033Image000011.jpg,84,87,PEDESTRIAN_CROSSING,1107,527,1191,614
1277387033Image000011.jpg,32,32,PASS_RIGHT_SIDE,676,695,708,727
1277387033Image000011.jpg,84,87,PEDESTRIAN_CROSSING,1107,527,1191,614
1277387033Image000011.jpg,32,32,PASS_RIGHT_SIDE,676,695,708,727
1277387033Image000016.jpg,78,99,PEDESTRIAN_CROSSING,1199,463,1277,562
1277387033Image000016.jpg,36,32,PASS_RIGHT_SIDE,647,688,683,720
1277387033Image000016.jpg,78,99,PEDESTRIAN_CROSSING,1199,463,1277,562
1277387033Image000016.jpg,36,32,PASS_RIGHT_SIDE,647,688,683,720
1277387036Image000002.jpg,68,66,PASS_RIGHT_SIDE,180,656,248,722
1277387036Image000007.jpg,81,83,PASS_RIGHT_SIDE,61,613,142,696
1277387054Image000001.jpg,41,40,70_SIGN,212,698,253,738
1277387054Image000006.jpg,50,45,70_SIGN,369,684,419,729
1277387054Image000011.jpg,66,62,70_SIGN,643,649,709,711
1277387054Image000011.jpg,18,23,OTHER,388,785,406,808
1277387054Image000011.jpg,66,62,70_SIGN,643,649,709,711
1277387054Image000011.jpg,18,23,OTHER,388,785,406,808
1277387054Image000011.jpg,66,62,70_SIGN,643,649,709,711
1277387054Image000011.jpg,18,23,OTHER,388,785,406,808
1277387064Image000001.jpg,48,51,PRIORITY_ROAD,892,588,940,639
1277387064Image000001.jpg,42,47,PRIORITY_ROAD,141,590,183,637
1277387064Image000001.jpg,48,51,PRIORITY_ROAD,892,588,940,639
1277387064Image000001.jpg,42,47,PRIORITY_ROAD,141,590,183,637
1277387064Image000001.jpg,48,51,PRIORITY_ROAD,892,588,940,639
1277387064Image000001.jpg,42,47,PRIORITY_ROAD,141,590,183,637
1277387064Image000006.jpg,60,63,PRIORITY_ROAD,898,529,958,592
1277387064Image000006.jpg,60,63,PRIORITY_ROAD,898,529,958,592
1277387064Image000011.jpg,77,80,PRIORITY_ROAD,914,468,991,548
1277387064Image000011.jpg,77,80,PRIORITY_ROAD,914,468,991,548
1277387064Image000016.jpg,117,123,PRIORITY_ROAD,999,297,1116,420
1277387064Image000016.jpg,117,123,PRIORITY_ROAD,999,297,1116,420
1277387083Image000001.jpg,38,35,GIVE_WAY,792,721,830,756
1277387083Image000001.jpg,31,33,OTHER,797,755,828,788
1277387083Image000001.jpg,41,36,GIVE_WAY,242,712,283,748
1277387083Image000001.jpg,32,34,OTHER,247,751,279,785
1277387083Image000001.jpg,38,35,GIVE_WAY,792,721,830,756
1277387083Image000001.jpg,31,33,OTHER,797,755,828,788
1277387083Image000001.jpg,41,36,GIVE_WAY,242,712,283,748
1277387083Image000001.jpg,32,34,OTHER,247,751,279,785
1277387083Image000001.jpg,38,35,GIVE_WAY,792,721,830,756
1277387083Image000001.jpg,31,33,OTHER,797,755,828,788
1277387083Image000001.jpg,41,36,GIVE_WAY,242,712,283,748
1277387083Image000001.jpg,32,34,OTHER,247,751,279,785
1277387083Image000001.jpg,38,35,GIVE_WAY,792,721,830,756
1277387083Image000001.jpg,31,33,OTHER,797,755,828,788
1277387083Image000001.jpg,41,36,GIVE_WAY,242,712,283,748
1277387083Image000001.jpg,32,34,OTHER,247,751,279,785
1277387083Image000011.jpg,50,44,GIVE_WAY,924,703,974,747
1277387083Image000011.jpg,48,45,OTHER,928,751,976,796
1277387083Image000011.jpg,52,47,GIVE_WAY,255,709,307,756
1277387083Image000011.jpg,37,38,OTHER,260,757,297,795
1277387083Image000011.jpg,50,44,GIVE_WAY,924,703,974,747
1277387083Image000011.jpg,48,45,OTHER,928,751,976,796
1277387083Image000011.jpg,52,47,GIVE_WAY,255,709,307,756
1277387083Image000011.jpg,37,38,OTHER,260,757,297,795
1277387083Image000011.jpg,50,44,GIVE_WAY,924,703,974,747
1277387083Image000011.jpg,48,45,OTHER,928,751,976,796
1277387083Image000011.jpg,52,47,GIVE_WAY,255,709,307,756
1277387083Image000011.jpg,37,38,OTHER,260,757,297,795
1277387083Image000011.jpg,50,44,GIVE_WAY,924,703,974,747
1277387083Image000011.jpg,48,45,OTHER,928,751,976,796
1277387083Image000011.jpg,52,47,GIVE_WAY,255,709,307,756
1277387083Image000011.jpg,37,38,OTHER,260,757,297,795
1277387083Image000016.jpg,54,48,GIVE_WAY,988,689,1042,737
1277387083Image000016.jpg,52,43,OTHER,997,743,1049,786
1277387083Image000016.jpg,52,53,GIVE_WAY,246,698,298,751
1277387083Image000016.jpg,56,49,OTHER,249,746,305,795
1277387083Image000016.jpg,54,48,GIVE_WAY,988,689,1042,737
1277387083Image000016.jpg,52,43,OTHER,997,743,1049,786
1277387083Image000016.jpg,52,53,GIVE_WAY,246,698,298,751
1277387083Image000016.jpg,56,49,OTHER,249,746,305,795
1277387083Image000016.jpg,54,48,GIVE_WAY,988,689,1042,737
1277387083Image000016.jpg,52,43,OTHER,997,743,1049,786
1277387083Image000016.jpg,52,53,GIVE_WAY,246,698,298,751
1277387083Image000016.jpg,56,49,OTHER,249,746,305,795
1277387083Image000016.jpg,54,48,GIVE_WAY,988,689,1042,737
1277387083Image000016.jpg,52,43,OTHER,997,743,1049,786
1277387083Image000016.jpg,52,53,GIVE_WAY,246,698,298,751
1277387083Image000016.jpg,56,49,OTHER,249,746,305,795
1277387083Image000021.jpg,62,56,GIVE_WAY,1051,672,1113,728
1277387083Image000021.jpg,59,53,OTHER,1060,728,1119,781
1277387083Image000021.jpg,64,60,GIVE_WAY,221,690,285,750
1277387083Image000021.jpg,48,53,OTHER,227,745,275,798
1277387083Image000021.jpg,62,56,GIVE_WAY,1051,672,1113,728
1277387083Image000021.jpg,59,53,OTHER,1060,728,1119,781
1277387083Image000021.jpg,64,60,GIVE_WAY,221,690,285,750
1277387083Image000021.jpg,48,53,OTHER,227,745,275,798
1277387083Image000021.jpg,62,56,GIVE_WAY,1051,672,1113,728
1277387083Image000021.jpg,59,53,OTHER,1060,728,1119,781
1277387083Image000021.jpg,64,60,GIVE_WAY,221,690,285,750
1277387083Image000021.jpg,48,53,OTHER,227,745,275,798
1277387083Image000021.jpg,62,56,GIVE_WAY,1051,672,1113,728
1277387083Image000021.jpg,59,53,OTHER,1060,728,1119,781
1277387083Image000021.jpg,64,60,GIVE_WAY,221,690,285,750
1277387083Image000021.jpg,48,53,OTHER,227,745,275,798
1277387083Image000026.jpg,77,72,GIVE_WAY,1132,612,1209,684
1277387083Image000026.jpg,66,60,OTHER,1145,686,1211,746
1277387083Image000026.jpg,69,68,GIVE_WAY,171,640,240,708
1277387083Image000026.jpg,56,54,OTHER,175,707,231,761
1277387083Image000026.jpg,77,72,GIVE_WAY,1132,612,1209,684
1277387083Image000026.jpg,66,60,OTHER,1145,686,1211,746
1277387083Image000026.jpg,69,68,GIVE_WAY,171,640,240,708
1277387083Image000026.jpg,56,54,OTHER,175,707,231,761
1277387083Image000026.jpg,77,72,GIVE_WAY,1132,612,1209,684
1277387083Image000026.jpg,66,60,OTHER,1145,686,1211,746
1277387083Image000026.jpg,69,68,GIVE_WAY,171,640,240,708
1277387083Image000026.jpg,56,54,OTHER,175,707,231,761
1277387083Image000026.jpg,77,72,GIVE_WAY,1132,612,1209,684
1277387083Image000026.jpg,66,60,OTHER,1145,686,1211,746
1277387083Image000026.jpg,69,68,GIVE_WAY,171,640,240,708
1277387083Image000026.jpg,56,54,OTHER,175,707,231,761
1277387083Image000031.jpg,42,79,GIVE_WAY,1238,571,1280,650
1277387083Image000031.jpg,32,74,OTHER,1246,649,1278,723
1277387083Image000031.jpg,86,75,GIVE_WAY,92,600,178,675
1277387083Image000031.jpg,69,78,OTHER,92,672,161,750
1277387083Image000031.jpg,44,39,OTHER,627,713,671,752
1277387083Image000031.jpg,42,79,GIVE_WAY,1238,571,1280,650
1277387083Image000031.jpg,32,74,OTHER,1246,649,1278,723
1277387083Image000031.jpg,86,75,GIVE_WAY,92,600,178,675
1277387083Image000031.jpg,69,78,OTHER,92,672,161,750
1277387083Image000031.jpg,44,39,OTHER,627,713,671,752
1277387083Image000031.jpg,42,79,GIVE_WAY,1238,571,1280,650
1277387083Image000031.jpg,32,74,OTHER,1246,649,1278,723
1277387083Image000031.jpg,86,75,GIVE_WAY,92,600,178,675
1277387083Image000031.jpg,69,78,OTHER,92,672,161,750
1277387083Image000031.jpg,44,39,OTHER,627,713,671,752
1277387083Image000031.jpg,42,79,GIVE_WAY,1238,571,1280,650
1277387083Image000031.jpg,32,74,OTHER,1246,649,1278,723
1277387083Image000031.jpg,86,75,GIVE_WAY,92,600,178,675
1277387083Image000031.jpg,69,78,OTHER,92,672,161,750
1277387083Image000031.jpg,44,39,OTHER,627,713,671,752
1277387083Image000031.jpg,42,79,GIVE_WAY,1238,571,1280,650
1277387083Image000031.jpg,32,74,OTHER,1246,649,1278,723
1277387083Image000031.jpg,86,75,GIVE_WAY,92,600,178,675
1277387083Image000031.jpg,69,78,OTHER,92,672,161,750
1277387083Image000031.jpg,44,39,OTHER,627,713,671,752
1277387088Image000001.jpg,42,43,50_SIGN,1081,701,1123,744
1277387088Image000001.jpg,26,24,PEDESTRIAN_CROSSING,1181,713,1207,737
1277387088Image000001.jpg,42,43,50_SIGN,1081,701,1123,744
1277387088Image000001.jpg,26,24,PEDESTRIAN_CROSSING,1181,713,1207,737
1277387088Image000001.jpg,42,43,50_SIGN,1081,701,1123,744
1277387088Image000001.jpg,26,24,PEDESTRIAN_CROSSING,1181,713,1207,737
1277387088Image000006.jpg,52,47,50_SIGN,936,707,988,754
1277387088Image000006.jpg,28,24,PEDESTRIAN_CROSSING,1032,725,1060,749
1277387088Image000006.jpg,52,47,50_SIGN,936,707,988,754
1277387088Image000006.jpg,28,24,PEDESTRIAN_CROSSING,1032,725,1060,749
1277387088Image000006.jpg,52,47,50_SIGN,936,707,988,754
1277387088Image000006.jpg,28,24,PEDESTRIAN_CROSSING,1032,725,1060,749
1277387088Image000011.jpg,50,51,50_SIGN,786,696,836,747
1277387088Image000011.jpg,23,25,PEDESTRIAN_CROSSING,878,721,901,746
1277387088Image000011.jpg,50,51,50_SIGN,786,696,836,747
1277387088Image000011.jpg,23,25,PEDESTRIAN_CROSSING,878,721,901,746
1277387088Image000011.jpg,50,51,50_SIGN,786,696,836,747
1277387088Image000011.jpg,23,25,PEDESTRIAN_CROSSING,878,721,901,746
1277387088Image000016.jpg,54,57,50_SIGN,557,710,611,767
1277387088Image000016.jpg,25,22,PEDESTRIAN_CROSSING,658,742,683,764
1277387088Image000016.jpg,25,26,PEDESTRIAN_CROSSING,1163,704,1188,730
1277387088Image000016.jpg,47,40,OTHER,1218,689,1265,729
1277387088Image000016.jpg,54,57,50_SIGN,557,710,611,767
1277387088Image000016.jpg,25,22,PEDESTRIAN_CROSSING,658,742,683,764
1277387088Image000016.jpg,25,26,PEDESTRIAN_CROSSING,1163,704,1188,730
1277387088Image000016.jpg,47,40,OTHER,1218,689,1265,729
1277387088Image000016.jpg,54,57,50_SIGN,557,710,611,767
1277387088Image000016.jpg,25,22,PEDESTRIAN_CROSSING,658,742,683,764
1277387088Image000016.jpg,25,26,PEDESTRIAN_CROSSING,1163,704,1188,730
1277387088Image000016.jpg,47,40,OTHER,1218,689,1265,729
1277387088Image000016.jpg,54,57,50_SIGN,557,710,611,767
1277387088Image000016.jpg,25,22,PEDESTRIAN_CROSSING,658,742,683,764
1277387088Image000016.jpg,25,26,PEDESTRIAN_CROSSING,1163,704,1188,730
1277387088Image000016.jpg,47,40,OTHER,1218,689,1265,729
1277387088Image000021.jpg,65,67,50_SIGN,349,686,414,753
1277387088Image000021.jpg,24,25,PEDESTRIAN_CROSSING,485,734,509,759
1277387088Image000021.jpg,27,26,PEDESTRIAN_CROSSING,1021,696,1048,722
1277387088Image000021.jpg,53,43,OTHER,1085,679,1138,722
1277387088Image000021.jpg,60,106,50_SIGN,1200,585,1260,691
1277387088Image000021.jpg,65,67,50_SIGN,349,686,414,753
1277387088Image000021.jpg,24,25,PEDESTRIAN_CROSSING,485,734,509,759
1277387088Image000021.jpg,27,26,PEDESTRIAN_CROSSING,1021,696,1048,722
1277387088Image000021.jpg,53,43,OTHER,1085,679,1138,722
1277387088Image000021.jpg,60,106,50_SIGN,1200,585,1260,691
1277387088Image000021.jpg,65,67,50_SIGN,349,686,414,753
1277387088Image000021.jpg,24,25,PEDESTRIAN_CROSSING,485,734,509,759
1277387088Image000021.jpg,27,26,PEDESTRIAN_CROSSING,1021,696,1048,722
1277387088Image000021.jpg,53,43,OTHER,1085,679,1138,722
1277387088Image000021.jpg,60,106,50_SIGN,1200,585,1260,691
1277387088Image000021.jpg,65,67,50_SIGN,349,686,414,753
1277387088Image000021.jpg,24,25,PEDESTRIAN_CROSSING,485,734,509,759
1277387088Image000021.jpg,27,26,PEDESTRIAN_CROSSING,1021,696,1048,722
1277387088Image000021.jpg,53,43,OTHER,1085,679,1138,722
1277387088Image000021.jpg,60,106,50_SIGN,1200,585,1260,691
1277387088Image000021.jpg,65,67,50_SIGN,349,686,414,753
1277387088Image000021.jpg,24,25,PEDESTRIAN_CROSSING,485,734,509,759
1277387088Image000021.jpg,27,26,PEDESTRIAN_CROSSING,1021,696,1048,722
1277387088Image000021.jpg,53,43,OTHER,1085,679,1138,722
1277387088Image000021.jpg,60,106,50_SIGN,1200,585,1260,691
1277387088Image000026.jpg,74,77,50_SIGN,154,668,228,745
1277387088Image000026.jpg,26,27,PEDESTRIAN_CROSSING,341,730,367,757
1277387088Image000026.jpg,26,29,PEDESTRIAN_CROSSING,918,693,944,722
1277387088Image000026.jpg,58,46,OTHER,987,676,1045,722
1277387088Image000026.jpg,58,130,50_SIGN,1218,542,1276,672
1277387088Image000026.jpg,74,77,50_SIGN,154,668,228,745
1277387088Image000026.jpg,26,27,PEDESTRIAN_CROSSING,341,730,367,757
1277387088Image000026.jpg,26,29,PEDESTRIAN_CROSSING,918,693,944,722
1277387088Image000026.jpg,58,46,OTHER,987,676,1045,722
1277387088Image000026.jpg,58,130,50_SIGN,1218,542,1276,672
1277387088Image000026.jpg,74,77,50_SIGN,154,668,228,745
1277387088Image000026.jpg,26,27,PEDESTRIAN_CROSSING,341,730,367,757
1277387088Image000026.jpg,26,29,PEDESTRIAN_CROSSING,918,693,944,722
1277387088Image000026.jpg,58,46,OTHER,987,676,1045,722
1277387088Image000026.jpg,58,130,50_SIGN,1218,542,1276,672
1277387088Image000026.jpg,74,77,50_SIGN,154,668,228,745
1277387088Image000026.jpg,26,27,PEDESTRIAN_CROSSING,341,730,367,757
1277387088Image000026.jpg,26,29,PEDESTRIAN_CROSSING,918,693,944,722
1277387088Image000026.jpg,58,46,OTHER,987,676,1045,722
1277387088Image000026.jpg,58,130,50_SIGN,1218,542,1276,672
1277387088Image000026.jpg,74,77,50_SIGN,154,668,228,745
1277387088Image000026.jpg,26,27,PEDESTRIAN_CROSSING,341,730,367,757
1277387088Image000026.jpg,26,29,PEDESTRIAN_CROSSING,918,693,944,722
1277387088Image000026.jpg,58,46,OTHER,987,676,1045,722
1277387088Image000026.jpg,58,130,50_SIGN,1218,542,1276,672
1277387088Image000031.jpg,30,33,PEDESTRIAN_CROSSING,57,732,87,765
1277387088Image000031.jpg,33,33,PEDESTRIAN_CROSSING,730,696,763,729
1277387088Image000031.jpg,66,58,OTHER,821,670,887,728
1277387088Image000031.jpg,30,33,PEDESTRIAN_CROSSING,57,732,87,765
1277387088Image000031.jpg,33,33,PEDESTRIAN_CROSSING,730,696,763,729
1277387088Image000031.jpg,66,58,OTHER,821,670,887,728
1277387088Image000031.jpg,30,33,PEDESTRIAN_CROSSING,57,732,87,765
1277387088Image000031.jpg,33,33,PEDESTRIAN_CROSSING,730,696,763,729
1277387088Image000031.jpg,66,58,OTHER,821,670,887,728
1277387088Image000036.jpg,39,37,PEDESTRIAN_CROSSING,661,678,700,715
1277387088Image000036.jpg,74,67,OTHER,766,645,840,712
1277387088Image000036.jpg,39,37,PEDESTRIAN_CROSSING,661,678,700,715
1277387088Image000036.jpg,74,67,OTHER,766,645,840,712
1277387088Image000046.jpg,45,45,PEDESTRIAN_CROSSING,652,635,697,680
1277387088Image000046.jpg,106,91,OTHER,797,577,903,668
1277387088Image000046.jpg,45,45,PEDESTRIAN_CROSSING,652,635,697,680
1277387088Image000046.jpg,106,91,OTHER,797,577,903,668
1277387088Image000051.jpg,67,71,PEDESTRIAN_CROSSING,820,535,887,606
1277387088Image000051.jpg,177,141,OTHER,1080,410,1257,551
1277387088Image000051.jpg,67,71,PEDESTRIAN_CROSSING,820,535,887,606
1277387088Image000051.jpg,177,141,OTHER,1080,410,1257,551
1277387117Image000002.jpg,42,42,GIVE_WAY,1148,640,1190,682
1277387117Image000002.jpg,42,46,OTHER,1152,685,1194,731
1277387117Image000002.jpg,57,55,OTHER,822,628,879,683
1277387117Image000002.jpg,28,29,OTHER,1084,722,1112,751
1277387117Image000002.jpg,42,42,GIVE_WAY,1148,640,1190,682
1277387117Image000002.jpg,42,46,OTHER,1152,685,1194,731
1277387117Image000002.jpg,57,55,OTHER,822,628,879,683
1277387117Image000002.jpg,28,29,OTHER,1084,722,1112,751
1277387117Image000002.jpg,42,42,GIVE_WAY,1148,640,1190,682
1277387117Image000002.jpg,42,46,OTHER,1152,685,1194,731
1277387117Image000002.jpg,57,55,OTHER,822,628,879,683
1277387117Image000002.jpg,28,29,OTHER,1084,722,1112,751
1277387117Image000002.jpg,42,42,GIVE_WAY,1148,640,1190,682
1277387117Image000002.jpg,42,46,OTHER,1152,685,1194,731
1277387117Image000002.jpg,57,55,OTHER,822,628,879,683
1277387117Image000002.jpg,28,29,OTHER,1084,722,1112,751
1277387123Image000001.jpg,72,73,OTHER,731,659,803,732
1277387123Image000001.jpg,72,73,OTHER,731,659,803,732
1277387123Image000006.jpg,73,75,OTHER,553,654,626,729
1277387123Image000006.jpg,73,75,OTHER,553,654,626,729
1277387123Image000011.jpg,83,82,OTHER,258,640,341,722
1277387123Image000011.jpg,83,82,OTHER,258,640,341,722
1277387141Image000004.jpg,72,69,OTHER,839,565,911,634
1277387141Image000004.jpg,54,68,OTHER,268,395,322,463
1277387141Image000004.jpg,33,29,PEDESTRIAN_CROSSING,369,685,402,714
1277387141Image000004.jpg,72,69,OTHER,839,565,911,634
1277387141Image000004.jpg,54,68,OTHER,268,395,322,463
1277387141Image000004.jpg,33,29,PEDESTRIAN_CROSSING,369,685,402,714
1277387141Image000004.jpg,72,69,OTHER,839,565,911,634
1277387141Image000004.jpg,54,68,OTHER,268,395,322,463
1277387141Image000004.jpg,33,29,PEDESTRIAN_CROSSING,369,685,402,714
1277387141Image000009.jpg,86,98,OTHER,1079,458,1165,556
1277387141Image000009.jpg,75,84,OTHER,280,250,355,334
1277387141Image000009.jpg,35,34,PEDESTRIAN_CROSSING,453,660,488,694
1277387141Image000009.jpg,86,98,OTHER,1079,458,1165,556
1277387141Image000009.jpg,75,84,OTHER,280,250,355,334
1277387141Image000009.jpg,35,34,PEDESTRIAN_CROSSING,453,660,488,694
1277387141Image000009.jpg,86,98,OTHER,1079,458,1165,556
1277387141Image000009.jpg,75,84,OTHER,280,250,355,334
1277387141Image000009.jpg,35,34,PEDESTRIAN_CROSSING,453,660,488,694
1277387141Image000014.jpg,127,78,OTHER,248,1,375,79
1277387141Image000014.jpg,44,35,PEDESTRIAN_CROSSING,557,639,601,674
1277387141Image000014.jpg,20,26,PEDESTRIAN_CROSSING,20,677,40,703
1277387141Image000014.jpg,127,78,OTHER,248,1,375,79
1277387141Image000014.jpg,44,35,PEDESTRIAN_CROSSING,557,639,601,674
1277387141Image000014.jpg,20,26,PEDESTRIAN_CROSSING,20,677,40,703
1277387141Image000014.jpg,127,78,OTHER,248,1,375,79
1277387141Image000014.jpg,44,35,PEDESTRIAN_CROSSING,557,639,601,674
1277387141Image000014.jpg,20,26,PEDESTRIAN_CROSSING,20,677,40,703
1277387141Image000019.jpg,50,47,PEDESTRIAN_CROSSING,670,602,720,649
1277387141Image000019.jpg,24,28,PEDESTRIAN_CROSSING,67,665,91,693
1277387141Image000019.jpg,50,47,PEDESTRIAN_CROSSING,670,602,720,649
1277387141Image000019.jpg,24,28,PEDESTRIAN_CROSSING,67,665,91,693
1277387141Image000024.jpg,64,57,PEDESTRIAN_CROSSING,797,557,861,614
1277387141Image000024.jpg,21,34,PEDESTRIAN_CROSSING,93,660,114,694
1277387141Image000024.jpg,64,57,PEDESTRIAN_CROSSING,797,557,861,614
1277387141Image000024.jpg,21,34,PEDESTRIAN_CROSSING,93,660,114,694
1277387141Image000029.jpg,99,80,PEDESTRIAN_CROSSING,930,482,1029,562
1277387141Image000029.jpg,26,40,PEDESTRIAN_CROSSING,63,663,89,703
1277387141Image000029.jpg,31,35,PRIORITY_ROAD,1030,589,1061,624
1277387141Image000029.jpg,54,45,NO_STOPPING_NO_STANDING,1023,625,1077,670
1277387141Image000029.jpg,99,80,PEDESTRIAN_CROSSING,930,482,1029,562
1277387141Image000029.jpg,26,40,PEDESTRIAN_CROSSING,63,663,89,703
1277387141Image000029.jpg,31,35,PRIORITY_ROAD,1030,589,1061,624
1277387141Image000029.jpg,54,45,NO_STOPPING_NO_STANDING,1023,625,1077,670
1277387141Image000029.jpg,99,80,PEDESTRIAN_CROSSING,930,482,1029,562
1277387141Image000029.jpg,26,40,PEDESTRIAN_CROSSING,63,663,89,703
1277387141Image000029.jpg,31,35,PRIORITY_ROAD,1030,589,1061,624
1277387141Image000029.jpg,54,45,NO_STOPPING_NO_STANDING,1023,625,1077,670
1277387141Image000029.jpg,99,80,PEDESTRIAN_CROSSING,930,482,1029,562
1277387141Image000029.jpg,26,40,PEDESTRIAN_CROSSING,63,663,89,703
1277387141Image000029.jpg,31,35,PRIORITY_ROAD,1030,589,1061,624
1277387141Image000029.jpg,54,45,NO_STOPPING_NO_STANDING,1023,625,1077,670
1277387141Image000034.jpg,89,170,PEDESTRIAN_CROSSING,1188,197,1277,367
1277387141Image000034.jpg,47,46,PRIORITY_ROAD,1102,555,1149,601
1277387141Image000034.jpg,53,55,NO_STOPPING_NO_STANDING,1103,606,1156,661
1277387141Image000034.jpg,89,170,PEDESTRIAN_CROSSING,1188,197,1277,367
1277387141Image000034.jpg,47,46,PRIORITY_ROAD,1102,555,1149,601
1277387141Image000034.jpg,53,55,NO_STOPPING_NO_STANDING,1103,606,1156,661
1277387141Image000034.jpg,89,170,PEDESTRIAN_CROSSING,1188,197,1277,367
1277387141Image000034.jpg,47,46,PRIORITY_ROAD,1102,555,1149,601
1277387141Image000034.jpg,53,55,NO_STOPPING_NO_STANDING,1103,606,1156,661
1277387141Image000039.jpg,57,55,PRIORITY_ROAD,1121,506,1178,561
1277387141Image000039.jpg,69,66,NO_STOPPING_NO_STANDING,1121,565,1190,631
1277387141Image000039.jpg,57,55,PRIORITY_ROAD,1121,506,1178,561
1277387141Image000039.jpg,69,66,NO_STOPPING_NO_STANDING,1121,565,1190,631
1277387141Image000044.jpg,75,72,PRIORITY_ROAD,1146,451,1221,523
1277387141Image000044.jpg,83,84,NO_STOPPING_NO_STANDING,1155,529,1238,613
1277387141Image000044.jpg,75,72,PRIORITY_ROAD,1146,451,1221,523
1277387141Image000044.jpg,83,84,NO_STOPPING_NO_STANDING,1155,529,1238,613
1277387141Image000049.jpg,57,107,PRIORITY_ROAD,1216,307,1273,414
1277387141Image000049.jpg,49,124,NO_STOPPING_NO_STANDING,1226,434,1275,558
1277387141Image000049.jpg,57,107,PRIORITY_ROAD,1216,307,1273,414
1277387141Image000049.jpg,49,124,NO_STOPPING_NO_STANDING,1226,434,1275,558
1277387159Image000003.jpg,38,31,PRIORITY_ROAD,784,658,822,689
1277387159Image000003.jpg,42,49,NO_STOPPING_NO_STANDING,796,695,838,744
1277387159Image000003.jpg,38,31,PRIORITY_ROAD,784,658,822,689
1277387159Image000003.jpg,42,49,NO_STOPPING_NO_STANDING,796,695,838,744
1277387159Image000008.jpg,38,41,PRIORITY_ROAD,841,636,879,677
1277387159Image000008.jpg,41,53,NO_STOPPING_NO_STANDING,852,676,893,729
1277387159Image000008.jpg,38,41,PRIORITY_ROAD,841,636,879,677
1277387159Image000008.jpg,41,53,NO_STOPPING_NO_STANDING,852,676,893,729
1277387159Image000013.jpg,46,56,PRIORITY_ROAD,902,597,948,653
1277387159Image000013.jpg,59,62,NO_STOPPING_NO_STANDING,924,653,983,715
1277387159Image000013.jpg,46,56,PRIORITY_ROAD,902,597,948,653
1277387159Image000013.jpg,59,62,NO_STOPPING_NO_STANDING,924,653,983,715
1277387167Image000002.jpg,34,32,PRIORITY_ROAD,805,680,839,712
1277387167Image000002.jpg,40,40,NO_STOPPING_NO_STANDING,805,710,845,750
1277387167Image000002.jpg,34,32,PRIORITY_ROAD,805,680,839,712
1277387167Image000002.jpg,40,40,NO_STOPPING_NO_STANDING,805,710,845,750
1277387167Image000012.jpg,42,44,PRIORITY_ROAD,889,622,931,666
1277387167Image000012.jpg,52,58,NO_STOPPING_NO_STANDING,888,670,940,728
1277387167Image000012.jpg,42,44,PRIORITY_ROAD,889,622,931,666
1277387167Image000012.jpg,52,58,NO_STOPPING_NO_STANDING,888,670,940,728
1277387167Image000017.jpg,60,61,PRIORITY_ROAD,945,572,1005,633
1277387167Image000017.jpg,73,76,NO_STOPPING_NO_STANDING,944,637,1017,713
1277387167Image000017.jpg,60,61,PRIORITY_ROAD,945,572,1005,633
1277387167Image000017.jpg,73,76,NO_STOPPING_NO_STANDING,944,637,1017,713
1277387167Image000022.jpg,78,77,PRIORITY_ROAD,1033,511,1111,588
1277387167Image000022.jpg,85,91,NO_STOPPING_NO_STANDING,1037,592,1122,683
1277387167Image000022.jpg,78,77,PRIORITY_ROAD,1033,511,1111,588
1277387167Image000022.jpg,85,91,NO_STOPPING_NO_STANDING,1037,592,1122,683
1277387167Image000027.jpg,71,95,PRIORITY_ROAD,1206,402,1277,497
1277387167Image000027.jpg,75,130,NO_STOPPING_NO_STANDING,1207,511,1282,641
1277387167Image000027.jpg,71,95,PRIORITY_ROAD,1206,402,1277,497
1277387167Image000027.jpg,75,130,NO_STOPPING_NO_STANDING,1207,511,1282,641
1277387177Image000001.jpg,41,41,PRIORITY_ROAD,885,611,926,652
1277387177Image000001.jpg,48,49,NO_STOPPING_NO_STANDING,887,654,935,703
1277387177Image000001.jpg,41,41,PRIORITY_ROAD,885,611,926,652
1277387177Image000001.jpg,48,49,NO_STOPPING_NO_STANDING,887,654,935,703
1277387177Image000006.jpg,51,52,PRIORITY_ROAD,957,556,1008,608
1277387177Image000006.jpg,60,64,NO_STOPPING_NO_STANDING,953,610,1013,674
1277387177Image000006.jpg,51,52,PRIORITY_ROAD,957,556,1008,608
1277387177Image000006.jpg,60,64,NO_STOPPING_NO_STANDING,953,610,1013,674
1277387177Image000011.jpg,67,70,PRIORITY_ROAD,1046,479,1113,549
1277387177Image000011.jpg,84,86,NO_STOPPING_NO_STANDING,1045,550,1129,636
1277387177Image000011.jpg,67,70,PRIORITY_ROAD,1046,479,1113,549
1277387177Image000011.jpg,84,86,NO_STOPPING_NO_STANDING,1045,550,1129,636
1277387177Image000016.jpg,42,95,PRIORITY_ROAD,1237,325,1279,420
1277387189Image000001.jpg,25,22,PRIORITY_ROAD,700,708,725,730
1277387189Image000001.jpg,30,28,NO_STOPPING_NO_STANDING,701,728,731,756
1277387189Image000001.jpg,25,22,PRIORITY_ROAD,700,708,725,730
1277387189Image000001.jpg,30,28,NO_STOPPING_NO_STANDING,701,728,731,756
1277387189Image000001.jpg,25,22,PRIORITY_ROAD,700,708,725,730
1277387189Image000001.jpg,30,28,NO_STOPPING_NO_STANDING,701,728,731,756
1277387189Image000006.jpg,22,22,PRIORITY_ROAD,715,697,737,719
1277387189Image000006.jpg,33,30,NO_STOPPING_NO_STANDING,712,716,745,746
1277387189Image000006.jpg,22,22,PRIORITY_ROAD,715,697,737,719
1277387189Image000006.jpg,33,30,NO_STOPPING_NO_STANDING,712,716,745,746
1277387189Image000006.jpg,22,22,PRIORITY_ROAD,715,697,737,719
1277387189Image000006.jpg,33,30,NO_STOPPING_NO_STANDING,712,716,745,746
1277387189Image000011.jpg,27,33,PRIORITY_ROAD,730,680,757,713
1277387189Image000011.jpg,34,32,NO_STOPPING_NO_STANDING,728,713,762,745
1277387189Image000011.jpg,27,33,PRIORITY_ROAD,730,680,757,713
1277387189Image000011.jpg,34,32,NO_STOPPING_NO_STANDING,728,713,762,745
1277387189Image000011.jpg,27,33,PRIORITY_ROAD,730,680,757,713
1277387189Image000011.jpg,34,32,NO_STOPPING_NO_STANDING,728,713,762,745
1277387189Image000016.jpg,35,35,PRIORITY_ROAD,742,671,777,706
1277387189Image000016.jpg,32,34,NO_STOPPING_NO_STANDING,748,703,780,737
1277387189Image000016.jpg,35,35,PRIORITY_ROAD,742,671,777,706
1277387189Image000016.jpg,32,34,NO_STOPPING_NO_STANDING,748,703,780,737
1277387189Image000016.jpg,35,35,PRIORITY_ROAD,742,671,777,706
1277387189Image000016.jpg,32,34,NO_STOPPING_NO_STANDING,748,703,780,737
1277387189Image000026.jpg,52,49,PRIORITY_ROAD,839,576,891,625
1277387189Image000026.jpg,57,60,NO_STOPPING_NO_STANDING,843,626,900,686
1277387189Image000026.jpg,52,49,PRIORITY_ROAD,839,576,891,625
1277387189Image000026.jpg,57,60,NO_STOPPING_NO_STANDING,843,626,900,686
1277387189Image000026.jpg,52,49,PRIORITY_ROAD,839,576,891,625
1277387189Image000026.jpg,57,60,NO_STOPPING_NO_STANDING,843,626,900,686
1277387189Image000031.jpg,60,61,PRIORITY_ROAD,904,518,964,579
1277387189Image000031.jpg,69,72,NO_STOPPING_NO_STANDING,906,580,975,652
1277387189Image000031.jpg,60,61,PRIORITY_ROAD,904,518,964,579
1277387189Image000031.jpg,69,72,NO_STOPPING_NO_STANDING,906,580,975,652
1277387189Image000031.jpg,60,61,PRIORITY_ROAD,904,518,964,579
1277387189Image000031.jpg,69,72,NO_STOPPING_NO_STANDING,906,580,975,652
1277387195Image000006.jpg,38,40,PRIORITY_ROAD,761,635,799,675
1277387195Image000006.jpg,51,49,NO_STOPPING_NO_STANDING,757,677,808,726
1277387195Image000006.jpg,38,40,PRIORITY_ROAD,761,635,799,675
1277387195Image000006.jpg,51,49,NO_STOPPING_NO_STANDING,757,677,808,726
1277387195Image000011.jpg,53,51,PRIORITY_ROAD,793,603,846,654
1277387195Image000011.jpg,57,58,NO_STOPPING_NO_STANDING,790,653,847,711
1277387195Image000011.jpg,10,9,PRIORITY_ROAD,642,753,652,762
1277387195Image000011.jpg,16,13,NO_STOPPING_NO_STANDING,638,763,654,776
1277387195Image000011.jpg,53,51,PRIORITY_ROAD,793,603,846,654
1277387195Image000011.jpg,57,58,NO_STOPPING_NO_STANDING,790,653,847,711
1277387195Image000011.jpg,10,9,PRIORITY_ROAD,642,753,652,762
1277387195Image000011.jpg,16,13,NO_STOPPING_NO_STANDING,638,763,654,776
1277387195Image000011.jpg,53,51,PRIORITY_ROAD,793,603,846,654
1277387195Image000011.jpg,57,58,NO_STOPPING_NO_STANDING,790,653,847,711
1277387195Image000011.jpg,10,9,PRIORITY_ROAD,642,753,652,762
1277387195Image000011.jpg,16,13,NO_STOPPING_NO_STANDING,638,763,654,776
1277387195Image000011.jpg,53,51,PRIORITY_ROAD,793,603,846,654
1277387195Image000011.jpg,57,58,NO_STOPPING_NO_STANDING,790,653,847,711
1277387195Image000011.jpg,10,9,PRIORITY_ROAD,642,753,652,762
1277387195Image000011.jpg,16,13,NO_STOPPING_NO_STANDING,638,763,654,776
1277387195Image000021.jpg,112,110,PRIORITY_ROAD,1043,355,1155,465
1277387195Image000021.jpg,129,122,NO_STOPPING_NO_STANDING,1044,470,1173,592
1277387195Image000021.jpg,10,12,PRIORITY_ROAD,652,757,662,769
1277387195Image000021.jpg,15,16,NO_STOPPING_NO_STANDING,649,768,664,784
1277387195Image000021.jpg,112,110,PRIORITY_ROAD,1043,355,1155,465
1277387195Image000021.jpg,129,122,NO_STOPPING_NO_STANDING,1044,470,1173,592
1277387195Image000021.jpg,10,12,PRIORITY_ROAD,652,757,662,769
1277387195Image000021.jpg,15,16,NO_STOPPING_NO_STANDING,649,768,664,784
1277387195Image000021.jpg,112,110,PRIORITY_ROAD,1043,355,1155,465
1277387195Image000021.jpg,129,122,NO_STOPPING_NO_STANDING,1044,470,1173,592
1277387195Image000021.jpg,10,12,PRIORITY_ROAD,652,757,662,769
1277387195Image000021.jpg,15,16,NO_STOPPING_NO_STANDING,649,768,664,784
1277387195Image000021.jpg,112,110,PRIORITY_ROAD,1043,355,1155,465
1277387195Image000021.jpg,129,122,NO_STOPPING_NO_STANDING,1044,470,1173,592
1277387195Image000021.jpg,10,12,PRIORITY_ROAD,652,757,662,769
1277387195Image000021.jpg,15,16,NO_STOPPING_NO_STANDING,649,768,664,784
1277387200Image000001.jpg,26,23,PRIORITY_ROAD,733,680,759,703
1277387200Image000001.jpg,32,32,NO_STOPPING_NO_STANDING,730,707,762,739
1277387200Image000001.jpg,26,23,PRIORITY_ROAD,733,680,759,703
1277387200Image000001.jpg,32,32,NO_STOPPING_NO_STANDING,730,707,762,739
1277387200Image000006.jpg,28,29,PRIORITY_ROAD,755,661,783,690
1277387200Image000006.jpg,41,46,NO_STOPPING_NO_STANDING,751,687,792,733
1277387200Image000006.jpg,13,12,OTHER,495,801,508,813
1277387200Image000006.jpg,10,9,30_SIGN,517,794,527,803
1277387200Image000006.jpg,28,29,PRIORITY_ROAD,755,661,783,690
1277387200Image000006.jpg,41,46,NO_STOPPING_NO_STANDING,751,687,792,733
1277387200Image000006.jpg,13,12,OTHER,495,801,508,813
1277387200Image000006.jpg,10,9,30_SIGN,517,794,527,803
1277387200Image000006.jpg,28,29,PRIORITY_ROAD,755,661,783,690
1277387200Image000006.jpg,41,46,NO_STOPPING_NO_STANDING,751,687,792,733
1277387200Image000006.jpg,13,12,OTHER,495,801,508,813
1277387200Image000006.jpg,10,9,30_SIGN,517,794,527,803
1277387200Image000006.jpg,28,29,PRIORITY_ROAD,755,661,783,690
1277387200Image000006.jpg,41,46,NO_STOPPING_NO_STANDING,751,687,792,733
1277387200Image000006.jpg,13,12,OTHER,495,801,508,813
1277387200Image000006.jpg,10,9,30_SIGN,517,794,527,803
1277387200Image000011.jpg,36,36,PRIORITY_ROAD,785,630,821,666
1277387200Image000011.jpg,45,45,NO_STOPPING_NO_STANDING,784,668,829,713
1277387200Image000011.jpg,13,14,OTHER,490,802,503,816
1277387200Image000011.jpg,11,10,30_SIGN,514,794,525,804
1277387200Image000011.jpg,36,36,PRIORITY_ROAD,785,630,821,666
1277387200Image000011.jpg,45,45,NO_STOPPING_NO_STANDING,784,668,829,713
1277387200Image000011.jpg,13,14,OTHER,490,802,503,816
1277387200Image000011.jpg,11,10,30_SIGN,514,794,525,804
1277387200Image000011.jpg,36,36,PRIORITY_ROAD,785,630,821,666
1277387200Image000011.jpg,45,45,NO_STOPPING_NO_STANDING,784,668,829,713
1277387200Image000011.jpg,13,14,OTHER,490,802,503,816
1277387200Image000011.jpg,11,10,30_SIGN,514,794,525,804
1277387200Image000011.jpg,36,36,PRIORITY_ROAD,785,630,821,666
1277387200Image000011.jpg,45,45,NO_STOPPING_NO_STANDING,784,668,829,713
1277387200Image000011.jpg,13,14,OTHER,490,802,503,816
1277387200Image000011.jpg,11,10,30_SIGN,514,794,525,804
1277387200Image000011.jpg,36,36,PRIORITY_ROAD,785,630,821,666
1277387200Image000011.jpg,45,45,NO_STOPPING_NO_STANDING,784,668,829,713
1277387200Image000011.jpg,13,14,OTHER,490,802,503,816
1277387200Image000011.jpg,11,10,30_SIGN,514,794,525,804
1277387200Image000016.jpg,47,46,PRIORITY_ROAD,833,588,880,634
1277387200Image000016.jpg,56,60,NO_STOPPING_NO_STANDING,832,635,888,695
1277387200Image000016.jpg,17,15,OTHER,483,808,500,823
1277387200Image000016.jpg,10,11,30_SIGN,512,800,522,811
1277387200Image000016.jpg,47,46,PRIORITY_ROAD,833,588,880,634
1277387200Image000016.jpg,56,60,NO_STOPPING_NO_STANDING,832,635,888,695
1277387200Image000016.jpg,17,15,OTHER,483,808,500,823
1277387200Image000016.jpg,10,11,30_SIGN,512,800,522,811
1277387200Image000016.jpg,47,46,PRIORITY_ROAD,833,588,880,634
1277387200Image000016.jpg,56,60,NO_STOPPING_NO_STANDING,832,635,888,695
1277387200Image000016.jpg,17,15,OTHER,483,808,500,823
1277387200Image000016.jpg,10,11,30_SIGN,512,800,522,811
1277387200Image000016.jpg,47,46,PRIORITY_ROAD,833,588,880,634
1277387200Image000016.jpg,56,60,NO_STOPPING_NO_STANDING,832,635,888,695
1277387200Image000016.jpg,17,15,OTHER,483,808,500,823
1277387200Image000016.jpg,10,11,30_SIGN,512,800,522,811
1277387200Image000016.jpg,47,46,PRIORITY_ROAD,833,588,880,634
1277387200Image000016.jpg,56,60,NO_STOPPING_NO_STANDING,832,635,888,695
1277387200Image000016.jpg,17,15,OTHER,483,808,500,823
1277387200Image000016.jpg,10,11,30_SIGN,512,800,522,811
1277387200Image000021.jpg,62,61,PRIORITY_ROAD,891,530,953,591
1277387200Image000021.jpg,72,78,NO_STOPPING_NO_STANDING,891,589,963,667
1277387200Image000021.jpg,15,15,OTHER,475,808,490,823
1277387200Image000021.jpg,12,12,30_SIGN,503,800,515,812
1277387200Image000021.jpg,62,61,PRIORITY_ROAD,891,530,953,591
1277387200Image000021.jpg,72,78,NO_STOPPING_NO_STANDING,891,589,963,667
1277387200Image000021.jpg,15,15,OTHER,475,808,490,823
1277387200Image000021.jpg,12,12,30_SIGN,503,800,515,812
1277387200Image000021.jpg,62,61,PRIORITY_ROAD,891,530,953,591
1277387200Image000021.jpg,72,78,NO_STOPPING_NO_STANDING,891,589,963,667
1277387200Image000021.jpg,15,15,OTHER,475,808,490,823
1277387200Image000021.jpg,12,12,30_SIGN,503,800,515,812
1277387200Image000021.jpg,62,61,PRIORITY_ROAD,891,530,953,591
1277387200Image000021.jpg,72,78,NO_STOPPING_NO_STANDING,891,589,963,667
1277387200Image000021.jpg,15,15,OTHER,475,808,490,823
1277387200Image000021.jpg,12,12,30_SIGN,503,800,515,812
1277387200Image000021.jpg,62,61,PRIORITY_ROAD,891,530,953,591
1277387200Image000021.jpg,72,78,NO_STOPPING_NO_STANDING,891,589,963,667
1277387200Image000021.jpg,15,15,OTHER,475,808,490,823
1277387200Image000021.jpg,12,12,30_SIGN,503,800,515,812
1277387200Image000026.jpg,94,93,PRIORITY_ROAD,1025,391,1119,484
1277387200Image000026.jpg,113,111,NO_STOPPING_NO_STANDING,1024,486,1137,597
1277387200Image000026.jpg,16,15,OTHER,456,812,472,827
1277387200Image000026.jpg,11,12,30_SIGN,491,802,502,814
1277387200Image000026.jpg,94,93,PRIORITY_ROAD,1025,391,1119,484
1277387200Image000026.jpg,113,111,NO_STOPPING_NO_STANDING,1024,486,1137,597
1277387200Image000026.jpg,16,15,OTHER,456,812,472,827
1277387200Image000026.jpg,11,12,30_SIGN,491,802,502,814
1277387200Image000026.jpg,94,93,PRIORITY_ROAD,1025,391,1119,484
1277387200Image000026.jpg,113,111,NO_STOPPING_NO_STANDING,1024,486,1137,597
1277387200Image000026.jpg,16,15,OTHER,456,812,472,827
1277387200Image000026.jpg,11,12,30_SIGN,491,802,502,814
1277387200Image000026.jpg,94,93,PRIORITY_ROAD,1025,391,1119,484
1277387200Image000026.jpg,113,111,NO_STOPPING_NO_STANDING,1024,486,1137,597
1277387200Image000026.jpg,16,15,OTHER,456,812,472,827
1277387200Image000026.jpg,11,12,30_SIGN,491,802,502,814
1277387200Image000026.jpg,94,93,PRIORITY_ROAD,1025,391,1119,484
1277387200Image000026.jpg,113,111,NO_STOPPING_NO_STANDING,1024,486,1137,597
1277387200Image000026.jpg,16,15,OTHER,456,812,472,827
1277387200Image000026.jpg,11,12,30_SIGN,491,802,502,814
1277387200Image000031.jpg,18,17,OTHER,439,809,457,826
1277387200Image000031.jpg,13,12,30_SIGN,478,799,491,811
1277387200Image000031.jpg,18,17,OTHER,439,809,457,826
1277387200Image000031.jpg,13,12,30_SIGN,478,799,491,811
1277387200Image000031.jpg,18,17,OTHER,439,809,457,826
1277387200Image000031.jpg,13,12,30_SIGN,478,799,491,811
1277387206Image000004.jpg,100,106,OTHER,935,761,1035,867
1277387206Image000004.jpg,57,54,OTHER,93,843,150,897
1277387206Image000004.jpg,21,24,30_SIGN,361,808,382,832
1277387206Image000004.jpg,45,47,NO_STOPPING_NO_STANDING,791,637,836,684
1277387206Image000004.jpg,40,37,PRIORITY_ROAD,789,598,829,635
1277387206Image000004.jpg,21,23,30_SIGN,692,777,713,800
1277387206Image000004.jpg,18,19,PASS_RIGHT_SIDE,545,802,563,821
1277387206Image000004.jpg,100,106,OTHER,935,761,1035,867
1277387206Image000004.jpg,57,54,OTHER,93,843,150,897
1277387206Image000004.jpg,21,24,30_SIGN,361,808,382,832
1277387206Image000004.jpg,45,47,NO_STOPPING_NO_STANDING,791,637,836,684
1277387206Image000004.jpg,40,37,PRIORITY_ROAD,789,598,829,635
1277387206Image000004.jpg,21,23,30_SIGN,692,777,713,800
1277387206Image000004.jpg,18,19,PASS_RIGHT_SIDE,545,802,563,821
1277387206Image000004.jpg,100,106,OTHER,935,761,1035,867
1277387206Image000004.jpg,57,54,OTHER,93,843,150,897
1277387206Image000004.jpg,21,24,30_SIGN,361,808,382,832
1277387206Image000004.jpg,45,47,NO_STOPPING_NO_STANDING,791,637,836,684
1277387206Image000004.jpg,40,37,PRIORITY_ROAD,789,598,829,635
1277387206Image000004.jpg,21,23,30_SIGN,692,777,713,800
1277387206Image000004.jpg,18,19,PASS_RIGHT_SIDE,545,802,563,821
1277387206Image000004.jpg,100,106,OTHER,935,761,1035,867
1277387206Image000004.jpg,57,54,OTHER,93,843,150,897
1277387206Image000004.jpg,21,24,30_SIGN,361,808,382,832
1277387206Image000004.jpg,45,47,NO_STOPPING_NO_STANDING,791,637,836,684
1277387206Image000004.jpg,40,37,PRIORITY_ROAD,789,598,829,635
1277387206Image000004.jpg,21,23,30_SIGN,692,777,713,800
1277387206Image000004.jpg,18,19,PASS_RIGHT_SIDE,545,802,563,821
1277387206Image000004.jpg,100,106,OTHER,935,761,1035,867
1277387206Image000004.jpg,57,54,OTHER,93,843,150,897
1277387206Image000004.jpg,21,24,30_SIGN,361,808,382,832
1277387206Image000004.jpg,45,47,NO_STOPPING_NO_STANDING,791,637,836,684
1277387206Image000004.jpg,40,37,PRIORITY_ROAD,789,598,829,635
1277387206Image000004.jpg,21,23,30_SIGN,692,777,713,800
1277387206Image000004.jpg,18,19,PASS_RIGHT_SIDE,545,802,563,821
1277387206Image000004.jpg,100,106,OTHER,935,761,1035,867
1277387206Image000004.jpg,57,54,OTHER,93,843,150,897
1277387206Image000004.jpg,21,24,30_SIGN,361,808,382,832
1277387206Image000004.jpg,45,47,NO_STOPPING_NO_STANDING,791,637,836,684
1277387206Image000004.jpg,40,37,PRIORITY_ROAD,789,598,829,635
1277387206Image000004.jpg,21,23,30_SIGN,692,777,713,800
1277387206Image000004.jpg,18,19,PASS_RIGHT_SIDE,545,802,563,821
1277387206Image000004.jpg,100,106,OTHER,935,761,1035,867
1277387206Image000004.jpg,57,54,OTHER,93,843,150,897
1277387206Image000004.jpg,21,24,30_SIGN,361,808,382,832
1277387206Image000004.jpg,45,47,NO_STOPPING_NO_STANDING,791,637,836,684
1277387206Image000004.jpg,40,37,PRIORITY_ROAD,789,598,829,635
1277387206Image000004.jpg,21,23,30_SIGN,692,777,713,800
1277387206Image000004.jpg,18,19,PASS_RIGHT_SIDE,545,802,563,821
1277387206Image000004.jpg,100,106,OTHER,935,761,1035,867
1277387206Image000004.jpg,57,54,OTHER,93,843,150,897
1277387206Image000004.jpg,21,24,30_SIGN,361,808,382,832
1277387206Image000004.jpg,45,47,NO_STOPPING_NO_STANDING,791,637,836,684
1277387206Image000004.jpg,40,37,PRIORITY_ROAD,789,598,829,635
1277387206Image000004.jpg,21,23,30_SIGN,692,777,713,800
1277387206Image000004.jpg,18,19,PASS_RIGHT_SIDE,545,802,563,821
1277387206Image000009.jpg,111,162,OTHER,1167,741,1278,903
1277387206Image000009.jpg,25,24,30_SIGN,336,808,361,832
1277387206Image000009.jpg,50,47,PRIORITY_ROAD,838,544,888,591
1277387206Image000009.jpg,58,57,NO_STOPPING_NO_STANDING,840,594,898,651
1277387206Image000009.jpg,26,25,30_SIGN,700,773,726,798
1277387206Image000009.jpg,21,19,PASS_RIGHT_SIDE,540,802,561,821
1277387206Image000009.jpg,111,162,OTHER,1167,741,1278,903
1277387206Image000009.jpg,25,24,30_SIGN,336,808,361,832
1277387206Image000009.jpg,50,47,PRIORITY_ROAD,838,544,888,591
1277387206Image000009.jpg,58,57,NO_STOPPING_NO_STANDING,840,594,898,651
1277387206Image000009.jpg,26,25,30_SIGN,700,773,726,798
1277387206Image000009.jpg,21,19,PASS_RIGHT_SIDE,540,802,561,821
1277387206Image000009.jpg,111,162,OTHER,1167,741,1278,903
1277387206Image000009.jpg,25,24,30_SIGN,336,808,361,832
1277387206Image000009.jpg,50,47,PRIORITY_ROAD,838,544,888,591
1277387206Image000009.jpg,58,57,NO_STOPPING_NO_STANDING,840,594,898,651
1277387206Image000009.jpg,26,25,30_SIGN,700,773,726,798
1277387206Image000009.jpg,21,19,PASS_RIGHT_SIDE,540,802,561,821
1277387206Image000009.jpg,111,162,OTHER,1167,741,1278,903
1277387206Image000009.jpg,25,24,30_SIGN,336,808,361,832
1277387206Image000009.jpg,50,47,PRIORITY_ROAD,838,544,888,591
1277387206Image000009.jpg,58,57,NO_STOPPING_NO_STANDING,840,594,898,651
1277387206Image000009.jpg,26,25,30_SIGN,700,773,726,798
1277387206Image000009.jpg,21,19,PASS_RIGHT_SIDE,540,802,561,821
1277387206Image000009.jpg,111,162,OTHER,1167,741,1278,903
1277387206Image000009.jpg,25,24,30_SIGN,336,808,361,832
1277387206Image000009.jpg,50,47,PRIORITY_ROAD,838,544,888,591
1277387206Image000009.jpg,58,57,NO_STOPPING_NO_STANDING,840,594,898,651
1277387206Image000009.jpg,26,25,30_SIGN,700,773,726,798
1277387206Image000009.jpg,21,19,PASS_RIGHT_SIDE,540,802,561,821
1277387206Image000009.jpg,111,162,OTHER,1167,741,1278,903
1277387206Image000009.jpg,25,24,30_SIGN,336,808,361,832
1277387206Image000009.jpg,50,47,PRIORITY_ROAD,838,544,888,591
1277387206Image000009.jpg,58,57,NO_STOPPING_NO_STANDING,840,594,898,651
1277387206Image000009.jpg,26,25,30_SIGN,700,773,726,798
1277387206Image000009.jpg,21,19,PASS_RIGHT_SIDE,540,802,561,821
1277387206Image000009.jpg,111,162,OTHER,1167,741,1278,903
1277387206Image000009.jpg,25,24,30_SIGN,336,808,361,832
1277387206Image000009.jpg,50,47,PRIORITY_ROAD,838,544,888,591
1277387206Image000009.jpg,58,57,NO_STOPPING_NO_STANDING,840,594,898,651
1277387206Image000009.jpg,26,25,30_SIGN,700,773,726,798
1277387206Image000009.jpg,21,19,PASS_RIGHT_SIDE,540,802,561,821
1277387206Image000014.jpg,75,69,PRIORITY_ROAD,936,445,1011,514
1277387206Image000014.jpg,84,83,NO_STOPPING_NO_STANDING,941,515,1025,598
1277387206Image000014.jpg,28,27,30_SIGN,301,821,329,848
1277387206Image000014.jpg,30,30,30_SIGN,718,780,748,810
1277387206Image000014.jpg,21,21,PASS_RIGHT_SIDE,537,811,558,832
1277387206Image000014.jpg,75,69,PRIORITY_ROAD,936,445,1011,514
1277387206Image000014.jpg,84,83,NO_STOPPING_NO_STANDING,941,515,1025,598
1277387206Image000014.jpg,28,27,30_SIGN,301,821,329,848
1277387206Image000014.jpg,30,30,30_SIGN,718,780,748,810
1277387206Image000014.jpg,21,21,PASS_RIGHT_SIDE,537,811,558,832
1277387206Image000014.jpg,75,69,PRIORITY_ROAD,936,445,1011,514
1277387206Image000014.jpg,84,83,NO_STOPPING_NO_STANDING,941,515,1025,598
1277387206Image000014.jpg,28,27,30_SIGN,301,821,329,848
1277387206Image000014.jpg,30,30,30_SIGN,718,780,748,810
1277387206Image000014.jpg,21,21,PASS_RIGHT_SIDE,537,811,558,832
1277387206Image000014.jpg,75,69,PRIORITY_ROAD,936,445,1011,514
1277387206Image000014.jpg,84,83,NO_STOPPING_NO_STANDING,941,515,1025,598
1277387206Image000014.jpg,28,27,30_SIGN,301,821,329,848
1277387206Image000014.jpg,30,30,30_SIGN,718,780,748,810
1277387206Image000014.jpg,21,21,PASS_RIGHT_SIDE,537,811,558,832
1277387206Image000014.jpg,75,69,PRIORITY_ROAD,936,445,1011,514
1277387206Image000014.jpg,84,83,NO_STOPPING_NO_STANDING,941,515,1025,598
1277387206Image000014.jpg,28,27,30_SIGN,301,821,329,848
1277387206Image000014.jpg,30,30,30_SIGN,718,780,748,810
1277387206Image000014.jpg,21,21,PASS_RIGHT_SIDE,537,811,558,832
1277387206Image000014.jpg,75,69,PRIORITY_ROAD,936,445,1011,514
1277387206Image000014.jpg,84,83,NO_STOPPING_NO_STANDING,941,515,1025,598
1277387206Image000014.jpg,28,27,30_SIGN,301,821,329,848
1277387206Image000014.jpg,30,30,30_SIGN,718,780,748,810
1277387206Image000014.jpg,21,21,PASS_RIGHT_SIDE,537,811,558,832
1277387206Image000019.jpg,108,113,PRIORITY_ROAD,1173,187,1281,300
1277387206Image000019.jpg,95,141,NO_STOPPING_NO_STANDING,1181,303,1276,444
1277387206Image000019.jpg,33,34,30_SIGN,735,772,768,806
1277387206Image000019.jpg,34,33,30_SIGN,248,817,282,850
1277387206Image000019.jpg,25,24,PASS_RIGHT_SIDE,527,808,552,832
1277387206Image000019.jpg,108,113,PRIORITY_ROAD,1173,187,1281,300
1277387206Image000019.jpg,95,141,NO_STOPPING_NO_STANDING,1181,303,1276,444
1277387206Image000019.jpg,33,34,30_SIGN,735,772,768,806
1277387206Image000019.jpg,34,33,30_SIGN,248,817,282,850
1277387206Image000019.jpg,25,24,PASS_RIGHT_SIDE,527,808,552,832
1277387206Image000019.jpg,108,113,PRIORITY_ROAD,1173,187,1281,300
1277387206Image000019.jpg,95,141,NO_STOPPING_NO_STANDING,1181,303,1276,444
1277387206Image000019.jpg,33,34,30_SIGN,735,772,768,806
1277387206Image000019.jpg,34,33,30_SIGN,248,817,282,850
1277387206Image000019.jpg,25,24,PASS_RIGHT_SIDE,527,808,552,832
1277387206Image000019.jpg,108,113,PRIORITY_ROAD,1173,187,1281,300
1277387206Image000019.jpg,95,141,NO_STOPPING_NO_STANDING,1181,303,1276,444
1277387206Image000019.jpg,33,34,30_SIGN,735,772,768,806
1277387206Image000019.jpg,34,33,30_SIGN,248,817,282,850
1277387206Image000019.jpg,25,24,PASS_RIGHT_SIDE,527,808,552,832
1277387206Image000019.jpg,108,113,PRIORITY_ROAD,1173,187,1281,300
1277387206Image000019.jpg,95,141,NO_STOPPING_NO_STANDING,1181,303,1276,444
1277387206Image000019.jpg,33,34,30_SIGN,735,772,768,806
1277387206Image000019.jpg,34,33,30_SIGN,248,817,282,850
1277387206Image000019.jpg,25,24,PASS_RIGHT_SIDE,527,808,552,832
1277387206Image000019.jpg,108,113,PRIORITY_ROAD,1173,187,1281,300
1277387206Image000019.jpg,95,141,NO_STOPPING_NO_STANDING,1181,303,1276,444
1277387206Image000019.jpg,33,34,30_SIGN,735,772,768,806
1277387206Image000019.jpg,34,33,30_SIGN,248,817,282,850
1277387206Image000019.jpg,25,24,PASS_RIGHT_SIDE,527,808,552,832
1277387215Image000004.jpg,26,25,PRIORITY_ROAD,686,672,712,697
1277387215Image000004.jpg,26,32,NO_STOPPING_NO_STANDING,690,698,716,730
1277387215Image000004.jpg,37,39,PASS_RIGHT_SIDE,383,714,420,753
1277387215Image000004.jpg,19,20,50_SIGN,363,804,382,824
1277387215Image000004.jpg,26,25,PRIORITY_ROAD,686,672,712,697
1277387215Image000004.jpg,26,32,NO_STOPPING_NO_STANDING,690,698,716,730
1277387215Image000004.jpg,37,39,PASS_RIGHT_SIDE,383,714,420,753
1277387215Image000004.jpg,19,20,50_SIGN,363,804,382,824
1277387215Image000004.jpg,26,25,PRIORITY_ROAD,686,672,712,697
1277387215Image000004.jpg,26,32,NO_STOPPING_NO_STANDING,690,698,716,730
1277387215Image000004.jpg,37,39,PASS_RIGHT_SIDE,383,714,420,753
1277387215Image000004.jpg,19,20,50_SIGN,363,804,382,824
1277387215Image000004.jpg,26,25,PRIORITY_ROAD,686,672,712,697
1277387215Image000004.jpg,26,32,NO_STOPPING_NO_STANDING,690,698,716,730
1277387215Image000004.jpg,37,39,PASS_RIGHT_SIDE,383,714,420,753
1277387215Image000004.jpg,19,20,50_SIGN,363,804,382,824
1277387215Image000009.jpg,31,30,PRIORITY_ROAD,711,660,742,690
1277387215Image000009.jpg,31,35,NO_STOPPING_NO_STANDING,715,691,746,726
1277387215Image000009.jpg,41,42,PASS_RIGHT_SIDE,367,708,408,750
1277387215Image000009.jpg,22,21,50_SIGN,360,808,382,829
1277387215Image000009.jpg,31,30,PRIORITY_ROAD,711,660,742,690
1277387215Image000009.jpg,31,35,NO_STOPPING_NO_STANDING,715,691,746,726
1277387215Image000009.jpg,41,42,PASS_RIGHT_SIDE,367,708,408,750
1277387215Image000009.jpg,22,21,50_SIGN,360,808,382,829
1277387215Image000009.jpg,31,30,PRIORITY_ROAD,711,660,742,690
1277387215Image000009.jpg,31,35,NO_STOPPING_NO_STANDING,715,691,746,726
1277387215Image000009.jpg,41,42,PASS_RIGHT_SIDE,367,708,408,750
1277387215Image000009.jpg,22,21,50_SIGN,360,808,382,829
1277387215Image000009.jpg,31,30,PRIORITY_ROAD,711,660,742,690
1277387215Image000009.jpg,31,35,NO_STOPPING_NO_STANDING,715,691,746,726
1277387215Image000009.jpg,41,42,PASS_RIGHT_SIDE,367,708,408,750
1277387215Image000009.jpg,22,21,50_SIGN,360,808,382,829
1277387215Image000009.jpg,31,30,PRIORITY_ROAD,711,660,742,690
1277387215Image000009.jpg,31,35,NO_STOPPING_NO_STANDING,715,691,746,726
1277387215Image000009.jpg,41,42,PASS_RIGHT_SIDE,367,708,408,750
1277387215Image000009.jpg,22,21,50_SIGN,360,808,382,829
1277387215Image000014.jpg,34,29,PRIORITY_ROAD,736,643,770,672
1277387215Image000014.jpg,33,41,NO_STOPPING_NO_STANDING,740,674,773,715
1277387215Image000014.jpg,48,48,PASS_RIGHT_SIDE,348,692,396,740
1277387215Image000014.jpg,22,24,50_SIGN,356,803,378,827
1277387215Image000014.jpg,34,29,PRIORITY_ROAD,736,643,770,672
1277387215Image000014.jpg,33,41,NO_STOPPING_NO_STANDING,740,674,773,715
1277387215Image000014.jpg,48,48,PASS_RIGHT_SIDE,348,692,396,740
1277387215Image000014.jpg,22,24,50_SIGN,356,803,378,827
1277387215Image000014.jpg,34,29,PRIORITY_ROAD,736,643,770,672
1277387215Image000014.jpg,33,41,NO_STOPPING_NO_STANDING,740,674,773,715
1277387215Image000014.jpg,48,48,PASS_RIGHT_SIDE,348,692,396,740
1277387215Image000014.jpg,22,24,50_SIGN,356,803,378,827
1277387215Image000014.jpg,34,29,PRIORITY_ROAD,736,643,770,672
1277387215Image000014.jpg,33,41,NO_STOPPING_NO_STANDING,740,674,773,715
1277387215Image000014.jpg,48,48,PASS_RIGHT_SIDE,348,692,396,740
1277387215Image000014.jpg,22,24,50_SIGN,356,803,378,827
1277387215Image000014.jpg,34,29,PRIORITY_ROAD,736,643,770,672
1277387215Image000014.jpg,33,41,NO_STOPPING_NO_STANDING,740,674,773,715
1277387215Image000014.jpg,48,48,PASS_RIGHT_SIDE,348,692,396,740
1277387215Image000014.jpg,22,24,50_SIGN,356,803,378,827
1277387215Image000019.jpg,39,34,PRIORITY_ROAD,757,628,796,662
1277387215Image000019.jpg,38,46,NO_STOPPING_NO_STANDING,765,665,803,711
1277387215Image000019.jpg,55,55,PASS_RIGHT_SIDE,319,683,374,738
1277387215Image000019.jpg,23,25,50_SIGN,349,812,372,837
1277387215Image000019.jpg,39,34,PRIORITY_ROAD,757,628,796,662
1277387215Image000019.jpg,38,46,NO_STOPPING_NO_STANDING,765,665,803,711
1277387215Image000019.jpg,55,55,PASS_RIGHT_SIDE,319,683,374,738
1277387215Image000019.jpg,23,25,50_SIGN,349,812,372,837
1277387215Image000019.jpg,39,34,PRIORITY_ROAD,757,628,796,662
1277387215Image000019.jpg,38,46,NO_STOPPING_NO_STANDING,765,665,803,711
1277387215Image000019.jpg,55,55,PASS_RIGHT_SIDE,319,683,374,738
1277387215Image000019.jpg,23,25,50_SIGN,349,812,372,837
1277387215Image000019.jpg,39,34,PRIORITY_ROAD,757,628,796,662
1277387215Image000019.jpg,38,46,NO_STOPPING_NO_STANDING,765,665,803,711
1277387215Image000019.jpg,55,55,PASS_RIGHT_SIDE,319,683,374,738
1277387215Image000019.jpg,23,25,50_SIGN,349,812,372,837
1277387215Image000019.jpg,39,34,PRIORITY_ROAD,757,628,796,662
1277387215Image000019.jpg,38,46,NO_STOPPING_NO_STANDING,765,665,803,711
1277387215Image000019.jpg,55,55,PASS_RIGHT_SIDE,319,683,374,738
1277387215Image000019.jpg,23,25,50_SIGN,349,812,372,837
1277387215Image000024.jpg,43,46,PRIORITY_ROAD,818,577,861,623
1277387215Image000024.jpg,51,58,NO_STOPPING_NO_STANDING,824,621,875,679
1277387215Image000024.jpg,78,75,PASS_RIGHT_SIDE,221,637,299,712
1277387215Image000024.jpg,43,46,PRIORITY_ROAD,818,577,861,623
1277387215Image000024.jpg,51,58,NO_STOPPING_NO_STANDING,824,621,875,679
1277387215Image000024.jpg,78,75,PASS_RIGHT_SIDE,221,637,299,712
1277387215Image000024.jpg,43,46,PRIORITY_ROAD,818,577,861,623
1277387215Image000024.jpg,51,58,NO_STOPPING_NO_STANDING,824,621,875,679
1277387215Image000024.jpg,78,75,PASS_RIGHT_SIDE,221,637,299,712
1277387215Image000024.jpg,43,46,PRIORITY_ROAD,818,577,861,623
1277387215Image000024.jpg,51,58,NO_STOPPING_NO_STANDING,824,621,875,679
1277387215Image000024.jpg,78,75,PASS_RIGHT_SIDE,221,637,299,712
1277387215Image000029.jpg,61,56,PRIORITY_ROAD,867,521,928,577
1277387215Image000029.jpg,64,74,NO_STOPPING_NO_STANDING,876,579,940,653
1277387215Image000029.jpg,101,95,PASS_RIGHT_SIDE,97,589,198,684
1277387215Image000029.jpg,61,56,PRIORITY_ROAD,867,521,928,577
1277387215Image000029.jpg,64,74,NO_STOPPING_NO_STANDING,876,579,940,653
1277387215Image000029.jpg,101,95,PASS_RIGHT_SIDE,97,589,198,684
1277387215Image000029.jpg,61,56,PRIORITY_ROAD,867,521,928,577
1277387215Image000029.jpg,64,74,NO_STOPPING_NO_STANDING,876,579,940,653
1277387215Image000029.jpg,101,95,PASS_RIGHT_SIDE,97,589,198,684
1277387215Image000034.jpg,72,71,PRIORITY_ROAD,914,474,986,545
1277387215Image000034.jpg,80,88,NO_STOPPING_NO_STANDING,926,544,1006,632
1277387215Image000034.jpg,70,126,PASS_RIGHT_SIDE,3,536,73,662
1277387215Image000034.jpg,72,71,PRIORITY_ROAD,914,474,986,545
1277387215Image000034.jpg,80,88,NO_STOPPING_NO_STANDING,926,544,1006,632
1277387215Image000034.jpg,70,126,PASS_RIGHT_SIDE,3,536,73,662
1277387215Image000034.jpg,72,71,PRIORITY_ROAD,914,474,986,545
1277387215Image000034.jpg,80,88,NO_STOPPING_NO_STANDING,926,544,1006,632
1277387215Image000034.jpg,70,126,PASS_RIGHT_SIDE,3,536,73,662
1277387215Image000039.jpg,96,90,PRIORITY_ROAD,986,388,1082,478
1277387215Image000039.jpg,105,114,NO_STOPPING_NO_STANDING,1000,480,1105,594
1277387215Image000039.jpg,96,90,PRIORITY_ROAD,986,388,1082,478
1277387215Image000039.jpg,105,114,NO_STOPPING_NO_STANDING,1000,480,1105,594
1277387215Image000044.jpg,122,108,PRIORITY_ROAD,1069,282,1191,390
1277387215Image000044.jpg,139,144,NO_STOPPING_NO_STANDING,1092,394,1231,538
1277387215Image000044.jpg,122,108,PRIORITY_ROAD,1069,282,1191,390
1277387215Image000044.jpg,139,144,NO_STOPPING_NO_STANDING,1092,394,1231,538
1277387221Image000002.jpg,73,73,50_SIGN,806,740,879,813
1277387221Image000007.jpg,84,81,50_SIGN,831,735,915,816
1277387234Image000001.jpg,59,59,PASS_RIGHT_SIDE,237,688,296,747
1277387234Image000001.jpg,59,59,PASS_RIGHT_SIDE,237,688,296,747
1277387234Image000006.jpg,69,67,PASS_RIGHT_SIDE,187,663,256,730
1277387234Image000006.jpg,69,67,PASS_RIGHT_SIDE,187,663,256,730
1277387234Image000011.jpg,75,75,PASS_RIGHT_SIDE,119,644,194,719
1277387234Image000011.jpg,75,75,PASS_RIGHT_SIDE,119,644,194,719
1277387246Image000001.jpg,21,25,PRIORITY_ROAD,717,649,738,674
1277387246Image000001.jpg,22,21,NO_STOPPING_NO_STANDING,719,674,741,695
1277387246Image000001.jpg,21,25,PRIORITY_ROAD,717,649,738,674
1277387246Image000001.jpg,22,21,NO_STOPPING_NO_STANDING,719,674,741,695
1277387246Image000006.jpg,24,27,PRIORITY_ROAD,724,640,748,667
1277387246Image000006.jpg,21,21,NO_STOPPING_NO_STANDING,729,668,750,689
1277387246Image000006.jpg,24,27,PRIORITY_ROAD,724,640,748,667
1277387246Image000006.jpg,21,21,NO_STOPPING_NO_STANDING,729,668,750,689
1277387246Image000016.jpg,32,34,PRIORITY_ROAD,739,620,771,654
1277387246Image000016.jpg,23,24,NO_STOPPING_NO_STANDING,746,653,769,677
1277387246Image000016.jpg,32,34,PRIORITY_ROAD,739,620,771,654
1277387246Image000016.jpg,23,24,NO_STOPPING_NO_STANDING,746,653,769,677
1277387246Image000021.jpg,37,36,PRIORITY_ROAD,755,594,792,630
1277387246Image000021.jpg,24,25,NO_STOPPING_NO_STANDING,763,632,787,657
1277387246Image000021.jpg,37,36,PRIORITY_ROAD,755,594,792,630
1277387246Image000021.jpg,24,25,NO_STOPPING_NO_STANDING,763,632,787,657
1277387246Image000026.jpg,42,40,PRIORITY_ROAD,772,569,814,609
1277387246Image000026.jpg,29,28,NO_STOPPING_NO_STANDING,784,612,813,640
1277387246Image000026.jpg,42,40,PRIORITY_ROAD,772,569,814,609
1277387246Image000026.jpg,29,28,NO_STOPPING_NO_STANDING,784,612,813,640
1277387246Image000031.jpg,51,49,PRIORITY_ROAD,806,559,857,608
1277387246Image000031.jpg,36,36,NO_STOPPING_NO_STANDING,817,607,853,643
1277387246Image000031.jpg,51,49,PRIORITY_ROAD,806,559,857,608
1277387246Image000031.jpg,36,36,NO_STOPPING_NO_STANDING,817,607,853,643
1277387246Image000036.jpg,48,53,PRIORITY_ROAD,837,510,885,563
1277387246Image000036.jpg,43,41,NO_STOPPING_NO_STANDING,849,566,892,607
1277387246Image000036.jpg,48,53,PRIORITY_ROAD,837,510,885,563
1277387246Image000036.jpg,43,41,NO_STOPPING_NO_STANDING,849,566,892,607
1277387246Image000041.jpg,81,83,PRIORITY_ROAD,937,387,1018,470
1277387246Image000041.jpg,61,61,NO_STOPPING_NO_STANDING,954,471,1015,532
1277387246Image000041.jpg,81,83,PRIORITY_ROAD,937,387,1018,470
1277387246Image000041.jpg,61,61,NO_STOPPING_NO_STANDING,954,471,1015,532
1277387246Image000046.jpg,130,123,PRIORITY_ROAD,1115,148,1245,271
1277387246Image000046.jpg,92,93,NO_STOPPING_NO_STANDING,1148,272,1240,365
1277387246Image000046.jpg,130,123,PRIORITY_ROAD,1115,148,1245,271
1277387246Image000046.jpg,92,93,NO_STOPPING_NO_STANDING,1148,272,1240,365
1277387259Image000001.jpg,31,32,PEDESTRIAN_CROSSING,356,661,387,693
1277387259Image000006.jpg,32,33,PEDESTRIAN_CROSSING,385,652,417,685
1277387259Image000011.jpg,33,33,PEDESTRIAN_CROSSING,424,636,457,669
1277387259Image000016.jpg,38,38,PEDESTRIAN_CROSSING,477,621,515,659
1277387259Image000021.jpg,45,44,PEDESTRIAN_CROSSING,525,599,570,643
1277387259Image000026.jpg,51,48,PEDESTRIAN_CROSSING,578,568,629,616
1277387259Image000031.jpg,59,57,PEDESTRIAN_CROSSING,638,524,697,581
1277387259Image000036.jpg,68,67,PEDESTRIAN_CROSSING,714,474,782,541
1277387259Image000046.jpg,112,105,PEDESTRIAN_CROSSING,929,281,1041,386
1277387259Image000051.jpg,122,160,PEDESTRIAN_CROSSING,1154,30,1276,190
1277387272Image000006.jpg,96,94,OTHER,1083,452,1179,546
1277387272Image000006.jpg,57,69,PASS_RIGHT_SIDE,373,695,430,764
1277387272Image000006.jpg,15,15,PASS_RIGHT_SIDE,920,760,935,775
1277387272Image000006.jpg,96,94,OTHER,1083,452,1179,546
1277387272Image000006.jpg,57,69,PASS_RIGHT_SIDE,373,695,430,764
1277387272Image000006.jpg,15,15,PASS_RIGHT_SIDE,920,760,935,775
1277387272Image000006.jpg,96,94,OTHER,1083,452,1179,546
1277387272Image000006.jpg,57,69,PASS_RIGHT_SIDE,373,695,430,764
1277387272Image000006.jpg,15,15,PASS_RIGHT_SIDE,920,760,935,775
1277387272Image000006.jpg,96,94,OTHER,1083,452,1179,546
1277387272Image000006.jpg,57,69,PASS_RIGHT_SIDE,373,695,430,764
1277387272Image000006.jpg,15,15,PASS_RIGHT_SIDE,920,760,935,775
1277387277Image000006.jpg,28,27,PASS_RIGHT_SIDE,511,745,539,772
1277387277Image000006.jpg,28,27,PASS_RIGHT_SIDE,511,745,539,772
1277387277Image000011.jpg,26,28,PASS_RIGHT_SIDE,470,744,496,772
1277387277Image000011.jpg,26,28,PASS_RIGHT_SIDE,470,744,496,772
1277387280Image000004.jpg,52,51,PASS_RIGHT_SIDE,59,705,111,756
1277387280Image000004.jpg,29,62,PEDESTRIAN_CROSSING,1095,504,1124,566
1277387280Image000004.jpg,52,51,PASS_RIGHT_SIDE,59,705,111,756
1277387280Image000004.jpg,29,62,PEDESTRIAN_CROSSING,1095,504,1124,566
1277387280Image000004.jpg,52,51,PASS_RIGHT_SIDE,59,705,111,756
1277387280Image000004.jpg,29,62,PEDESTRIAN_CROSSING,1095,504,1124,566
1277387304Image000001.jpg,78,79,OTHER,1015,439,1093,518
1277387304Image000001.jpg,65,70,PRIORITY_ROAD,1022,577,1087,647
1277387304Image000001.jpg,79,80,PASS_RIGHT_SIDE,196,698,275,778
1277387304Image000001.jpg,78,79,OTHER,1015,439,1093,518
1277387304Image000001.jpg,65,70,PRIORITY_ROAD,1022,577,1087,647
1277387304Image000001.jpg,79,80,PASS_RIGHT_SIDE,196,698,275,778
1277387304Image000001.jpg,78,79,OTHER,1015,439,1093,518
1277387304Image000001.jpg,65,70,PRIORITY_ROAD,1022,577,1087,647
1277387304Image000001.jpg,79,80,PASS_RIGHT_SIDE,196,698,275,778
1277387304Image000001.jpg,78,79,OTHER,1015,439,1093,518
1277387304Image000001.jpg,65,70,PRIORITY_ROAD,1022,577,1087,647
1277387304Image000001.jpg,79,80,PASS_RIGHT_SIDE,196,698,275,778
1277387304Image000006.jpg,100,106,OTHER,1125,334,1225,440
1277387304Image000006.jpg,88,90,PRIORITY_ROAD,1135,506,1223,596
1277387304Image000006.jpg,100,105,PASS_RIGHT_SIDE,85,664,185,769
1277387304Image000006.jpg,100,106,OTHER,1125,334,1225,440
1277387304Image000006.jpg,88,90,PRIORITY_ROAD,1135,506,1223,596
1277387304Image000006.jpg,100,105,PASS_RIGHT_SIDE,85,664,185,769
1277387304Image000006.jpg,100,106,OTHER,1125,334,1225,440
1277387304Image000006.jpg,88,90,PRIORITY_ROAD,1135,506,1223,596
1277387304Image000006.jpg,100,105,PASS_RIGHT_SIDE,85,664,185,769
1277387304Image000006.jpg,100,106,OTHER,1125,334,1225,440
1277387304Image000006.jpg,88,90,PRIORITY_ROAD,1135,506,1223,596
1277387304Image000006.jpg,100,105,PASS_RIGHT_SIDE,85,664,185,769
1277387304Image000011.jpg,60,133,PASS_RIGHT_SIDE,2,624,62,757
1277387304Image000011.jpg,60,133,PASS_RIGHT_SIDE,2,624,62,757
1277387325Image000002.jpg,68,63,OTHER,566,378,634,441
1277387325Image000002.jpg,61,64,OTHER,192,411,253,475
1277387325Image000002.jpg,36,35,PASS_RIGHT_SIDE,233,726,269,761
1277387325Image000002.jpg,15,14,PASS_RIGHT_SIDE,408,733,423,747
1277387325Image000002.jpg,68,63,OTHER,566,378,634,441
1277387325Image000002.jpg,61,64,OTHER,192,411,253,475
1277387325Image000002.jpg,36,35,PASS_RIGHT_SIDE,233,726,269,761
1277387325Image000002.jpg,15,14,PASS_RIGHT_SIDE,408,733,423,747
1277387325Image000002.jpg,68,63,OTHER,566,378,634,441
1277387325Image000002.jpg,61,64,OTHER,192,411,253,475
1277387325Image000002.jpg,36,35,PASS_RIGHT_SIDE,233,726,269,761
1277387325Image000002.jpg,15,14,PASS_RIGHT_SIDE,408,733,423,747
1277387325Image000002.jpg,68,63,OTHER,566,378,634,441
1277387325Image000002.jpg,61,64,OTHER,192,411,253,475
1277387325Image000002.jpg,36,35,PASS_RIGHT_SIDE,233,726,269,761
1277387325Image000002.jpg,15,14,PASS_RIGHT_SIDE,408,733,423,747
1277387325Image000002.jpg,68,63,OTHER,566,378,634,441
1277387325Image000002.jpg,61,64,OTHER,192,411,253,475
1277387325Image000002.jpg,36,35,PASS_RIGHT_SIDE,233,726,269,761
1277387325Image000002.jpg,15,14,PASS_RIGHT_SIDE,408,733,423,747
1277387325Image000007.jpg,88,82,OTHER,554,229,642,311
1277387325Image000007.jpg,79,81,OTHER,57,281,136,362
1277387325Image000007.jpg,41,42,PASS_RIGHT_SIDE,175,711,216,753
1277387325Image000007.jpg,15,15,PASS_RIGHT_SIDE,397,727,412,742
1277387325Image000007.jpg,88,82,OTHER,554,229,642,311
1277387325Image000007.jpg,79,81,OTHER,57,281,136,362
1277387325Image000007.jpg,41,42,PASS_RIGHT_SIDE,175,711,216,753
1277387325Image000007.jpg,15,15,PASS_RIGHT_SIDE,397,727,412,742
1277387325Image000007.jpg,88,82,OTHER,554,229,642,311
1277387325Image000007.jpg,79,81,OTHER,57,281,136,362
1277387325Image000007.jpg,41,42,PASS_RIGHT_SIDE,175,711,216,753
1277387325Image000007.jpg,15,15,PASS_RIGHT_SIDE,397,727,412,742
1277387325Image000007.jpg,88,82,OTHER,554,229,642,311
1277387325Image000007.jpg,79,81,OTHER,57,281,136,362
1277387325Image000007.jpg,41,42,PASS_RIGHT_SIDE,175,711,216,753
1277387325Image000007.jpg,15,15,PASS_RIGHT_SIDE,397,727,412,742
1277387325Image000007.jpg,88,82,OTHER,554,229,642,311
1277387325Image000007.jpg,79,81,OTHER,57,281,136,362
1277387325Image000007.jpg,41,42,PASS_RIGHT_SIDE,175,711,216,753
1277387325Image000007.jpg,15,15,PASS_RIGHT_SIDE,397,727,412,742
1277387325Image000012.jpg,117,103,OTHER,531,8,648,111
1277387325Image000012.jpg,48,47,PASS_RIGHT_SIDE,111,696,159,743
1277387325Image000012.jpg,15,17,PASS_RIGHT_SIDE,387,720,402,737
1277387325Image000012.jpg,117,103,OTHER,531,8,648,111
1277387325Image000012.jpg,48,47,PASS_RIGHT_SIDE,111,696,159,743
1277387325Image000012.jpg,15,17,PASS_RIGHT_SIDE,387,720,402,737
1277387325Image000012.jpg,117,103,OTHER,531,8,648,111
1277387325Image000012.jpg,48,47,PASS_RIGHT_SIDE,111,696,159,743
1277387325Image000012.jpg,15,17,PASS_RIGHT_SIDE,387,720,402,737
1277387325Image000012.jpg,117,103,OTHER,531,8,648,111
1277387325Image000012.jpg,48,47,PASS_RIGHT_SIDE,111,696,159,743
1277387325Image000012.jpg,15,17,PASS_RIGHT_SIDE,387,720,402,737
1277387325Image000017.jpg,18,21,PASS_RIGHT_SIDE,365,711,383,732
1277387325Image000017.jpg,18,21,PASS_RIGHT_SIDE,365,711,383,732
1277387357Image000004.jpg,83,103,OTHER,1195,500,1278,603
1277387533Image000011.jpg,35,35,OTHER,66,680,101,715
1277387533Image000011.jpg,30,30,PRIORITY_ROAD,74,716,104,746
1277387533Image000011.jpg,35,35,OTHER,66,680,101,715
1277387533Image000011.jpg,30,30,PRIORITY_ROAD,74,716,104,746
1277387533Image000016.jpg,39,39,OTHER,420,617,459,656
1277387533Image000016.jpg,31,30,PRIORITY_ROAD,430,658,461,688
1277387533Image000016.jpg,32,30,OTHER,151,563,183,593
1277387533Image000016.jpg,18,37,OTHER,5,571,23,608
1277387533Image000016.jpg,39,39,OTHER,420,617,459,656
1277387533Image000016.jpg,31,30,PRIORITY_ROAD,430,658,461,688
1277387533Image000016.jpg,32,30,OTHER,151,563,183,593
1277387533Image000016.jpg,18,37,OTHER,5,571,23,608
1277387533Image000016.jpg,39,39,OTHER,420,617,459,656
1277387533Image000016.jpg,31,30,PRIORITY_ROAD,430,658,461,688
1277387533Image000016.jpg,32,30,OTHER,151,563,183,593
1277387533Image000016.jpg,18,37,OTHER,5,571,23,608
1277387533Image000016.jpg,39,39,OTHER,420,617,459,656
1277387533Image000016.jpg,31,30,PRIORITY_ROAD,430,658,461,688
1277387533Image000016.jpg,32,30,OTHER,151,563,183,593
1277387533Image000016.jpg,18,37,OTHER,5,571,23,608
1277387533Image000016.jpg,39,39,OTHER,420,617,459,656
1277387533Image000016.jpg,31,30,PRIORITY_ROAD,430,658,461,688
1277387533Image000016.jpg,32,30,OTHER,151,563,183,593
1277387533Image000016.jpg,18,37,OTHER,5,571,23,608
1277387533Image000021.jpg,45,47,OTHER,682,613,727,660
1277387533Image000021.jpg,35,35,PRIORITY_ROAD,692,661,727,696
1277387533Image000021.jpg,33,33,OTHER,392,565,425,598
1277387533Image000021.jpg,32,32,OTHER,224,575,256,607
1277387533Image000021.jpg,44,46,OTHER,2,698,46,744
1277387533Image000021.jpg,20,22,PASS_RIGHT_SIDE,141,707,161,729
1277387533Image000021.jpg,45,47,OTHER,682,613,727,660
1277387533Image000021.jpg,35,35,PRIORITY_ROAD,692,661,727,696
1277387533Image000021.jpg,33,33,OTHER,392,565,425,598
1277387533Image000021.jpg,32,32,OTHER,224,575,256,607
1277387533Image000021.jpg,44,46,OTHER,2,698,46,744
1277387533Image000021.jpg,20,22,PASS_RIGHT_SIDE,141,707,161,729
1277387533Image000021.jpg,45,47,OTHER,682,613,727,660
1277387533Image000021.jpg,35,35,PRIORITY_ROAD,692,661,727,696
1277387533Image000021.jpg,33,33,OTHER,392,565,425,598
1277387533Image000021.jpg,32,32,OTHER,224,575,256,607
1277387533Image000021.jpg,44,46,OTHER,2,698,46,744
1277387533Image000021.jpg,20,22,PASS_RIGHT_SIDE,141,707,161,729
1277387533Image000021.jpg,45,47,OTHER,682,613,727,660
1277387533Image000021.jpg,35,35,PRIORITY_ROAD,692,661,727,696
1277387533Image000021.jpg,33,33,OTHER,392,565,425,598
1277387533Image000021.jpg,32,32,OTHER,224,575,256,607
1277387533Image000021.jpg,44,46,OTHER,2,698,46,744
1277387533Image000021.jpg,20,22,PASS_RIGHT_SIDE,141,707,161,729
1277387533Image000021.jpg,45,47,OTHER,682,613,727,660
1277387533Image000021.jpg,35,35,PRIORITY_ROAD,692,661,727,696
1277387533Image000021.jpg,33,33,OTHER,392,565,425,598
1277387533Image000021.jpg,32,32,OTHER,224,575,256,607
1277387533Image000021.jpg,44,46,OTHER,2,698,46,744
1277387533Image000021.jpg,20,22,PASS_RIGHT_SIDE,141,707,161,729
1277387533Image000021.jpg,45,47,OTHER,682,613,727,660
1277387533Image000021.jpg,35,35,PRIORITY_ROAD,692,661,727,696
1277387533Image000021.jpg,33,33,OTHER,392,565,425,598
1277387533Image000021.jpg,32,32,OTHER,224,575,256,607
1277387533Image000021.jpg,44,46,OTHER,2,698,46,744
1277387533Image000021.jpg,20,22,PASS_RIGHT_SIDE,141,707,161,729
1277387533Image000026.jpg,49,54,OTHER,885,579,934,633
1277387533Image000026.jpg,38,43,PRIORITY_ROAD,894,631,932,674
1277387533Image000026.jpg,36,36,OTHER,554,528,590,564
1277387533Image000026.jpg,35,34,OTHER,368,539,403,573
1277387533Image000026.jpg,54,53,OTHER,106,668,160,721
1277387533Image000026.jpg,24,25,PASS_RIGHT_SIDE,287,686,311,711
1277387533Image000026.jpg,49,54,OTHER,885,579,934,633
1277387533Image000026.jpg,38,43,PRIORITY_ROAD,894,631,932,674
1277387533Image000026.jpg,36,36,OTHER,554,528,590,564
1277387533Image000026.jpg,35,34,OTHER,368,539,403,573
1277387533Image000026.jpg,54,53,OTHER,106,668,160,721
1277387533Image000026.jpg,24,25,PASS_RIGHT_SIDE,287,686,311,711
1277387533Image000026.jpg,49,54,OTHER,885,579,934,633
1277387533Image000026.jpg,38,43,PRIORITY_ROAD,894,631,932,674
1277387533Image000026.jpg,36,36,OTHER,554,528,590,564
1277387533Image000026.jpg,35,34,OTHER,368,539,403,573
1277387533Image000026.jpg,54,53,OTHER,106,668,160,721
1277387533Image000026.jpg,24,25,PASS_RIGHT_SIDE,287,686,311,711
1277387533Image000026.jpg,49,54,OTHER,885,579,934,633
1277387533Image000026.jpg,38,43,PRIORITY_ROAD,894,631,932,674
1277387533Image000026.jpg,36,36,OTHER,554,528,590,564
1277387533Image000026.jpg,35,34,OTHER,368,539,403,573
1277387533Image000026.jpg,54,53,OTHER,106,668,160,721
1277387533Image000026.jpg,24,25,PASS_RIGHT_SIDE,287,686,311,711
1277387533Image000026.jpg,49,54,OTHER,885,579,934,633
1277387533Image000026.jpg,38,43,PRIORITY_ROAD,894,631,932,674
1277387533Image000026.jpg,36,36,OTHER,554,528,590,564
1277387533Image000026.jpg,35,34,OTHER,368,539,403,573
1277387533Image000026.jpg,54,53,OTHER,106,668,160,721
1277387533Image000026.jpg,24,25,PASS_RIGHT_SIDE,287,686,311,711
1277387533Image000026.jpg,49,54,OTHER,885,579,934,633
1277387533Image000026.jpg,38,43,PRIORITY_ROAD,894,631,932,674
1277387533Image000026.jpg,36,36,OTHER,554,528,590,564
1277387533Image000026.jpg,35,34,OTHER,368,539,403,573
1277387533Image000026.jpg,54,53,OTHER,106,668,160,721
1277387533Image000026.jpg,24,25,PASS_RIGHT_SIDE,287,686,311,711
1277387533Image000031.jpg,50,54,OTHER,982,563,1032,617
1277387533Image000031.jpg,43,47,PRIORITY_ROAD,994,621,1037,668
1277387533Image000031.jpg,50,54,OTHER,982,563,1032,617
1277387533Image000031.jpg,43,47,PRIORITY_ROAD,994,621,1037,668
1277387533Image000056.jpg,92,89,OTHER,917,191,1009,280
1277387533Image000056.jpg,88,88,OTHER,449,228,537,316
1277387533Image000056.jpg,37,37,PASS_RIGHT_SIDE,384,672,421,709
1277387533Image000056.jpg,92,89,OTHER,917,191,1009,280
1277387533Image000056.jpg,88,88,OTHER,449,228,537,316
1277387533Image000056.jpg,37,37,PASS_RIGHT_SIDE,384,672,421,709
1277387533Image000056.jpg,92,89,OTHER,917,191,1009,280
1277387533Image000056.jpg,88,88,OTHER,449,228,537,316
1277387533Image000056.jpg,37,37,PASS_RIGHT_SIDE,384,672,421,709
1277387533Image000061.jpg,118,111,OTHER,1005,11,1123,122
1277387533Image000061.jpg,114,110,OTHER,398,61,512,171
1277387533Image000061.jpg,41,42,PASS_RIGHT_SIDE,359,657,400,699
1277387533Image000061.jpg,118,111,OTHER,1005,11,1123,122
1277387533Image000061.jpg,114,110,OTHER,398,61,512,171
1277387533Image000061.jpg,41,42,PASS_RIGHT_SIDE,359,657,400,699
1277387533Image000061.jpg,118,111,OTHER,1005,11,1123,122
1277387533Image000061.jpg,114,110,OTHER,398,61,512,171
1277387533Image000061.jpg,41,42,PASS_RIGHT_SIDE,359,657,400,699
1277387533Image000061.jpg,118,111,OTHER,1005,11,1123,122
1277387533Image000061.jpg,114,110,OTHER,398,61,512,171
1277387533Image000061.jpg,41,42,PASS_RIGHT_SIDE,359,657,400,699
1277387533Image000066.jpg,44,46,PASS_RIGHT_SIDE,329,646,373,692
1277387533Image000066.jpg,44,46,PASS_RIGHT_SIDE,329,646,373,692
1277387533Image000071.jpg,49,51,PASS_RIGHT_SIDE,295,642,344,693
1277387533Image000071.jpg,9,9,PRIORITY_ROAD,686,732,695,741
1277387533Image000071.jpg,49,51,PASS_RIGHT_SIDE,295,642,344,693
1277387533Image000071.jpg,9,9,PRIORITY_ROAD,686,732,695,741
1277387533Image000071.jpg,49,51,PASS_RIGHT_SIDE,295,642,344,693
1277387533Image000071.jpg,9,9,PRIORITY_ROAD,686,732,695,741
1277387533Image000086.jpg,83,79,PASS_RIGHT_SIDE,6,558,89,637
1277387533Image000086.jpg,9,11,PRIORITY_ROAD,621,725,630,736
1277387533Image000086.jpg,83,79,PASS_RIGHT_SIDE,6,558,89,637
1277387533Image000086.jpg,9,11,PRIORITY_ROAD,621,725,630,736
1277387533Image000086.jpg,83,79,PASS_RIGHT_SIDE,6,558,89,637
1277387533Image000086.jpg,9,11,PRIORITY_ROAD,621,725,630,736
1277387625Image000001.jpg,40,41,PRIORITY_ROAD,796,601,836,642
1277387625Image000001.jpg,40,41,PRIORITY_ROAD,796,601,836,642
1277387625Image000006.jpg,45,50,PRIORITY_ROAD,822,555,867,605
1277387625Image000006.jpg,45,50,PRIORITY_ROAD,822,555,867,605
1277387625Image000011.jpg,52,52,PRIORITY_ROAD,853,528,905,580
1277387625Image000011.jpg,52,52,PRIORITY_ROAD,853,528,905,580
1277387625Image000016.jpg,71,70,PRIORITY_ROAD,938,413,1009,483
1277387625Image000016.jpg,71,70,PRIORITY_ROAD,938,413,1009,483
1277387625Image000031.jpg,23,23,PASS_RIGHT_SIDE,286,764,309,787
1277387625Image000031.jpg,23,23,PASS_RIGHT_SIDE,286,764,309,787
1277387640Image000001.jpg,23,23,PEDESTRIAN_CROSSING,645,683,668,706
1277387640Image000001.jpg,19,21,PEDESTRIAN_CROSSING,277,693,296,714
1277387640Image000001.jpg,23,23,PEDESTRIAN_CROSSING,645,683,668,706
1277387640Image000001.jpg,19,21,PEDESTRIAN_CROSSING,277,693,296,714
1277387640Image000006.jpg,22,24,PEDESTRIAN_CROSSING,676,671,698,695
1277387640Image000006.jpg,20,23,PEDESTRIAN_CROSSING,279,681,299,704
1277387640Image000006.jpg,22,24,PEDESTRIAN_CROSSING,676,671,698,695
1277387640Image000006.jpg,20,23,PEDESTRIAN_CROSSING,279,681,299,704
1277387640Image000011.jpg,25,27,PEDESTRIAN_CROSSING,701,655,726,682
1277387640Image000011.jpg,22,24,PEDESTRIAN_CROSSING,276,671,298,695
1277387640Image000011.jpg,25,27,PEDESTRIAN_CROSSING,701,655,726,682
1277387640Image000011.jpg,22,24,PEDESTRIAN_CROSSING,276,671,298,695
1277387640Image000026.jpg,33,32,PEDESTRIAN_CROSSING,773,619,806,651
1277387640Image000026.jpg,25,28,PEDESTRIAN_CROSSING,226,646,251,674
1277387640Image000026.jpg,23,26,OTHER,272,752,295,778
1277387640Image000026.jpg,33,32,PEDESTRIAN_CROSSING,773,619,806,651
1277387640Image000026.jpg,25,28,PEDESTRIAN_CROSSING,226,646,251,674
1277387640Image000026.jpg,23,26,OTHER,272,752,295,778
1277387640Image000026.jpg,33,32,PEDESTRIAN_CROSSING,773,619,806,651
1277387640Image000026.jpg,25,28,PEDESTRIAN_CROSSING,226,646,251,674
1277387640Image000026.jpg,23,26,OTHER,272,752,295,778
1277387640Image000026.jpg,33,32,PEDESTRIAN_CROSSING,773,619,806,651
1277387640Image000026.jpg,25,28,PEDESTRIAN_CROSSING,226,646,251,674
1277387640Image000026.jpg,23,26,OTHER,272,752,295,778
1277387640Image000036.jpg,42,41,PEDESTRIAN_CROSSING,843,567,885,608
1277387640Image000036.jpg,33,39,PEDESTRIAN_CROSSING,147,604,180,643
1277387640Image000036.jpg,20,29,OTHER,235,750,255,779
1277387640Image000036.jpg,42,41,PEDESTRIAN_CROSSING,843,567,885,608
1277387640Image000036.jpg,33,39,PEDESTRIAN_CROSSING,147,604,180,643
1277387640Image000036.jpg,20,29,OTHER,235,750,255,779
1277387640Image000036.jpg,42,41,PEDESTRIAN_CROSSING,843,567,885,608
1277387640Image000036.jpg,33,39,PEDESTRIAN_CROSSING,147,604,180,643
1277387640Image000036.jpg,20,29,OTHER,235,750,255,779
1277387640Image000036.jpg,42,41,PEDESTRIAN_CROSSING,843,567,885,608
1277387640Image000036.jpg,33,39,PEDESTRIAN_CROSSING,147,604,180,643
1277387640Image000036.jpg,20,29,OTHER,235,750,255,779
1277387640Image000041.jpg,53,54,PEDESTRIAN_CROSSING,899,530,952,584
1277387640Image000041.jpg,38,46,PEDESTRIAN_CROSSING,59,579,97,625
1277387640Image000041.jpg,24,34,OTHER,185,755,209,789
1277387640Image000041.jpg,53,54,PEDESTRIAN_CROSSING,899,530,952,584
1277387640Image000041.jpg,38,46,PEDESTRIAN_CROSSING,59,579,97,625
1277387640Image000041.jpg,24,34,OTHER,185,755,209,789
1277387640Image000041.jpg,53,54,PEDESTRIAN_CROSSING,899,530,952,584
1277387640Image000041.jpg,38,46,PEDESTRIAN_CROSSING,59,579,97,625
1277387640Image000041.jpg,24,34,OTHER,185,755,209,789
1277387640Image000041.jpg,53,54,PEDESTRIAN_CROSSING,899,530,952,584
1277387640Image000041.jpg,38,46,PEDESTRIAN_CROSSING,59,579,97,625
1277387640Image000041.jpg,24,34,OTHER,185,755,209,789
1277387640Image000046.jpg,71,76,PEDESTRIAN_CROSSING,972,445,1043,521
1277387640Image000046.jpg,29,41,OTHER,113,748,142,789
1277387640Image000046.jpg,71,76,PEDESTRIAN_CROSSING,972,445,1043,521
1277387640Image000046.jpg,29,41,OTHER,113,748,142,789
1277387640Image000046.jpg,71,76,PEDESTRIAN_CROSSING,972,445,1043,521
1277387640Image000046.jpg,29,41,OTHER,113,748,142,789
1277387653Image000023.jpg,15,16,PRIORITY_ROAD,719,733,734,749
1277387653Image000023.jpg,15,16,PRIORITY_ROAD,719,733,734,749
1277387653Image000033.jpg,17,17,PRIORITY_ROAD,733,709,750,726
1277387653Image000033.jpg,17,17,PRIORITY_ROAD,733,709,750,726
1277387653Image000043.jpg,20,21,PRIORITY_ROAD,736,695,756,716
1277387653Image000043.jpg,20,21,PRIORITY_ROAD,736,695,756,716
1277387653Image000053.jpg,25,25,PRIORITY_ROAD,743,683,768,708
1277387653Image000053.jpg,25,25,PRIORITY_ROAD,743,683,768,708
1277387653Image000058.jpg,27,28,PRIORITY_ROAD,746,672,773,700
1277387653Image000058.jpg,27,28,PRIORITY_ROAD,746,672,773,700
1277387653Image000063.jpg,31,29,PRIORITY_ROAD,745,658,776,687
1277387653Image000063.jpg,31,29,PRIORITY_ROAD,745,658,776,687
1277387653Image000068.jpg,41,41,PRIORITY_ROAD,768,624,809,665
1277387653Image000068.jpg,41,41,PRIORITY_ROAD,768,624,809,665
1277387653Image000073.jpg,46,48,PRIORITY_ROAD,807,612,853,660
1277387653Image000073.jpg,46,48,PRIORITY_ROAD,807,612,853,660
1277387653Image000078.jpg,59,57,PRIORITY_ROAD,869,555,928,612
1277387653Image000078.jpg,59,57,PRIORITY_ROAD,869,555,928,612
1277387653Image000083.jpg,99,101,PRIORITY_ROAD,1042,383,1141,484
1277387666Image000002.jpg,14,18,OTHER,846,765,860,783
1277387666Image000002.jpg,41,37,OTHER,626,801,667,838
1277387666Image000002.jpg,17,19,30_SIGN,606,791,623,810
1277387666Image000002.jpg,69,64,PASS_RIGHT_SIDE,250,655,319,719
1277387666Image000002.jpg,14,18,OTHER,846,765,860,783
1277387666Image000002.jpg,41,37,OTHER,626,801,667,838
1277387666Image000002.jpg,17,19,30_SIGN,606,791,623,810
1277387666Image000002.jpg,69,64,PASS_RIGHT_SIDE,250,655,319,719
1277387666Image000002.jpg,14,18,OTHER,846,765,860,783
1277387666Image000002.jpg,41,37,OTHER,626,801,667,838
1277387666Image000002.jpg,17,19,30_SIGN,606,791,623,810
1277387666Image000002.jpg,69,64,PASS_RIGHT_SIDE,250,655,319,719
1277387666Image000002.jpg,14,18,OTHER,846,765,860,783
1277387666Image000002.jpg,41,37,OTHER,626,801,667,838
1277387666Image000002.jpg,17,19,30_SIGN,606,791,623,810
1277387666Image000002.jpg,69,64,PASS_RIGHT_SIDE,250,655,319,719
1277387666Image000007.jpg,44,19,OTHER,910,752,954,771
1277387666Image000007.jpg,51,46,OTHER,634,795,685,841
1277387666Image000007.jpg,17,20,30_SIGN,609,783,626,803
1277387666Image000007.jpg,38,39,OTHER,157,808,195,847
1277387666Image000007.jpg,106,120,PASS_RIGHT_SIDE,1,538,107,658
1277387666Image000007.jpg,44,19,OTHER,910,752,954,771
1277387666Image000007.jpg,51,46,OTHER,634,795,685,841
1277387666Image000007.jpg,17,20,30_SIGN,609,783,626,803
1277387666Image000007.jpg,38,39,OTHER,157,808,195,847
1277387666Image000007.jpg,106,120,PASS_RIGHT_SIDE,1,538,107,658
1277387666Image000007.jpg,44,19,OTHER,910,752,954,771
1277387666Image000007.jpg,51,46,OTHER,634,795,685,841
1277387666Image000007.jpg,17,20,30_SIGN,609,783,626,803
1277387666Image000007.jpg,38,39,OTHER,157,808,195,847
1277387666Image000007.jpg,106,120,PASS_RIGHT_SIDE,1,538,107,658
1277387666Image000007.jpg,44,19,OTHER,910,752,954,771
1277387666Image000007.jpg,51,46,OTHER,634,795,685,841
1277387666Image000007.jpg,17,20,30_SIGN,609,783,626,803
1277387666Image000007.jpg,38,39,OTHER,157,808,195,847
1277387666Image000007.jpg,106,120,PASS_RIGHT_SIDE,1,538,107,658
1277387666Image000007.jpg,44,19,OTHER,910,752,954,771
1277387666Image000007.jpg,51,46,OTHER,634,795,685,841
1277387666Image000007.jpg,17,20,30_SIGN,609,783,626,803
1277387666Image000007.jpg,38,39,OTHER,157,808,195,847
1277387666Image000007.jpg,106,120,PASS_RIGHT_SIDE,1,538,107,658
1277387666Image000012.jpg,65,31,OTHER,976,731,1041,762
1277387666Image000012.jpg,60,52,OTHER,650,794,710,846
1277387666Image000012.jpg,20,23,30_SIGN,617,780,637,803
1277387666Image000012.jpg,43,45,OTHER,95,809,138,854
1277387666Image000012.jpg,65,31,OTHER,976,731,1041,762
1277387666Image000012.jpg,60,52,OTHER,650,794,710,846
1277387666Image000012.jpg,20,23,30_SIGN,617,780,637,803
1277387666Image000012.jpg,43,45,OTHER,95,809,138,854
1277387666Image000012.jpg,65,31,OTHER,976,731,1041,762
1277387666Image000012.jpg,60,52,OTHER,650,794,710,846
1277387666Image000012.jpg,20,23,30_SIGN,617,780,637,803
1277387666Image000012.jpg,43,45,OTHER,95,809,138,854
1277387666Image000012.jpg,65,31,OTHER,976,731,1041,762
1277387666Image000012.jpg,60,52,OTHER,650,794,710,846
1277387666Image000012.jpg,20,23,30_SIGN,617,780,637,803
1277387666Image000012.jpg,43,45,OTHER,95,809,138,854
1277387666Image000017.jpg,83,40,OTHER,1131,708,1214,748
1277387666Image000017.jpg,79,72,OTHER,681,793,760,865
1277387666Image000017.jpg,22,25,30_SIGN,636,777,658,802
1277387666Image000017.jpg,21,18,OTHER,601,765,622,783
1277387666Image000017.jpg,52,48,OTHER,3,821,55,869
1277387666Image000017.jpg,83,40,OTHER,1131,708,1214,748
1277387666Image000017.jpg,79,72,OTHER,681,793,760,865
1277387666Image000017.jpg,22,25,30_SIGN,636,777,658,802
1277387666Image000017.jpg,21,18,OTHER,601,765,622,783
1277387666Image000017.jpg,52,48,OTHER,3,821,55,869
1277387666Image000017.jpg,83,40,OTHER,1131,708,1214,748
1277387666Image000017.jpg,79,72,OTHER,681,793,760,865
1277387666Image000017.jpg,22,25,30_SIGN,636,777,658,802
1277387666Image000017.jpg,21,18,OTHER,601,765,622,783
1277387666Image000017.jpg,52,48,OTHER,3,821,55,869
1277387666Image000017.jpg,83,40,OTHER,1131,708,1214,748
1277387666Image000017.jpg,79,72,OTHER,681,793,760,865
1277387666Image000017.jpg,22,25,30_SIGN,636,777,658,802
1277387666Image000017.jpg,21,18,OTHER,601,765,622,783
1277387666Image000017.jpg,52,48,OTHER,3,821,55,869
1277387666Image000017.jpg,83,40,OTHER,1131,708,1214,748
1277387666Image000017.jpg,79,72,OTHER,681,793,760,865
1277387666Image000017.jpg,22,25,30_SIGN,636,777,658,802
1277387666Image000017.jpg,21,18,OTHER,601,765,622,783
1277387666Image000017.jpg,52,48,OTHER,3,821,55,869
1277387666Image000022.jpg,107,94,OTHER,729,793,836,887
1277387666Image000022.jpg,23,24,30_SIGN,662,774,685,798
1277387666Image000022.jpg,23,25,OTHER,622,757,645,782
1277387666Image000022.jpg,107,94,OTHER,729,793,836,887
1277387666Image000022.jpg,23,24,30_SIGN,662,774,685,798
1277387666Image000022.jpg,23,25,OTHER,622,757,645,782
1277387666Image000022.jpg,107,94,OTHER,729,793,836,887
1277387666Image000022.jpg,23,24,30_SIGN,662,774,685,798
1277387666Image000022.jpg,23,25,OTHER,622,757,645,782
1277387666Image000027.jpg,159,141,OTHER,853,820,1012,961
1277387666Image000027.jpg,33,27,30_SIGN,702,810,735,837
1277387666Image000027.jpg,17,20,OTHER,668,795,685,815
1277387666Image000027.jpg,28,28,30_SIGN,332,822,360,850
1277387666Image000027.jpg,159,141,OTHER,853,820,1012,961
1277387666Image000027.jpg,33,27,30_SIGN,702,810,735,837
1277387666Image000027.jpg,17,20,OTHER,668,795,685,815
1277387666Image000027.jpg,28,28,30_SIGN,332,822,360,850
1277387666Image000027.jpg,159,141,OTHER,853,820,1012,961
1277387666Image000027.jpg,33,27,30_SIGN,702,810,735,837
1277387666Image000027.jpg,17,20,OTHER,668,795,685,815
1277387666Image000027.jpg,28,28,30_SIGN,332,822,360,850
1277387666Image000027.jpg,159,141,OTHER,853,820,1012,961
1277387666Image000027.jpg,33,27,30_SIGN,702,810,735,837
1277387666Image000027.jpg,17,20,OTHER,668,795,685,815
1277387666Image000027.jpg,28,28,30_SIGN,332,822,360,850
1277387666Image000032.jpg,124,148,OTHER,1155,808,1279,956
1277387666Image000032.jpg,30,32,30_SIGN,748,759,778,791
1277387666Image000032.jpg,24,28,OTHER,698,740,722,768
1277387666Image000032.jpg,21,20,PASS_RIGHT_SIDE,615,725,636,745
1277387666Image000032.jpg,35,35,30_SIGN,329,775,364,810
1277387666Image000032.jpg,124,148,OTHER,1155,808,1279,956
1277387666Image000032.jpg,30,32,30_SIGN,748,759,778,791
1277387666Image000032.jpg,24,28,OTHER,698,740,722,768
1277387666Image000032.jpg,21,20,PASS_RIGHT_SIDE,615,725,636,745
1277387666Image000032.jpg,35,35,30_SIGN,329,775,364,810
1277387666Image000032.jpg,124,148,OTHER,1155,808,1279,956
1277387666Image000032.jpg,30,32,30_SIGN,748,759,778,791
1277387666Image000032.jpg,24,28,OTHER,698,740,722,768
1277387666Image000032.jpg,21,20,PASS_RIGHT_SIDE,615,725,636,745
1277387666Image000032.jpg,35,35,30_SIGN,329,775,364,810
1277387666Image000032.jpg,124,148,OTHER,1155,808,1279,956
1277387666Image000032.jpg,30,32,30_SIGN,748,759,778,791
1277387666Image000032.jpg,24,28,OTHER,698,740,722,768
1277387666Image000032.jpg,21,20,PASS_RIGHT_SIDE,615,725,636,745
1277387666Image000032.jpg,35,35,30_SIGN,329,775,364,810
1277387666Image000032.jpg,124,148,OTHER,1155,808,1279,956
1277387666Image000032.jpg,30,32,30_SIGN,748,759,778,791
1277387666Image000032.jpg,24,28,OTHER,698,740,722,768
1277387666Image000032.jpg,21,20,PASS_RIGHT_SIDE,615,725,636,745
1277387666Image000032.jpg,35,35,30_SIGN,329,775,364,810
1277387666Image000037.jpg,38,43,30_SIGN,771,780,809,823
1277387666Image000037.jpg,27,20,PASS_RIGHT_SIDE,608,741,635,761
1277387666Image000037.jpg,36,41,30_SIGN,261,795,297,836
1277387666Image000037.jpg,38,43,30_SIGN,771,780,809,823
1277387666Image000037.jpg,27,20,PASS_RIGHT_SIDE,608,741,635,761
1277387666Image000037.jpg,36,41,30_SIGN,261,795,297,836
1277387666Image000037.jpg,38,43,30_SIGN,771,780,809,823
1277387666Image000037.jpg,27,20,PASS_RIGHT_SIDE,608,741,635,761
1277387666Image000037.jpg,36,41,30_SIGN,261,795,297,836
1277387666Image000037.jpg,38,43,30_SIGN,771,780,809,823
1277387666Image000037.jpg,27,20,PASS_RIGHT_SIDE,608,741,635,761
1277387666Image000037.jpg,36,41,30_SIGN,261,795,297,836
1277387666Image000042.jpg,48,58,30_SIGN,787,774,835,832
1277387666Image000042.jpg,44,33,PASS_RIGHT_SIDE,568,729,612,762
1277387666Image000042.jpg,53,60,30_SIGN,126,794,179,854
1277387666Image000042.jpg,48,58,30_SIGN,787,774,835,832
1277387666Image000042.jpg,44,33,PASS_RIGHT_SIDE,568,729,612,762
1277387666Image000042.jpg,53,60,30_SIGN,126,794,179,854
1277387666Image000042.jpg,48,58,30_SIGN,787,774,835,832
1277387666Image000042.jpg,44,33,PASS_RIGHT_SIDE,568,729,612,762
1277387666Image000042.jpg,53,60,30_SIGN,126,794,179,854
1277387666Image000042.jpg,48,58,30_SIGN,787,774,835,832
1277387666Image000042.jpg,44,33,PASS_RIGHT_SIDE,568,729,612,762
1277387666Image000042.jpg,53,60,30_SIGN,126,794,179,854
1277387666Image000047.jpg,59,67,30_SIGN,819,776,878,843
1277387666Image000047.jpg,29,25,PASS_RIGHT_SIDE,557,726,586,751
1277387666Image000047.jpg,33,61,30_SIGN,4,802,37,863
1277387666Image000047.jpg,59,67,30_SIGN,819,776,878,843
1277387666Image000047.jpg,29,25,PASS_RIGHT_SIDE,557,726,586,751
1277387666Image000047.jpg,33,61,30_SIGN,4,802,37,863
1277387666Image000047.jpg,59,67,30_SIGN,819,776,878,843
1277387666Image000047.jpg,29,25,PASS_RIGHT_SIDE,557,726,586,751
1277387666Image000047.jpg,33,61,30_SIGN,4,802,37,863
1277387666Image000047.jpg,59,67,30_SIGN,819,776,878,843
1277387666Image000047.jpg,29,25,PASS_RIGHT_SIDE,557,726,586,751
1277387666Image000047.jpg,33,61,30_SIGN,4,802,37,863
1277387666Image000052.jpg,84,79,30_SIGN,861,778,945,857
1277387666Image000052.jpg,32,32,PASS_RIGHT_SIDE,542,718,574,750
1277387666Image000052.jpg,84,79,30_SIGN,861,778,945,857
1277387666Image000052.jpg,32,32,PASS_RIGHT_SIDE,542,718,574,750
1277387666Image000052.jpg,84,79,30_SIGN,861,778,945,857
1277387666Image000052.jpg,32,32,PASS_RIGHT_SIDE,542,718,574,750
1277387666Image000057.jpg,93,100,30_SIGN,942,780,1035,880
1277387666Image000057.jpg,37,39,PASS_RIGHT_SIDE,521,708,558,747
1277387666Image000057.jpg,93,100,30_SIGN,942,780,1035,880
1277387666Image000057.jpg,37,39,PASS_RIGHT_SIDE,521,708,558,747
1277387666Image000057.jpg,93,100,30_SIGN,942,780,1035,880
1277387666Image000057.jpg,37,39,PASS_RIGHT_SIDE,521,708,558,747
1277387666Image000077.jpg,24,48,OTHER,829,622,853,670
1277387666Image000077.jpg,58,59,PASS_RIGHT_SIDE,361,674,419,733
1277387666Image000077.jpg,24,48,OTHER,829,622,853,670
1277387666Image000077.jpg,58,59,PASS_RIGHT_SIDE,361,674,419,733
1277387666Image000077.jpg,24,48,OTHER,829,622,853,670
1277387666Image000077.jpg,58,59,PASS_RIGHT_SIDE,361,674,419,733
1277387666Image000082.jpg,49,79,OTHER,947,502,996,581
1277387666Image000082.jpg,84,79,OTHER,542,723,626,802
1277387666Image000082.jpg,120,119,PASS_RIGHT_SIDE,67,559,187,678
1277387666Image000082.jpg,49,79,OTHER,947,502,996,581
1277387666Image000082.jpg,84,79,OTHER,542,723,626,802
1277387666Image000082.jpg,120,119,PASS_RIGHT_SIDE,67,559,187,678
1277387666Image000082.jpg,49,79,OTHER,947,502,996,581
1277387666Image000082.jpg,84,79,OTHER,542,723,626,802
1277387666Image000082.jpg,120,119,PASS_RIGHT_SIDE,67,559,187,678
1277387666Image000082.jpg,49,79,OTHER,947,502,996,581
1277387666Image000082.jpg,84,79,OTHER,542,723,626,802
1277387666Image000082.jpg,120,119,PASS_RIGHT_SIDE,67,559,187,678
1277387666Image000087.jpg,94,136,OTHER,1170,327,1264,463
1277387666Image000087.jpg,98,90,OTHER,571,710,669,800
1277387666Image000087.jpg,94,136,OTHER,1170,327,1264,463
1277387666Image000087.jpg,98,90,OTHER,571,710,669,800
1277387666Image000087.jpg,94,136,OTHER,1170,327,1264,463
1277387666Image000087.jpg,98,90,OTHER,571,710,669,800
1277387666Image000097.jpg,161,153,OTHER,781,644,942,797
1277387680Image000001.jpg,45,50,50_SIGN,502,772,547,822
1277387680Image000006.jpg,56,58,50_SIGN,528,768,584,826
1277387680Image000011.jpg,63,67,50_SIGN,635,762,698,829
1277387680Image000016.jpg,82,82,50_SIGN,795,773,877,855
1277387680Image000021.jpg,105,112,50_SIGN,974,759,1079,871
1277387680Image000026.jpg,110,177,50_SIGN,1169,741,1279,918
1277387680Image000026.jpg,7,9,PRIORITY_ROAD,716,774,723,783
1277387680Image000026.jpg,110,177,50_SIGN,1169,741,1279,918
1277387680Image000026.jpg,7,9,PRIORITY_ROAD,716,774,723,783
1277387687Image000002.jpg,18,16,PRIORITY_ROAD,732,752,750,768
1277387687Image000002.jpg,18,16,PRIORITY_ROAD,732,752,750,768
1277387687Image000007.jpg,18,16,PRIORITY_ROAD,743,744,761,760
1277387687Image000007.jpg,18,16,PRIORITY_ROAD,743,744,761,760
1277387687Image000012.jpg,18,19,PRIORITY_ROAD,757,739,775,758
1277387687Image000012.jpg,18,19,PRIORITY_ROAD,757,739,775,758
1277387687Image000017.jpg,19,19,PRIORITY_ROAD,772,733,791,752
1277387687Image000017.jpg,19,19,PRIORITY_ROAD,772,733,791,752
1277387687Image000022.jpg,21,21,PRIORITY_ROAD,788,721,809,742
1277387687Image000022.jpg,21,21,PRIORITY_ROAD,788,721,809,742
1277387687Image000027.jpg,24,23,PRIORITY_ROAD,815,706,839,729
1277387687Image000027.jpg,24,23,PRIORITY_ROAD,815,706,839,729
1277387687Image000032.jpg,27,27,PRIORITY_ROAD,848,689,875,716
1277387687Image000032.jpg,27,27,PRIORITY_ROAD,848,689,875,716
1277387687Image000037.jpg,34,37,PRIORITY_ROAD,883,675,917,712
1277387687Image000037.jpg,34,37,PRIORITY_ROAD,883,675,917,712
1277387687Image000042.jpg,42,42,PRIORITY_ROAD,921,648,963,690
1277387687Image000042.jpg,42,42,PRIORITY_ROAD,921,648,963,690
1277387687Image000047.jpg,52,50,PRIORITY_ROAD,977,619,1029,669
1277387687Image000047.jpg,52,50,PRIORITY_ROAD,977,619,1029,669
1277387687Image000052.jpg,74,76,PRIORITY_ROAD,1118,543,1192,619
1277387687Image000052.jpg,74,76,PRIORITY_ROAD,1118,543,1192,619
1277387687Image000072.jpg,19,9,OTHER,803,780,822,789
1277387701Image000004.jpg,6,7,PRIORITY_ROAD,637,774,643,781
1277387701Image000004.jpg,13,15,PRIORITY_ROAD,679,752,692,767
1277387701Image000004.jpg,6,7,PRIORITY_ROAD,637,774,643,781
1277387701Image000004.jpg,13,15,PRIORITY_ROAD,679,752,692,767
1277387701Image000004.jpg,6,7,PRIORITY_ROAD,637,774,643,781
1277387701Image000004.jpg,13,15,PRIORITY_ROAD,679,752,692,767
1277387701Image000009.jpg,5,6,PRIORITY_ROAD,634,771,639,777
1277387701Image000009.jpg,15,19,PRIORITY_ROAD,676,745,691,764
1277387701Image000009.jpg,5,6,PRIORITY_ROAD,634,771,639,777
1277387701Image000009.jpg,15,19,PRIORITY_ROAD,676,745,691,764
1277387701Image000009.jpg,5,6,PRIORITY_ROAD,634,771,639,777
1277387701Image000009.jpg,15,19,PRIORITY_ROAD,676,745,691,764
1277387701Image000014.jpg,7,9,PRIORITY_ROAD,630,772,637,781
1277387701Image000014.jpg,16,14,PRIORITY_ROAD,681,747,697,761
1277387701Image000014.jpg,7,9,PRIORITY_ROAD,630,772,637,781
1277387701Image000014.jpg,16,14,PRIORITY_ROAD,681,747,697,761
1277387701Image000014.jpg,7,9,PRIORITY_ROAD,630,772,637,781
1277387701Image000014.jpg,16,14,PRIORITY_ROAD,681,747,697,761
1277387701Image000019.jpg,9,10,PRIORITY_ROAD,627,765,636,775
1277387701Image000019.jpg,18,19,PRIORITY_ROAD,681,737,699,756
1277387701Image000019.jpg,9,10,PRIORITY_ROAD,627,765,636,775
1277387701Image000019.jpg,18,19,PRIORITY_ROAD,681,737,699,756
1277387701Image000024.jpg,9,10,PRIORITY_ROAD,630,769,639,779
1277387701Image000024.jpg,21,22,PRIORITY_ROAD,690,736,711,758
1277387701Image000024.jpg,9,10,PRIORITY_ROAD,630,769,639,779
1277387701Image000024.jpg,21,22,PRIORITY_ROAD,690,736,711,758
1277387701Image000029.jpg,18,18,PRIORITY_ROAD,703,728,721,746
1277387701Image000029.jpg,8,10,PRIORITY_ROAD,635,764,643,774
1277387701Image000029.jpg,18,18,PRIORITY_ROAD,703,728,721,746
1277387701Image000029.jpg,8,10,PRIORITY_ROAD,635,764,643,774
1277387701Image000034.jpg,19,19,PRIORITY_ROAD,720,724,739,743
1277387701Image000034.jpg,9,8,PRIORITY_ROAD,641,764,650,772
1277387701Image000034.jpg,19,19,PRIORITY_ROAD,720,724,739,743
1277387701Image000034.jpg,9,8,PRIORITY_ROAD,641,764,650,772
1277387701Image000039.jpg,22,23,PRIORITY_ROAD,737,710,759,733
1277387701Image000039.jpg,10,9,PRIORITY_ROAD,648,758,658,767
1277387701Image000039.jpg,22,23,PRIORITY_ROAD,737,710,759,733
1277387701Image000039.jpg,10,9,PRIORITY_ROAD,648,758,658,767
1277387701Image000044.jpg,26,26,PRIORITY_ROAD,773,695,799,721
1277387701Image000044.jpg,10,8,PRIORITY_ROAD,668,753,678,761
1277387701Image000044.jpg,26,26,PRIORITY_ROAD,773,695,799,721
1277387701Image000044.jpg,10,8,PRIORITY_ROAD,668,753,678,761
1277387701Image000049.jpg,35,80,OTHER,1240,564,1275,644
1277387701Image000049.jpg,38,44,PRIORITY_ROAD,878,642,916,686
1277387701Image000049.jpg,11,11,PRIORITY_ROAD,706,738,717,749
1277387701Image000049.jpg,35,80,OTHER,1240,564,1275,644
1277387701Image000049.jpg,38,44,PRIORITY_ROAD,878,642,916,686
1277387701Image000049.jpg,11,11,PRIORITY_ROAD,706,738,717,749
1277387701Image000049.jpg,35,80,OTHER,1240,564,1275,644
1277387701Image000049.jpg,38,44,PRIORITY_ROAD,878,642,916,686
1277387701Image000049.jpg,11,11,PRIORITY_ROAD,706,738,717,749
1277387701Image000049.jpg,35,80,OTHER,1240,564,1275,644
1277387701Image000049.jpg,38,44,PRIORITY_ROAD,878,642,916,686
1277387701Image000049.jpg,11,11,PRIORITY_ROAD,706,738,717,749
1277387701Image000054.jpg,45,44,PRIORITY_ROAD,939,611,984,655
1277387701Image000054.jpg,12,12,PRIORITY_ROAD,707,735,719,747
1277387701Image000054.jpg,45,44,PRIORITY_ROAD,939,611,984,655
1277387701Image000054.jpg,12,12,PRIORITY_ROAD,707,735,719,747
1277387701Image000054.jpg,45,44,PRIORITY_ROAD,939,611,984,655
1277387701Image000054.jpg,12,12,PRIORITY_ROAD,707,735,719,747
1277387701Image000059.jpg,64,67,PRIORITY_ROAD,1050,540,1114,607
1277387701Image000059.jpg,12,11,PRIORITY_ROAD,692,740,704,751
1277387701Image000059.jpg,64,67,PRIORITY_ROAD,1050,540,1114,607
1277387701Image000059.jpg,12,11,PRIORITY_ROAD,692,740,704,751
1277387701Image000059.jpg,64,67,PRIORITY_ROAD,1050,540,1114,607
1277387701Image000059.jpg,12,11,PRIORITY_ROAD,692,740,704,751
1277387701Image000064.jpg,13,13,PRIORITY_ROAD,673,743,686,756
1277387701Image000069.jpg,13,12,PRIORITY_ROAD,663,727,676,739
1277387701Image000074.jpg,16,15,PRIORITY_ROAD,663,742,679,757
1277387701Image000074.jpg,16,15,PRIORITY_ROAD,663,742,679,757
1277387701Image000084.jpg,21,20,PRIORITY_ROAD,696,728,717,748
1277387701Image000084.jpg,21,20,PRIORITY_ROAD,696,728,717,748
1277387701Image000089.jpg,22,21,PRIORITY_ROAD,709,720,731,741
1277387701Image000089.jpg,22,21,PRIORITY_ROAD,709,720,731,741
1277387701Image000094.jpg,23,24,PRIORITY_ROAD,732,705,755,729
1277387701Image000094.jpg,23,24,PRIORITY_ROAD,732,705,755,729
1277387701Image000099.jpg,27,28,PRIORITY_ROAD,761,690,788,718
1277387701Image000099.jpg,27,28,PRIORITY_ROAD,761,690,788,718
1277387701Image000104.jpg,33,34,PRIORITY_ROAD,803,668,836,702
1277387701Image000104.jpg,33,34,PRIORITY_ROAD,803,668,836,702
1277387701Image000114.jpg,48,49,PRIORITY_ROAD,905,615,953,664
1277387701Image000114.jpg,12,16,PRIORITY_ROAD,643,736,655,752
1277387701Image000114.jpg,48,49,PRIORITY_ROAD,905,615,953,664
1277387701Image000114.jpg,12,16,PRIORITY_ROAD,643,736,655,752
1277387701Image000114.jpg,48,49,PRIORITY_ROAD,905,615,953,664
1277387701Image000114.jpg,12,16,PRIORITY_ROAD,643,736,655,752
1277387714Image000001.jpg,17,16,PRIORITY_ROAD,775,705,792,721
1277387714Image000001.jpg,17,16,PRIORITY_ROAD,775,705,792,721
1277387714Image000006.jpg,19,19,PRIORITY_ROAD,795,695,814,714
1277387714Image000006.jpg,19,19,PRIORITY_ROAD,795,695,814,714
1277387714Image000011.jpg,20,22,PRIORITY_ROAD,810,682,830,704
1277387714Image000011.jpg,20,22,PRIORITY_ROAD,810,682,830,704
1277387714Image000016.jpg,26,24,PRIORITY_ROAD,838,668,864,692
1277387714Image000016.jpg,26,24,PRIORITY_ROAD,838,668,864,692
1277387714Image000021.jpg,26,29,PRIORITY_ROAD,870,643,896,672
1277387714Image000021.jpg,26,29,PRIORITY_ROAD,870,643,896,672
1277387714Image000026.jpg,34,33,PRIORITY_ROAD,947,610,981,643
1277387714Image000026.jpg,34,33,PRIORITY_ROAD,947,610,981,643
1277387714Image000031.jpg,36,42,PRIORITY_ROAD,1015,583,1051,625
1277387714Image000031.jpg,36,42,PRIORITY_ROAD,1015,583,1051,625
1277387714Image000036.jpg,50,44,PRIORITY_ROAD,1100,547,1150,591
1277387714Image000036.jpg,50,44,PRIORITY_ROAD,1100,547,1150,591
1277387727Image000001.jpg,17,17,OTHER,675,728,692,745
1277387727Image000001.jpg,17,17,OTHER,675,728,692,745
1277387727Image000006.jpg,18,17,OTHER,680,717,698,734
1277387727Image000006.jpg,18,17,OTHER,680,717,698,734
1277387727Image000016.jpg,26,25,OTHER,701,704,727,729
1277387727Image000016.jpg,26,25,OTHER,701,704,727,729
1277387727Image000021.jpg,28,28,OTHER,720,695,748,723
1277387727Image000021.jpg,28,28,OTHER,720,695,748,723
1277387727Image000026.jpg,33,33,OTHER,745,685,778,718
1277387727Image000026.jpg,33,33,OTHER,745,685,778,718
1277387727Image000031.jpg,40,40,OTHER,764,671,804,711
1277387727Image000031.jpg,40,40,OTHER,764,671,804,711
1277387727Image000036.jpg,47,47,OTHER,780,649,827,696
1277387727Image000036.jpg,47,47,OTHER,780,649,827,696
1277387727Image000041.jpg,59,58,OTHER,805,619,864,677
1277387727Image000041.jpg,59,58,OTHER,805,619,864,677
1277387727Image000046.jpg,83,78,OTHER,855,556,938,634
1277387727Image000046.jpg,83,78,OTHER,855,556,938,634
1277387727Image000051.jpg,104,108,OTHER,962,491,1066,599
1277387727Image000051.jpg,104,108,OTHER,962,491,1066,599
1277387743Image000001.jpg,28,29,OTHER,666,684,694,713
1277387743Image000001.jpg,15,15,OTHER,699,764,714,779
1277387743Image000001.jpg,13,11,PEDESTRIAN_CROSSING,716,741,729,752
1277387743Image000001.jpg,17,14,PEDESTRIAN_CROSSING,384,768,401,782
1277387743Image000001.jpg,28,29,OTHER,666,684,694,713
1277387743Image000001.jpg,15,15,OTHER,699,764,714,779
1277387743Image000001.jpg,13,11,PEDESTRIAN_CROSSING,716,741,729,752
1277387743Image000001.jpg,17,14,PEDESTRIAN_CROSSING,384,768,401,782
1277387743Image000001.jpg,28,29,OTHER,666,684,694,713
1277387743Image000001.jpg,15,15,OTHER,699,764,714,779
1277387743Image000001.jpg,13,11,PEDESTRIAN_CROSSING,716,741,729,752
1277387743Image000001.jpg,17,14,PEDESTRIAN_CROSSING,384,768,401,782
1277387743Image000001.jpg,28,29,OTHER,666,684,694,713
1277387743Image000001.jpg,15,15,OTHER,699,764,714,779
1277387743Image000001.jpg,13,11,PEDESTRIAN_CROSSING,716,741,729,752
1277387743Image000001.jpg,17,14,PEDESTRIAN_CROSSING,384,768,401,782
1277387743Image000001.jpg,28,29,OTHER,666,684,694,713
1277387743Image000001.jpg,15,15,OTHER,699,764,714,779
1277387743Image000001.jpg,13,11,PEDESTRIAN_CROSSING,716,741,729,752
1277387743Image000001.jpg,17,14,PEDESTRIAN_CROSSING,384,768,401,782
1277387743Image000006.jpg,33,30,OTHER,657,681,690,711
1277387743Image000006.jpg,13,14,OTHER,694,763,707,777
1277387743Image000006.jpg,15,14,PEDESTRIAN_CROSSING,709,740,724,754
1277387743Image000006.jpg,15,13,PEDESTRIAN_CROSSING,375,769,390,782
1277387743Image000006.jpg,33,30,OTHER,657,681,690,711
1277387743Image000006.jpg,13,14,OTHER,694,763,707,777
1277387743Image000006.jpg,15,14,PEDESTRIAN_CROSSING,709,740,724,754
1277387743Image000006.jpg,15,13,PEDESTRIAN_CROSSING,375,769,390,782
1277387743Image000006.jpg,33,30,OTHER,657,681,690,711
1277387743Image000006.jpg,13,14,OTHER,694,763,707,777
1277387743Image000006.jpg,15,14,PEDESTRIAN_CROSSING,709,740,724,754
1277387743Image000006.jpg,15,13,PEDESTRIAN_CROSSING,375,769,390,782
1277387743Image000006.jpg,33,30,OTHER,657,681,690,711
1277387743Image000006.jpg,13,14,OTHER,694,763,707,777
1277387743Image000006.jpg,15,14,PEDESTRIAN_CROSSING,709,740,724,754
1277387743Image000006.jpg,15,13,PEDESTRIAN_CROSSING,375,769,390,782
1277387743Image000006.jpg,33,30,OTHER,657,681,690,711
1277387743Image000006.jpg,13,14,OTHER,694,763,707,777
1277387743Image000006.jpg,15,14,PEDESTRIAN_CROSSING,709,740,724,754
1277387743Image000006.jpg,15,13,PEDESTRIAN_CROSSING,375,769,390,782
1277387743Image000021.jpg,33,32,OTHER,676,677,709,709
1277387743Image000021.jpg,13,14,OTHER,709,771,722,785
1277387743Image000021.jpg,9,7,PASS_EITHER_SIDE,722,767,731,774
1277387743Image000021.jpg,16,15,PEDESTRIAN_CROSSING,725,745,741,760
1277387743Image000021.jpg,17,13,PEDESTRIAN_CROSSING,371,776,388,789
1277387743Image000021.jpg,33,32,OTHER,676,677,709,709
1277387743Image000021.jpg,13,14,OTHER,709,771,722,785
1277387743Image000021.jpg,9,7,PASS_EITHER_SIDE,722,767,731,774
1277387743Image000021.jpg,16,15,PEDESTRIAN_CROSSING,725,745,741,760
1277387743Image000021.jpg,17,13,PEDESTRIAN_CROSSING,371,776,388,789
1277387743Image000021.jpg,33,32,OTHER,676,677,709,709
1277387743Image000021.jpg,13,14,OTHER,709,771,722,785
1277387743Image000021.jpg,9,7,PASS_EITHER_SIDE,722,767,731,774
1277387743Image000021.jpg,16,15,PEDESTRIAN_CROSSING,725,745,741,760
1277387743Image000021.jpg,17,13,PEDESTRIAN_CROSSING,371,776,388,789
1277387743Image000021.jpg,33,32,OTHER,676,677,709,709
1277387743Image000021.jpg,13,14,OTHER,709,771,722,785
1277387743Image000021.jpg,9,7,PASS_EITHER_SIDE,722,767,731,774
1277387743Image000021.jpg,16,15,PEDESTRIAN_CROSSING,725,745,741,760
1277387743Image000021.jpg,17,13,PEDESTRIAN_CROSSING,371,776,388,789
1277387743Image000021.jpg,33,32,OTHER,676,677,709,709
1277387743Image000021.jpg,13,14,OTHER,709,771,722,785
1277387743Image000021.jpg,9,7,PASS_EITHER_SIDE,722,767,731,774
1277387743Image000021.jpg,16,15,PEDESTRIAN_CROSSING,725,745,741,760
1277387743Image000021.jpg,17,13,PEDESTRIAN_CROSSING,371,776,388,789
1277387743Image000021.jpg,33,32,OTHER,676,677,709,709
1277387743Image000021.jpg,13,14,OTHER,709,771,722,785
1277387743Image000021.jpg,9,7,PASS_EITHER_SIDE,722,767,731,774
1277387743Image000021.jpg,16,15,PEDESTRIAN_CROSSING,725,745,741,760
1277387743Image000021.jpg,17,13,PEDESTRIAN_CROSSING,371,776,388,789
1277387743Image000036.jpg,37,39,OTHER,720,658,757,697
1277387743Image000036.jpg,25,20,GIVE_WAY,719,727,744,747
1277387743Image000036.jpg,21,21,OTHER,724,751,745,772
1277387743Image000036.jpg,19,16,PEDESTRIAN_CROSSING,763,743,782,759
1277387743Image000036.jpg,16,16,PEDESTRIAN_CROSSING,382,777,398,793
1277387743Image000036.jpg,37,39,OTHER,720,658,757,697
1277387743Image000036.jpg,25,20,GIVE_WAY,719,727,744,747
1277387743Image000036.jpg,21,21,OTHER,724,751,745,772
1277387743Image000036.jpg,19,16,PEDESTRIAN_CROSSING,763,743,782,759
1277387743Image000036.jpg,16,16,PEDESTRIAN_CROSSING,382,777,398,793
1277387743Image000036.jpg,37,39,OTHER,720,658,757,697
1277387743Image000036.jpg,25,20,GIVE_WAY,719,727,744,747
1277387743Image000036.jpg,21,21,OTHER,724,751,745,772
1277387743Image000036.jpg,19,16,PEDESTRIAN_CROSSING,763,743,782,759
1277387743Image000036.jpg,16,16,PEDESTRIAN_CROSSING,382,777,398,793
1277387743Image000036.jpg,37,39,OTHER,720,658,757,697
1277387743Image000036.jpg,25,20,GIVE_WAY,719,727,744,747
1277387743Image000036.jpg,21,21,OTHER,724,751,745,772
1277387743Image000036.jpg,19,16,PEDESTRIAN_CROSSING,763,743,782,759
1277387743Image000036.jpg,16,16,PEDESTRIAN_CROSSING,382,777,398,793
1277387743Image000036.jpg,37,39,OTHER,720,658,757,697
1277387743Image000036.jpg,25,20,GIVE_WAY,719,727,744,747
1277387743Image000036.jpg,21,21,OTHER,724,751,745,772
1277387743Image000036.jpg,19,16,PEDESTRIAN_CROSSING,763,743,782,759
1277387743Image000036.jpg,16,16,PEDESTRIAN_CROSSING,382,777,398,793
1277387743Image000036.jpg,37,39,OTHER,720,658,757,697
1277387743Image000036.jpg,25,20,GIVE_WAY,719,727,744,747
1277387743Image000036.jpg,21,21,OTHER,724,751,745,772
1277387743Image000036.jpg,19,16,PEDESTRIAN_CROSSING,763,743,782,759
1277387743Image000036.jpg,16,16,PEDESTRIAN_CROSSING,382,777,398,793
1277387743Image000051.jpg,56,52,OTHER,770,602,826,654
1277387743Image000051.jpg,30,26,GIVE_WAY,751,704,781,730
1277387743Image000051.jpg,24,24,OTHER,758,733,782,757
1277387743Image000051.jpg,56,52,OTHER,770,602,826,654
1277387743Image000051.jpg,30,26,GIVE_WAY,751,704,781,730
1277387743Image000051.jpg,24,24,OTHER,758,733,782,757
1277387743Image000051.jpg,56,52,OTHER,770,602,826,654
1277387743Image000051.jpg,30,26,GIVE_WAY,751,704,781,730
1277387743Image000051.jpg,24,24,OTHER,758,733,782,757
1277387743Image000051.jpg,56,52,OTHER,770,602,826,654
1277387743Image000051.jpg,30,26,GIVE_WAY,751,704,781,730
1277387743Image000051.jpg,24,24,OTHER,758,733,782,757
1277387743Image000066.jpg,61,61,OTHER,793,579,854,640
1277387743Image000066.jpg,31,28,GIVE_WAY,754,705,785,733
1277387743Image000066.jpg,26,24,OTHER,760,735,786,759
1277387743Image000066.jpg,16,15,OTHER,771,763,787,778
1277387743Image000066.jpg,20,21,PEDESTRIAN_CROSSING,803,726,823,747
1277387743Image000066.jpg,61,61,OTHER,793,579,854,640
1277387743Image000066.jpg,31,28,GIVE_WAY,754,705,785,733
1277387743Image000066.jpg,26,24,OTHER,760,735,786,759
1277387743Image000066.jpg,16,15,OTHER,771,763,787,778
1277387743Image000066.jpg,20,21,PEDESTRIAN_CROSSING,803,726,823,747
1277387743Image000066.jpg,61,61,OTHER,793,579,854,640
1277387743Image000066.jpg,31,28,GIVE_WAY,754,705,785,733
1277387743Image000066.jpg,26,24,OTHER,760,735,786,759
1277387743Image000066.jpg,16,15,OTHER,771,763,787,778
1277387743Image000066.jpg,20,21,PEDESTRIAN_CROSSING,803,726,823,747
1277387743Image000066.jpg,61,61,OTHER,793,579,854,640
1277387743Image000066.jpg,31,28,GIVE_WAY,754,705,785,733
1277387743Image000066.jpg,26,24,OTHER,760,735,786,759
1277387743Image000066.jpg,16,15,OTHER,771,763,787,778
1277387743Image000066.jpg,20,21,PEDESTRIAN_CROSSING,803,726,823,747
1277387743Image000066.jpg,61,61,OTHER,793,579,854,640
1277387743Image000066.jpg,31,28,GIVE_WAY,754,705,785,733
1277387743Image000066.jpg,26,24,OTHER,760,735,786,759
1277387743Image000066.jpg,16,15,OTHER,771,763,787,778
1277387743Image000066.jpg,20,21,PEDESTRIAN_CROSSING,803,726,823,747
1277387743Image000066.jpg,61,61,OTHER,793,579,854,640
1277387743Image000066.jpg,31,28,GIVE_WAY,754,705,785,733
1277387743Image000066.jpg,26,24,OTHER,760,735,786,759
1277387743Image000066.jpg,16,15,OTHER,771,763,787,778
1277387743Image000066.jpg,20,21,PEDESTRIAN_CROSSING,803,726,823,747
1277387743Image000071.jpg,66,65,OTHER,802,571,868,636
1277387743Image000071.jpg,28,29,GIVE_WAY,758,704,786,733
1277387743Image000071.jpg,23,25,OTHER,765,737,788,762
1277387743Image000071.jpg,18,18,OTHER,771,764,789,782
1277387743Image000071.jpg,18,19,PEDESTRIAN_CROSSING,806,730,824,749
1277387743Image000071.jpg,66,65,OTHER,802,571,868,636
1277387743Image000071.jpg,28,29,GIVE_WAY,758,704,786,733
1277387743Image000071.jpg,23,25,OTHER,765,737,788,762
1277387743Image000071.jpg,18,18,OTHER,771,764,789,782
1277387743Image000071.jpg,18,19,PEDESTRIAN_CROSSING,806,730,824,749
1277387743Image000071.jpg,66,65,OTHER,802,571,868,636
1277387743Image000071.jpg,28,29,GIVE_WAY,758,704,786,733
1277387743Image000071.jpg,23,25,OTHER,765,737,788,762
1277387743Image000071.jpg,18,18,OTHER,771,764,789,782
1277387743Image000071.jpg,18,19,PEDESTRIAN_CROSSING,806,730,824,749
1277387743Image000071.jpg,66,65,OTHER,802,571,868,636
1277387743Image000071.jpg,28,29,GIVE_WAY,758,704,786,733
1277387743Image000071.jpg,23,25,OTHER,765,737,788,762
1277387743Image000071.jpg,18,18,OTHER,771,764,789,782
1277387743Image000071.jpg,18,19,PEDESTRIAN_CROSSING,806,730,824,749
1277387743Image000071.jpg,66,65,OTHER,802,571,868,636
1277387743Image000071.jpg,28,29,GIVE_WAY,758,704,786,733
1277387743Image000071.jpg,23,25,OTHER,765,737,788,762
1277387743Image000071.jpg,18,18,OTHER,771,764,789,782
1277387743Image000071.jpg,18,19,PEDESTRIAN_CROSSING,806,730,824,749
1277387743Image000071.jpg,66,65,OTHER,802,571,868,636
1277387743Image000071.jpg,28,29,GIVE_WAY,758,704,786,733
1277387743Image000071.jpg,23,25,OTHER,765,737,788,762
1277387743Image000071.jpg,18,18,OTHER,771,764,789,782
1277387743Image000071.jpg,18,19,PEDESTRIAN_CROSSING,806,730,824,749
1277387763Image000001.jpg,33,32,PEDESTRIAN_CROSSING,863,703,896,735
1277387763Image000001.jpg,59,49,GIVE_WAY,808,656,867,705
1277387763Image000001.jpg,47,48,OTHER,824,706,871,754
1277387763Image000001.jpg,22,23,OTHER,785,769,807,792
1277387763Image000001.jpg,10,11,PEDESTRIAN_CROSSING,807,757,817,768
1277387763Image000001.jpg,26,25,PEDESTRIAN_CROSSING,169,784,195,809
1277387763Image000001.jpg,33,32,PEDESTRIAN_CROSSING,863,703,896,735
1277387763Image000001.jpg,59,49,GIVE_WAY,808,656,867,705
1277387763Image000001.jpg,47,48,OTHER,824,706,871,754
1277387763Image000001.jpg,22,23,OTHER,785,769,807,792
1277387763Image000001.jpg,10,11,PEDESTRIAN_CROSSING,807,757,817,768
1277387763Image000001.jpg,26,25,PEDESTRIAN_CROSSING,169,784,195,809
1277387763Image000001.jpg,33,32,PEDESTRIAN_CROSSING,863,703,896,735
1277387763Image000001.jpg,59,49,GIVE_WAY,808,656,867,705
1277387763Image000001.jpg,47,48,OTHER,824,706,871,754
1277387763Image000001.jpg,22,23,OTHER,785,769,807,792
1277387763Image000001.jpg,10,11,PEDESTRIAN_CROSSING,807,757,817,768
1277387763Image000001.jpg,26,25,PEDESTRIAN_CROSSING,169,784,195,809
1277387763Image000001.jpg,33,32,PEDESTRIAN_CROSSING,863,703,896,735
1277387763Image000001.jpg,59,49,GIVE_WAY,808,656,867,705
1277387763Image000001.jpg,47,48,OTHER,824,706,871,754
1277387763Image000001.jpg,22,23,OTHER,785,769,807,792
1277387763Image000001.jpg,10,11,PEDESTRIAN_CROSSING,807,757,817,768
1277387763Image000001.jpg,26,25,PEDESTRIAN_CROSSING,169,784,195,809
1277387763Image000001.jpg,33,32,PEDESTRIAN_CROSSING,863,703,896,735
1277387763Image000001.jpg,59,49,GIVE_WAY,808,656,867,705
1277387763Image000001.jpg,47,48,OTHER,824,706,871,754
1277387763Image000001.jpg,22,23,OTHER,785,769,807,792
1277387763Image000001.jpg,10,11,PEDESTRIAN_CROSSING,807,757,817,768
1277387763Image000001.jpg,26,25,PEDESTRIAN_CROSSING,169,784,195,809
1277387763Image000001.jpg,33,32,PEDESTRIAN_CROSSING,863,703,896,735
1277387763Image000001.jpg,59,49,GIVE_WAY,808,656,867,705
1277387763Image000001.jpg,47,48,OTHER,824,706,871,754
1277387763Image000001.jpg,22,23,OTHER,785,769,807,792
1277387763Image000001.jpg,10,11,PEDESTRIAN_CROSSING,807,757,817,768
1277387763Image000001.jpg,26,25,PEDESTRIAN_CROSSING,169,784,195,809
1277387763Image000016.jpg,34,35,PEDESTRIAN_CROSSING,872,670,906,705
1277387763Image000016.jpg,66,64,GIVE_WAY,817,606,883,670
1277387763Image000016.jpg,55,51,OTHER,835,670,890,721
1277387763Image000016.jpg,26,27,OTHER,768,744,794,771
1277387763Image000016.jpg,10,9,PEDESTRIAN_CROSSING,785,736,795,745
1277387763Image000016.jpg,33,31,PEDESTRIAN_CROSSING,83,759,116,790
1277387763Image000016.jpg,34,35,PEDESTRIAN_CROSSING,872,670,906,705
1277387763Image000016.jpg,66,64,GIVE_WAY,817,606,883,670
1277387763Image000016.jpg,55,51,OTHER,835,670,890,721
1277387763Image000016.jpg,26,27,OTHER,768,744,794,771
1277387763Image000016.jpg,10,9,PEDESTRIAN_CROSSING,785,736,795,745
1277387763Image000016.jpg,33,31,PEDESTRIAN_CROSSING,83,759,116,790
1277387763Image000016.jpg,34,35,PEDESTRIAN_CROSSING,872,670,906,705
1277387763Image000016.jpg,66,64,GIVE_WAY,817,606,883,670
1277387763Image000016.jpg,55,51,OTHER,835,670,890,721
1277387763Image000016.jpg,26,27,OTHER,768,744,794,771
1277387763Image000016.jpg,10,9,PEDESTRIAN_CROSSING,785,736,795,745
1277387763Image000016.jpg,33,31,PEDESTRIAN_CROSSING,83,759,116,790
1277387763Image000016.jpg,34,35,PEDESTRIAN_CROSSING,872,670,906,705
1277387763Image000016.jpg,66,64,GIVE_WAY,817,606,883,670
1277387763Image000016.jpg,55,51,OTHER,835,670,890,721
1277387763Image000016.jpg,26,27,OTHER,768,744,794,771
1277387763Image000016.jpg,10,9,PEDESTRIAN_CROSSING,785,736,795,745
1277387763Image000016.jpg,33,31,PEDESTRIAN_CROSSING,83,759,116,790
1277387763Image000016.jpg,34,35,PEDESTRIAN_CROSSING,872,670,906,705
1277387763Image000016.jpg,66,64,GIVE_WAY,817,606,883,670
1277387763Image000016.jpg,55,51,OTHER,835,670,890,721
1277387763Image000016.jpg,26,27,OTHER,768,744,794,771
1277387763Image000016.jpg,10,9,PEDESTRIAN_CROSSING,785,736,795,745
1277387763Image000016.jpg,33,31,PEDESTRIAN_CROSSING,83,759,116,790
1277387763Image000016.jpg,34,35,PEDESTRIAN_CROSSING,872,670,906,705
1277387763Image000016.jpg,66,64,GIVE_WAY,817,606,883,670
1277387763Image000016.jpg,55,51,OTHER,835,670,890,721
1277387763Image000016.jpg,26,27,OTHER,768,744,794,771
1277387763Image000016.jpg,10,9,PEDESTRIAN_CROSSING,785,736,795,745
1277387763Image000016.jpg,33,31,PEDESTRIAN_CROSSING,83,759,116,790
1277387763Image000031.jpg,89,82,GIVE_WAY,836,536,925,618
1277387763Image000031.jpg,71,79,OTHER,860,617,931,696
1277387763Image000031.jpg,89,82,GIVE_WAY,836,536,925,618
1277387763Image000031.jpg,71,79,OTHER,860,617,931,696
1277387763Image000046.jpg,138,117,GIVE_WAY,901,428,1039,545
1277387763Image000046.jpg,96,101,OTHER,940,549,1036,650
1277387763Image000046.jpg,64,52,PEDESTRIAN_CROSSING,911,603,975,655
1277387763Image000046.jpg,138,117,GIVE_WAY,901,428,1039,545
1277387763Image000046.jpg,96,101,OTHER,940,549,1036,650
1277387763Image000046.jpg,64,52,PEDESTRIAN_CROSSING,911,603,975,655
1277387763Image000046.jpg,138,117,GIVE_WAY,901,428,1039,545
1277387763Image000046.jpg,96,101,OTHER,940,549,1036,650
1277387763Image000046.jpg,64,52,PEDESTRIAN_CROSSING,911,603,975,655
1277387763Image000051.jpg,138,131,GIVE_WAY,919,407,1057,538
1277387763Image000051.jpg,102,115,OTHER,956,537,1058,652
1277387763Image000051.jpg,60,55,PEDESTRIAN_CROSSING,920,598,980,653
1277387763Image000051.jpg,138,131,GIVE_WAY,919,407,1057,538
1277387763Image000051.jpg,102,115,OTHER,956,537,1058,652
1277387763Image000051.jpg,60,55,PEDESTRIAN_CROSSING,920,598,980,653
1277387763Image000051.jpg,138,131,GIVE_WAY,919,407,1057,538
1277387763Image000051.jpg,102,115,OTHER,956,537,1058,652
1277387763Image000051.jpg,60,55,PEDESTRIAN_CROSSING,920,598,980,653
1277387763Image000066.jpg,173,155,GIVE_WAY,996,307,1169,462
1277387763Image000066.jpg,132,144,OTHER,1045,469,1177,613
1277387763Image000066.jpg,71,70,PEDESTRIAN_CROSSING,954,566,1025,636
1277387763Image000066.jpg,173,155,GIVE_WAY,996,307,1169,462
1277387763Image000066.jpg,132,144,OTHER,1045,469,1177,613
1277387763Image000066.jpg,71,70,PEDESTRIAN_CROSSING,954,566,1025,636
1277387763Image000066.jpg,173,155,GIVE_WAY,996,307,1169,462
1277387763Image000066.jpg,132,144,OTHER,1045,469,1177,613
1277387763Image000066.jpg,71,70,PEDESTRIAN_CROSSING,954,566,1025,636
1277387775Image000001.jpg,14,15,OTHER,458,720,472,735
1277387775Image000016.jpg,61,60,OTHER,427,688,488,748
1277387775Image000016.jpg,15,15,OTHER,356,718,371,733
1277387775Image000016.jpg,15,16,PASS_EITHER_SIDE,359,733,374,749
1277387775Image000016.jpg,61,60,OTHER,427,688,488,748
1277387775Image000016.jpg,15,15,OTHER,356,718,371,733
1277387775Image000016.jpg,15,16,PASS_EITHER_SIDE,359,733,374,749
1277387775Image000016.jpg,61,60,OTHER,427,688,488,748
1277387775Image000016.jpg,15,15,OTHER,356,718,371,733
1277387775Image000016.jpg,15,16,PASS_EITHER_SIDE,359,733,374,749
1277387775Image000016.jpg,61,60,OTHER,427,688,488,748
1277387775Image000016.jpg,15,15,OTHER,356,718,371,733
1277387775Image000016.jpg,15,16,PASS_EITHER_SIDE,359,733,374,749
1277387775Image000026.jpg,68,73,OTHER,312,673,380,746
1277387775Image000026.jpg,14,18,OTHER,263,712,277,730
1277387775Image000026.jpg,17,19,PASS_EITHER_SIDE,266,730,283,749
1277387775Image000026.jpg,68,73,OTHER,312,673,380,746
1277387775Image000026.jpg,14,18,OTHER,263,712,277,730
1277387775Image000026.jpg,17,19,PASS_EITHER_SIDE,266,730,283,749
1277387775Image000026.jpg,68,73,OTHER,312,673,380,746
1277387775Image000026.jpg,14,18,OTHER,263,712,277,730
1277387775Image000026.jpg,17,19,PASS_EITHER_SIDE,266,730,283,749
1277387775Image000026.jpg,68,73,OTHER,312,673,380,746
1277387775Image000026.jpg,14,18,OTHER,263,712,277,730
1277387775Image000026.jpg,17,19,PASS_EITHER_SIDE,266,730,283,749
1277387775Image000031.jpg,79,83,OTHER,140,655,219,738
1277387775Image000031.jpg,15,13,PEDESTRIAN_CROSSING,225,723,240,736
1277387775Image000031.jpg,79,83,OTHER,140,655,219,738
1277387775Image000031.jpg,15,13,PEDESTRIAN_CROSSING,225,723,240,736
1277387775Image000031.jpg,79,83,OTHER,140,655,219,738
1277387775Image000031.jpg,15,13,PEDESTRIAN_CROSSING,225,723,240,736
1277387782Image000002.jpg,21,21,PEDESTRIAN_CROSSING,388,745,409,766
1277387782Image000002.jpg,28,27,OTHER,212,726,240,753
1277387782Image000002.jpg,28,27,PASS_EITHER_SIDE,215,754,243,781
1277387782Image000002.jpg,12,11,PRIORITY_ROAD,67,746,79,757
1277387782Image000002.jpg,21,21,PEDESTRIAN_CROSSING,388,745,409,766
1277387782Image000002.jpg,28,27,OTHER,212,726,240,753
1277387782Image000002.jpg,28,27,PASS_EITHER_SIDE,215,754,243,781
1277387782Image000002.jpg,12,11,PRIORITY_ROAD,67,746,79,757
1277387782Image000002.jpg,21,21,PEDESTRIAN_CROSSING,388,745,409,766
1277387782Image000002.jpg,28,27,OTHER,212,726,240,753
1277387782Image000002.jpg,28,27,PASS_EITHER_SIDE,215,754,243,781
1277387782Image000002.jpg,12,11,PRIORITY_ROAD,67,746,79,757
1277387782Image000002.jpg,21,21,PEDESTRIAN_CROSSING,388,745,409,766
1277387782Image000002.jpg,28,27,OTHER,212,726,240,753
1277387782Image000002.jpg,28,27,PASS_EITHER_SIDE,215,754,243,781
1277387782Image000002.jpg,12,11,PRIORITY_ROAD,67,746,79,757
1277387782Image000002.jpg,21,21,PEDESTRIAN_CROSSING,388,745,409,766
1277387782Image000002.jpg,28,27,OTHER,212,726,240,753
1277387782Image000002.jpg,28,27,PASS_EITHER_SIDE,215,754,243,781
1277387782Image000002.jpg,12,11,PRIORITY_ROAD,67,746,79,757
1277387782Image000007.jpg,21,23,PEDESTRIAN_CROSSING,536,739,557,762
1277387782Image000007.jpg,30,27,OTHER,350,723,380,750
1277387782Image000007.jpg,30,29,PASS_EITHER_SIDE,355,750,385,779
1277387782Image000007.jpg,12,11,PRIORITY_ROAD,211,745,223,756
1277387782Image000007.jpg,21,23,PEDESTRIAN_CROSSING,536,739,557,762
1277387782Image000007.jpg,30,27,OTHER,350,723,380,750
1277387782Image000007.jpg,30,29,PASS_EITHER_SIDE,355,750,385,779
1277387782Image000007.jpg,12,11,PRIORITY_ROAD,211,745,223,756
1277387782Image000007.jpg,21,23,PEDESTRIAN_CROSSING,536,739,557,762
1277387782Image000007.jpg,30,27,OTHER,350,723,380,750
1277387782Image000007.jpg,30,29,PASS_EITHER_SIDE,355,750,385,779
1277387782Image000007.jpg,12,11,PRIORITY_ROAD,211,745,223,756
1277387782Image000007.jpg,21,23,PEDESTRIAN_CROSSING,536,739,557,762
1277387782Image000007.jpg,30,27,OTHER,350,723,380,750
1277387782Image000007.jpg,30,29,PASS_EITHER_SIDE,355,750,385,779
1277387782Image000007.jpg,12,11,PRIORITY_ROAD,211,745,223,756
1277387782Image000007.jpg,21,23,PEDESTRIAN_CROSSING,536,739,557,762
1277387782Image000007.jpg,30,27,OTHER,350,723,380,750
1277387782Image000007.jpg,30,29,PASS_EITHER_SIDE,355,750,385,779
1277387782Image000007.jpg,12,11,PRIORITY_ROAD,211,745,223,756
1277387782Image000012.jpg,22,24,PEDESTRIAN_CROSSING,668,704,690,728
1277387782Image000012.jpg,29,30,OTHER,472,686,501,716
1277387782Image000012.jpg,32,31,PASS_EITHER_SIDE,476,716,508,747
1277387782Image000012.jpg,12,10,PRIORITY_ROAD,333,716,345,726
1277387782Image000012.jpg,22,24,PEDESTRIAN_CROSSING,668,704,690,728
1277387782Image000012.jpg,29,30,OTHER,472,686,501,716
1277387782Image000012.jpg,32,31,PASS_EITHER_SIDE,476,716,508,747
1277387782Image000012.jpg,12,10,PRIORITY_ROAD,333,716,345,726
1277387782Image000012.jpg,22,24,PEDESTRIAN_CROSSING,668,704,690,728
1277387782Image000012.jpg,29,30,OTHER,472,686,501,716
1277387782Image000012.jpg,32,31,PASS_EITHER_SIDE,476,716,508,747
1277387782Image000012.jpg,12,10,PRIORITY_ROAD,333,716,345,726
1277387782Image000012.jpg,22,24,PEDESTRIAN_CROSSING,668,704,690,728
1277387782Image000012.jpg,29,30,OTHER,472,686,501,716
1277387782Image000012.jpg,32,31,PASS_EITHER_SIDE,476,716,508,747
1277387782Image000012.jpg,12,10,PRIORITY_ROAD,333,716,345,726
1277387782Image000012.jpg,22,24,PEDESTRIAN_CROSSING,668,704,690,728
1277387782Image000012.jpg,29,30,OTHER,472,686,501,716
1277387782Image000012.jpg,32,31,PASS_EITHER_SIDE,476,716,508,747
1277387782Image000012.jpg,12,10,PRIORITY_ROAD,333,716,345,726
1277387782Image000017.jpg,27,26,PEDESTRIAN_CROSSING,835,687,862,713
1277387782Image000017.jpg,35,36,OTHER,613,659,648,695
1277387782Image000017.jpg,37,36,PASS_EITHER_SIDE,616,695,653,731
1277387782Image000017.jpg,12,13,PRIORITY_ROAD,464,699,476,712
1277387782Image000017.jpg,27,26,PEDESTRIAN_CROSSING,835,687,862,713
1277387782Image000017.jpg,35,36,OTHER,613,659,648,695
1277387782Image000017.jpg,37,36,PASS_EITHER_SIDE,616,695,653,731
1277387782Image000017.jpg,12,13,PRIORITY_ROAD,464,699,476,712
1277387782Image000017.jpg,27,26,PEDESTRIAN_CROSSING,835,687,862,713
1277387782Image000017.jpg,35,36,OTHER,613,659,648,695
1277387782Image000017.jpg,37,36,PASS_EITHER_SIDE,616,695,653,731
1277387782Image000017.jpg,12,13,PRIORITY_ROAD,464,699,476,712
1277387782Image000017.jpg,27,26,PEDESTRIAN_CROSSING,835,687,862,713
1277387782Image000017.jpg,35,36,OTHER,613,659,648,695
1277387782Image000017.jpg,37,36,PASS_EITHER_SIDE,616,695,653,731
1277387782Image000017.jpg,12,13,PRIORITY_ROAD,464,699,476,712
1277387782Image000017.jpg,27,26,PEDESTRIAN_CROSSING,835,687,862,713
1277387782Image000017.jpg,35,36,OTHER,613,659,648,695
1277387782Image000017.jpg,37,36,PASS_EITHER_SIDE,616,695,653,731
1277387782Image000017.jpg,12,13,PRIORITY_ROAD,464,699,476,712
1277387782Image000022.jpg,28,28,PEDESTRIAN_CROSSING,860,677,888,705
1277387782Image000022.jpg,39,39,OTHER,621,645,660,684
1277387782Image000022.jpg,39,40,PASS_EITHER_SIDE,626,683,665,723
1277387782Image000022.jpg,12,12,PRIORITY_ROAD,467,693,479,705
1277387782Image000022.jpg,28,28,PEDESTRIAN_CROSSING,860,677,888,705
1277387782Image000022.jpg,39,39,OTHER,621,645,660,684
1277387782Image000022.jpg,39,40,PASS_EITHER_SIDE,626,683,665,723
1277387782Image000022.jpg,12,12,PRIORITY_ROAD,467,693,479,705
1277387782Image000022.jpg,28,28,PEDESTRIAN_CROSSING,860,677,888,705
1277387782Image000022.jpg,39,39,OTHER,621,645,660,684
1277387782Image000022.jpg,39,40,PASS_EITHER_SIDE,626,683,665,723
1277387782Image000022.jpg,12,12,PRIORITY_ROAD,467,693,479,705
1277387782Image000022.jpg,28,28,PEDESTRIAN_CROSSING,860,677,888,705
1277387782Image000022.jpg,39,39,OTHER,621,645,660,684
1277387782Image000022.jpg,39,40,PASS_EITHER_SIDE,626,683,665,723
1277387782Image000022.jpg,12,12,PRIORITY_ROAD,467,693,479,705
1277387782Image000022.jpg,28,28,PEDESTRIAN_CROSSING,860,677,888,705
1277387782Image000022.jpg,39,39,OTHER,621,645,660,684
1277387782Image000022.jpg,39,40,PASS_EITHER_SIDE,626,683,665,723
1277387782Image000022.jpg,12,12,PRIORITY_ROAD,467,693,479,705
1277387782Image000027.jpg,32,33,PEDESTRIAN_CROSSING,874,657,906,690
1277387782Image000027.jpg,45,45,OTHER,602,613,647,658
1277387782Image000027.jpg,47,47,PASS_EITHER_SIDE,607,659,654,706
1277387782Image000027.jpg,14,15,PRIORITY_ROAD,436,677,450,692
1277387782Image000027.jpg,32,33,PEDESTRIAN_CROSSING,874,657,906,690
1277387782Image000027.jpg,45,45,OTHER,602,613,647,658
1277387782Image000027.jpg,47,47,PASS_EITHER_SIDE,607,659,654,706
1277387782Image000027.jpg,14,15,PRIORITY_ROAD,436,677,450,692
1277387782Image000027.jpg,32,33,PEDESTRIAN_CROSSING,874,657,906,690
1277387782Image000027.jpg,45,45,OTHER,602,613,647,658
1277387782Image000027.jpg,47,47,PASS_EITHER_SIDE,607,659,654,706
1277387782Image000027.jpg,14,15,PRIORITY_ROAD,436,677,450,692
1277387782Image000027.jpg,32,33,PEDESTRIAN_CROSSING,874,657,906,690
1277387782Image000027.jpg,45,45,OTHER,602,613,647,658
1277387782Image000027.jpg,47,47,PASS_EITHER_SIDE,607,659,654,706
1277387782Image000027.jpg,14,15,PRIORITY_ROAD,436,677,450,692
1277387782Image000027.jpg,32,33,PEDESTRIAN_CROSSING,874,657,906,690
1277387782Image000027.jpg,45,45,OTHER,602,613,647,658
1277387782Image000027.jpg,47,47,PASS_EITHER_SIDE,607,659,654,706
1277387782Image000027.jpg,14,15,PRIORITY_ROAD,436,677,450,692
1277387782Image000032.jpg,38,38,PEDESTRIAN_CROSSING,844,635,882,673
1277387782Image000032.jpg,54,51,OTHER,544,579,598,630
1277387782Image000032.jpg,51,50,PASS_EITHER_SIDE,549,633,600,683
1277387782Image000032.jpg,15,15,PRIORITY_ROAD,371,664,386,679
1277387782Image000032.jpg,38,38,PEDESTRIAN_CROSSING,844,635,882,673
1277387782Image000032.jpg,54,51,OTHER,544,579,598,630
1277387782Image000032.jpg,51,50,PASS_EITHER_SIDE,549,633,600,683
1277387782Image000032.jpg,15,15,PRIORITY_ROAD,371,664,386,679
1277387782Image000032.jpg,38,38,PEDESTRIAN_CROSSING,844,635,882,673
1277387782Image000032.jpg,54,51,OTHER,544,579,598,630
1277387782Image000032.jpg,51,50,PASS_EITHER_SIDE,549,633,600,683
1277387782Image000032.jpg,15,15,PRIORITY_ROAD,371,664,386,679
1277387782Image000032.jpg,38,38,PEDESTRIAN_CROSSING,844,635,882,673
1277387782Image000032.jpg,54,51,OTHER,544,579,598,630
1277387782Image000032.jpg,51,50,PASS_EITHER_SIDE,549,633,600,683
1277387782Image000032.jpg,15,15,PRIORITY_ROAD,371,664,386,679
1277387782Image000032.jpg,38,38,PEDESTRIAN_CROSSING,844,635,882,673
1277387782Image000032.jpg,54,51,OTHER,544,579,598,630
1277387782Image000032.jpg,51,50,PASS_EITHER_SIDE,549,633,600,683
1277387782Image000032.jpg,15,15,PRIORITY_ROAD,371,664,386,679
1277387782Image000047.jpg,60,61,PEDESTRIAN_CROSSING,501,583,561,644
1277387782Image000047.jpg,60,61,PEDESTRIAN_CROSSING,501,583,561,644
1277387802Image000003.jpg,12,16,PEDESTRIAN_CROSSING,723,693,735,709
1277387802Image000003.jpg,12,16,PEDESTRIAN_CROSSING,723,693,735,709
1277387802Image000008.jpg,16,17,PEDESTRIAN_CROSSING,722,680,738,697
1277387802Image000008.jpg,16,17,PEDESTRIAN_CROSSING,722,680,738,697
1277387802Image000013.jpg,17,20,PEDESTRIAN_CROSSING,729,681,746,701
1277387802Image000013.jpg,16,19,PEDESTRIAN_CROSSING,491,699,507,718
1277387802Image000013.jpg,17,20,PEDESTRIAN_CROSSING,729,681,746,701
1277387802Image000013.jpg,16,19,PEDESTRIAN_CROSSING,491,699,507,718
1277387802Image000013.jpg,17,20,PEDESTRIAN_CROSSING,729,681,746,701
1277387802Image000013.jpg,16,19,PEDESTRIAN_CROSSING,491,699,507,718
1277387802Image000018.jpg,20,24,PEDESTRIAN_CROSSING,742,700,762,724
1277387802Image000018.jpg,17,18,PEDESTRIAN_CROSSING,464,726,481,744
1277387802Image000018.jpg,20,24,PEDESTRIAN_CROSSING,742,700,762,724
1277387802Image000018.jpg,17,18,PEDESTRIAN_CROSSING,464,726,481,744
1277387802Image000018.jpg,20,24,PEDESTRIAN_CROSSING,742,700,762,724
1277387802Image000018.jpg,17,18,PEDESTRIAN_CROSSING,464,726,481,744
1277387802Image000033.jpg,32,42,PEDESTRIAN_CROSSING,796,654,828,696
1277387802Image000033.jpg,23,27,PEDESTRIAN_CROSSING,369,709,392,736
1277387802Image000033.jpg,32,42,PEDESTRIAN_CROSSING,796,654,828,696
1277387802Image000033.jpg,23,27,PEDESTRIAN_CROSSING,369,709,392,736
1277387802Image000033.jpg,32,42,PEDESTRIAN_CROSSING,796,654,828,696
1277387802Image000033.jpg,23,27,PEDESTRIAN_CROSSING,369,709,392,736
1277387802Image000038.jpg,38,44,PEDESTRIAN_CROSSING,816,632,854,676
1277387802Image000038.jpg,28,29,PEDESTRIAN_CROSSING,338,694,366,723
1277387802Image000038.jpg,38,44,PEDESTRIAN_CROSSING,816,632,854,676
1277387802Image000038.jpg,28,29,PEDESTRIAN_CROSSING,338,694,366,723
1277387802Image000038.jpg,38,44,PEDESTRIAN_CROSSING,816,632,854,676
1277387802Image000038.jpg,28,29,PEDESTRIAN_CROSSING,338,694,366,723
1277387802Image000043.jpg,55,65,PEDESTRIAN_CROSSING,897,563,952,628
1277387802Image000043.jpg,31,38,PEDESTRIAN_CROSSING,258,668,289,706
1277387802Image000043.jpg,55,65,PEDESTRIAN_CROSSING,897,563,952,628
1277387802Image000043.jpg,31,38,PEDESTRIAN_CROSSING,258,668,289,706
1277387802Image000043.jpg,55,65,PEDESTRIAN_CROSSING,897,563,952,628
1277387802Image000043.jpg,31,38,PEDESTRIAN_CROSSING,258,668,289,706
1277387802Image000048.jpg,76,85,PEDESTRIAN_CROSSING,954,514,1030,599
1277387802Image000048.jpg,35,47,PEDESTRIAN_CROSSING,190,649,225,696
1277387802Image000048.jpg,76,85,PEDESTRIAN_CROSSING,954,514,1030,599
1277387802Image000048.jpg,35,47,PEDESTRIAN_CROSSING,190,649,225,696
1277387802Image000048.jpg,76,85,PEDESTRIAN_CROSSING,954,514,1030,599
1277387802Image000048.jpg,35,47,PEDESTRIAN_CROSSING,190,649,225,696
1277387802Image000053.jpg,111,120,PEDESTRIAN_CROSSING,1061,398,1172,518
1277387802Image000053.jpg,41,57,PEDESTRIAN_CROSSING,65,611,106,668
1277387802Image000053.jpg,13,13,PRIORITY_ROAD,1176,735,1189,748
1277387802Image000053.jpg,111,120,PEDESTRIAN_CROSSING,1061,398,1172,518
1277387802Image000053.jpg,41,57,PEDESTRIAN_CROSSING,65,611,106,668
1277387802Image000053.jpg,13,13,PRIORITY_ROAD,1176,735,1189,748
1277387802Image000053.jpg,111,120,PEDESTRIAN_CROSSING,1061,398,1172,518
1277387802Image000053.jpg,41,57,PEDESTRIAN_CROSSING,65,611,106,668
1277387802Image000053.jpg,13,13,PRIORITY_ROAD,1176,735,1189,748
1277387802Image000053.jpg,111,120,PEDESTRIAN_CROSSING,1061,398,1172,518
1277387802Image000053.jpg,41,57,PEDESTRIAN_CROSSING,65,611,106,668
1277387802Image000053.jpg,13,13,PRIORITY_ROAD,1176,735,1189,748
1277387802Image000058.jpg,107,159,PEDESTRIAN_CROSSING,1170,290,1277,449
1277387802Image000083.jpg,56,54,PASS_RIGHT_SIDE,1192,654,1248,708
1277387838Image000002.jpg,41,41,70_SIGN,995,664,1036,705
1277387838Image000002.jpg,56,56,PRIORITY_ROAD,991,705,1047,761
1277387838Image000002.jpg,41,41,70_SIGN,995,664,1036,705
1277387838Image000002.jpg,56,56,PRIORITY_ROAD,991,705,1047,761
1277387838Image000012.jpg,59,62,70_SIGN,1022,636,1081,698
1277387838Image000012.jpg,73,77,PRIORITY_ROAD,1021,698,1094,775
1277387838Image000012.jpg,59,62,70_SIGN,1022,636,1081,698
1277387838Image000012.jpg,73,77,PRIORITY_ROAD,1021,698,1094,775
1277387838Image000017.jpg,80,82,70_SIGN,1058,592,1138,674
1277387838Image000017.jpg,98,97,PRIORITY_ROAD,1054,670,1152,767
1277387838Image000017.jpg,80,82,70_SIGN,1058,592,1138,674
1277387838Image000017.jpg,98,97,PRIORITY_ROAD,1054,670,1152,767
1277387847Image000001.jpg,19,35,OTHER,916,687,935,722
1277387847Image000001.jpg,13,26,OTHER,808,705,821,731
1277387847Image000001.jpg,13,23,OTHER,773,722,786,745
1277387847Image000001.jpg,19,35,OTHER,916,687,935,722
1277387847Image000001.jpg,13,26,OTHER,808,705,821,731
1277387847Image000001.jpg,13,23,OTHER,773,722,786,745
1277387847Image000001.jpg,19,35,OTHER,916,687,935,722
1277387847Image000001.jpg,13,26,OTHER,808,705,821,731
1277387847Image000001.jpg,13,23,OTHER,773,722,786,745
1277387847Image000001.jpg,19,35,OTHER,916,687,935,722
1277387847Image000001.jpg,13,26,OTHER,808,705,821,731
1277387847Image000001.jpg,13,23,OTHER,773,722,786,745
1277387847Image000011.jpg,35,63,OTHER,1091,664,1126,727
1277387847Image000011.jpg,23,39,OTHER,866,710,889,749
1277387847Image000011.jpg,18,30,OTHER,802,739,820,769
1277387847Image000011.jpg,35,63,OTHER,1091,664,1126,727
1277387847Image000011.jpg,23,39,OTHER,866,710,889,749
1277387847Image000011.jpg,18,30,OTHER,802,739,820,769
1277387847Image000011.jpg,35,63,OTHER,1091,664,1126,727
1277387847Image000011.jpg,23,39,OTHER,866,710,889,749
1277387847Image000011.jpg,18,30,OTHER,802,739,820,769
1277387847Image000011.jpg,35,63,OTHER,1091,664,1126,727
1277387847Image000011.jpg,23,39,OTHER,866,710,889,749
1277387847Image000011.jpg,18,30,OTHER,802,739,820,769
1277387847Image000016.jpg,32,50,OTHER,908,653,940,703
1277387847Image000016.jpg,23,35,OTHER,811,695,834,730
1277387847Image000016.jpg,32,50,OTHER,908,653,940,703
1277387847Image000016.jpg,23,35,OTHER,811,695,834,730
1277387847Image000016.jpg,32,50,OTHER,908,653,940,703
1277387847Image000016.jpg,23,35,OTHER,811,695,834,730
1277387847Image000021.jpg,42,67,OTHER,981,600,1023,667
1277387847Image000021.jpg,28,47,OTHER,829,672,857,719
1277387847Image000021.jpg,42,67,OTHER,981,600,1023,667
1277387847Image000021.jpg,28,47,OTHER,829,672,857,719
1277387847Image000021.jpg,42,67,OTHER,981,600,1023,667
1277387847Image000021.jpg,28,47,OTHER,829,672,857,719
1277387847Image000026.jpg,74,101,OTHER,1150,526,1224,627
1277387847Image000026.jpg,38,57,OTHER,875,659,913,716
1277387847Image000026.jpg,74,101,OTHER,1150,526,1224,627
1277387847Image000026.jpg,38,57,OTHER,875,659,913,716
1277387847Image000026.jpg,74,101,OTHER,1150,526,1224,627
1277387847Image000026.jpg,38,57,OTHER,875,659,913,716
1277387858Image000001.jpg,12,14,70_SIGN,581,697,593,711
1277387858Image000001.jpg,11,11,70_SIGN,375,700,386,711
1277387858Image000001.jpg,12,14,70_SIGN,581,697,593,711
1277387858Image000001.jpg,11,11,70_SIGN,375,700,386,711
1277387858Image000001.jpg,12,14,70_SIGN,581,697,593,711
1277387858Image000001.jpg,11,11,70_SIGN,375,700,386,711
1277387858Image000006.jpg,15,14,70_SIGN,604,695,619,709
1277387858Image000006.jpg,13,13,70_SIGN,374,698,387,711
1277387858Image000006.jpg,15,14,70_SIGN,604,695,619,709
1277387858Image000006.jpg,13,13,70_SIGN,374,698,387,711
1277387858Image000006.jpg,15,14,70_SIGN,604,695,619,709
1277387858Image000006.jpg,13,13,70_SIGN,374,698,387,711
1277387858Image000011.jpg,19,20,PRIORITY_ROAD,1077,677,1096,697
1277387858Image000011.jpg,16,16,70_SIGN,623,690,639,706
1277387858Image000011.jpg,16,17,70_SIGN,364,691,380,708
1277387858Image000011.jpg,19,20,PRIORITY_ROAD,1077,677,1096,697
1277387858Image000011.jpg,16,16,70_SIGN,623,690,639,706
1277387858Image000011.jpg,16,17,70_SIGN,364,691,380,708
1277387858Image000011.jpg,19,20,PRIORITY_ROAD,1077,677,1096,697
1277387858Image000011.jpg,16,16,70_SIGN,623,690,639,706
1277387858Image000011.jpg,16,17,70_SIGN,364,691,380,708
1277387858Image000011.jpg,19,20,PRIORITY_ROAD,1077,677,1096,697
1277387858Image000011.jpg,16,16,70_SIGN,623,690,639,706
1277387858Image000011.jpg,16,17,70_SIGN,364,691,380,708
1277387858Image000016.jpg,24,25,PRIORITY_ROAD,1177,649,1201,674
1277387858Image000016.jpg,20,18,70_SIGN,637,679,657,697
1277387858Image000016.jpg,19,20,70_SIGN,353,682,372,702
1277387858Image000016.jpg,24,25,PRIORITY_ROAD,1177,649,1201,674
1277387858Image000016.jpg,20,18,70_SIGN,637,679,657,697
1277387858Image000016.jpg,19,20,70_SIGN,353,682,372,702
1277387858Image000016.jpg,24,25,PRIORITY_ROAD,1177,649,1201,674
1277387858Image000016.jpg,20,18,70_SIGN,637,679,657,697
1277387858Image000016.jpg,19,20,70_SIGN,353,682,372,702
1277387858Image000016.jpg,24,25,PRIORITY_ROAD,1177,649,1201,674
1277387858Image000016.jpg,20,18,70_SIGN,637,679,657,697
1277387858Image000016.jpg,19,20,70_SIGN,353,682,372,702
1277387858Image000021.jpg,23,23,70_SIGN,672,681,695,704
1277387858Image000021.jpg,23,25,70_SIGN,304,689,327,714
1277387858Image000021.jpg,23,23,70_SIGN,672,681,695,704
1277387858Image000021.jpg,23,25,70_SIGN,304,689,327,714
1277387858Image000021.jpg,23,23,70_SIGN,672,681,695,704
1277387858Image000021.jpg,23,25,70_SIGN,304,689,327,714
1277387858Image000026.jpg,27,27,70_SIGN,698,672,725,699
1277387858Image000026.jpg,26,29,70_SIGN,260,678,286,707
1277387858Image000026.jpg,27,27,70_SIGN,698,672,725,699
1277387858Image000026.jpg,26,29,70_SIGN,260,678,286,707
1277387858Image000026.jpg,27,27,70_SIGN,698,672,725,699
1277387858Image000026.jpg,26,29,70_SIGN,260,678,286,707
1277387858Image000031.jpg,37,35,70_SIGN,741,655,778,690
1277387858Image000031.jpg,35,38,70_SIGN,180,658,215,696
1277387858Image000031.jpg,37,35,70_SIGN,741,655,778,690
1277387858Image000031.jpg,35,38,70_SIGN,180,658,215,696
1277387858Image000036.jpg,41,41,70_SIGN,796,647,837,688
1277387858Image000036.jpg,41,43,70_SIGN,94,648,135,691
1277387858Image000036.jpg,41,41,70_SIGN,796,647,837,688
1277387858Image000036.jpg,41,43,70_SIGN,94,648,135,691
1277387858Image000036.jpg,41,41,70_SIGN,796,647,837,688
1277387858Image000036.jpg,41,43,70_SIGN,94,648,135,691
1277387858Image000041.jpg,68,68,70_SIGN,967,557,1035,625
1277387858Image000041.jpg,68,68,70_SIGN,967,557,1035,625
1277387882Image000002.jpg,13,14,70_SIGN,741,734,754,748
1277387882Image000002.jpg,13,12,70_SIGN,554,754,567,766
1277387882Image000002.jpg,17,15,OTHER,1123,724,1140,739
1277387882Image000002.jpg,9,6,OTHER,1078,748,1087,754
1277387882Image000002.jpg,13,14,70_SIGN,741,734,754,748
1277387882Image000002.jpg,13,12,70_SIGN,554,754,567,766
1277387882Image000002.jpg,17,15,OTHER,1123,724,1140,739
1277387882Image000002.jpg,9,6,OTHER,1078,748,1087,754
1277387882Image000002.jpg,13,14,70_SIGN,741,734,754,748
1277387882Image000002.jpg,13,12,70_SIGN,554,754,567,766
1277387882Image000002.jpg,17,15,OTHER,1123,724,1140,739
1277387882Image000002.jpg,9,6,OTHER,1078,748,1087,754
1277387882Image000002.jpg,13,14,70_SIGN,741,734,754,748
1277387882Image000002.jpg,13,12,70_SIGN,554,754,567,766
1277387882Image000002.jpg,17,15,OTHER,1123,724,1140,739
1277387882Image000002.jpg,9,6,OTHER,1078,748,1087,754
1277387882Image000002.jpg,13,14,70_SIGN,741,734,754,748
1277387882Image000002.jpg,13,12,70_SIGN,554,754,567,766
1277387882Image000002.jpg,17,15,OTHER,1123,724,1140,739
1277387882Image000002.jpg,9,6,OTHER,1078,748,1087,754
1277387882Image000007.jpg,39,39,50_SIGN,1009,660,1048,699
1277387882Image000007.jpg,13,14,70_SIGN,707,731,720,745
1277387882Image000007.jpg,14,14,70_SIGN,510,750,524,764
1277387882Image000007.jpg,17,11,NO_STOPPING_NO_STANDING,1060,746,1077,757
1277387882Image000007.jpg,39,39,50_SIGN,1009,660,1048,699
1277387882Image000007.jpg,13,14,70_SIGN,707,731,720,745
1277387882Image000007.jpg,14,14,70_SIGN,510,750,524,764
1277387882Image000007.jpg,17,11,NO_STOPPING_NO_STANDING,1060,746,1077,757
1277387882Image000007.jpg,39,39,50_SIGN,1009,660,1048,699
1277387882Image000007.jpg,13,14,70_SIGN,707,731,720,745
1277387882Image000007.jpg,14,14,70_SIGN,510,750,524,764
1277387882Image000007.jpg,17,11,NO_STOPPING_NO_STANDING,1060,746,1077,757
1277387882Image000007.jpg,39,39,50_SIGN,1009,660,1048,699
1277387882Image000007.jpg,13,14,70_SIGN,707,731,720,745
1277387882Image000007.jpg,14,14,70_SIGN,510,750,524,764
1277387882Image000007.jpg,17,11,NO_STOPPING_NO_STANDING,1060,746,1077,757
1277387882Image000007.jpg,39,39,50_SIGN,1009,660,1048,699
1277387882Image000007.jpg,13,14,70_SIGN,707,731,720,745
1277387882Image000007.jpg,14,14,70_SIGN,510,750,524,764
1277387882Image000007.jpg,17,11,NO_STOPPING_NO_STANDING,1060,746,1077,757
1277387882Image000012.jpg,58,55,50_SIGN,1119,623,1177,678
1277387882Image000012.jpg,19,16,OTHER,1141,731,1160,747
1277387882Image000012.jpg,12,14,GIVE_WAY,1181,728,1193,742
1277387882Image000012.jpg,10,10,OTHER,1184,742,1194,752
1277387882Image000012.jpg,12,13,NO_STOPPING_NO_STANDING,1057,753,1069,766
1277387882Image000012.jpg,12,14,70_SIGN,678,737,690,751
1277387882Image000012.jpg,13,14,70_SIGN,466,756,479,770
1277387882Image000012.jpg,58,55,50_SIGN,1119,623,1177,678
1277387882Image000012.jpg,19,16,OTHER,1141,731,1160,747
1277387882Image000012.jpg,12,14,GIVE_WAY,1181,728,1193,742
1277387882Image000012.jpg,10,10,OTHER,1184,742,1194,752
1277387882Image000012.jpg,12,13,NO_STOPPING_NO_STANDING,1057,753,1069,766
1277387882Image000012.jpg,12,14,70_SIGN,678,737,690,751
1277387882Image000012.jpg,13,14,70_SIGN,466,756,479,770
1277387882Image000012.jpg,58,55,50_SIGN,1119,623,1177,678
1277387882Image000012.jpg,19,16,OTHER,1141,731,1160,747
1277387882Image000012.jpg,12,14,GIVE_WAY,1181,728,1193,742
1277387882Image000012.jpg,10,10,OTHER,1184,742,1194,752
1277387882Image000012.jpg,12,13,NO_STOPPING_NO_STANDING,1057,753,1069,766
1277387882Image000012.jpg,12,14,70_SIGN,678,737,690,751
1277387882Image000012.jpg,13,14,70_SIGN,466,756,479,770
1277387882Image000012.jpg,58,55,50_SIGN,1119,623,1177,678
1277387882Image000012.jpg,19,16,OTHER,1141,731,1160,747
1277387882Image000012.jpg,12,14,GIVE_WAY,1181,728,1193,742
1277387882Image000012.jpg,10,10,OTHER,1184,742,1194,752
1277387882Image000012.jpg,12,13,NO_STOPPING_NO_STANDING,1057,753,1069,766
1277387882Image000012.jpg,12,14,70_SIGN,678,737,690,751
1277387882Image000012.jpg,13,14,70_SIGN,466,756,479,770
1277387882Image000012.jpg,58,55,50_SIGN,1119,623,1177,678
1277387882Image000012.jpg,19,16,OTHER,1141,731,1160,747
1277387882Image000012.jpg,12,14,GIVE_WAY,1181,728,1193,742
1277387882Image000012.jpg,10,10,OTHER,1184,742,1194,752
1277387882Image000012.jpg,12,13,NO_STOPPING_NO_STANDING,1057,753,1069,766
1277387882Image000012.jpg,12,14,70_SIGN,678,737,690,751
1277387882Image000012.jpg,13,14,70_SIGN,466,756,479,770
1277387882Image000012.jpg,58,55,50_SIGN,1119,623,1177,678
1277387882Image000012.jpg,19,16,OTHER,1141,731,1160,747
1277387882Image000012.jpg,12,14,GIVE_WAY,1181,728,1193,742
1277387882Image000012.jpg,10,10,OTHER,1184,742,1194,752
1277387882Image000012.jpg,12,13,NO_STOPPING_NO_STANDING,1057,753,1069,766
1277387882Image000012.jpg,12,14,70_SIGN,678,737,690,751
1277387882Image000012.jpg,13,14,70_SIGN,466,756,479,770
1277387882Image000012.jpg,58,55,50_SIGN,1119,623,1177,678
1277387882Image000012.jpg,19,16,OTHER,1141,731,1160,747
1277387882Image000012.jpg,12,14,GIVE_WAY,1181,728,1193,742
1277387882Image000012.jpg,10,10,OTHER,1184,742,1194,752
1277387882Image000012.jpg,12,13,NO_STOPPING_NO_STANDING,1057,753,1069,766
1277387882Image000012.jpg,12,14,70_SIGN,678,737,690,751
1277387882Image000012.jpg,13,14,70_SIGN,466,756,479,770
1277387882Image000012.jpg,58,55,50_SIGN,1119,623,1177,678
1277387882Image000012.jpg,19,16,OTHER,1141,731,1160,747
1277387882Image000012.jpg,12,14,GIVE_WAY,1181,728,1193,742
1277387882Image000012.jpg,10,10,OTHER,1184,742,1194,752
1277387882Image000012.jpg,12,13,NO_STOPPING_NO_STANDING,1057,753,1069,766
1277387882Image000012.jpg,12,14,70_SIGN,678,737,690,751
1277387882Image000012.jpg,13,14,70_SIGN,466,756,479,770
1277387882Image000022.jpg,22,22,OTHER,1257,731,1279,753
1277387882Image000022.jpg,14,15,NO_STOPPING_NO_STANDING,1100,769,1114,784
1277387882Image000022.jpg,17,17,70_SIGN,650,750,667,767
1277387882Image000022.jpg,17,17,70_SIGN,399,772,416,789
1277387882Image000022.jpg,22,22,OTHER,1257,731,1279,753
1277387882Image000022.jpg,14,15,NO_STOPPING_NO_STANDING,1100,769,1114,784
1277387882Image000022.jpg,17,17,70_SIGN,650,750,667,767
1277387882Image000022.jpg,17,17,70_SIGN,399,772,416,789
1277387882Image000022.jpg,22,22,OTHER,1257,731,1279,753
1277387882Image000022.jpg,14,15,NO_STOPPING_NO_STANDING,1100,769,1114,784
1277387882Image000022.jpg,17,17,70_SIGN,650,750,667,767
1277387882Image000022.jpg,17,17,70_SIGN,399,772,416,789
1277387882Image000022.jpg,22,22,OTHER,1257,731,1279,753
1277387882Image000022.jpg,14,15,NO_STOPPING_NO_STANDING,1100,769,1114,784
1277387882Image000022.jpg,17,17,70_SIGN,650,750,667,767
1277387882Image000022.jpg,17,17,70_SIGN,399,772,416,789
1277387882Image000022.jpg,22,22,OTHER,1257,731,1279,753
1277387882Image000022.jpg,14,15,NO_STOPPING_NO_STANDING,1100,769,1114,784
1277387882Image000022.jpg,17,17,70_SIGN,650,750,667,767
1277387882Image000022.jpg,17,17,70_SIGN,399,772,416,789
1277387882Image000027.jpg,13,14,NO_STOPPING_NO_STANDING,1147,779,1160,793
1277387882Image000027.jpg,17,19,70_SIGN,640,748,657,767
1277387882Image000027.jpg,18,18,70_SIGN,357,769,375,787
1277387882Image000027.jpg,13,14,NO_STOPPING_NO_STANDING,1147,779,1160,793
1277387882Image000027.jpg,17,19,70_SIGN,640,748,657,767
1277387882Image000027.jpg,18,18,70_SIGN,357,769,375,787
1277387882Image000027.jpg,13,14,NO_STOPPING_NO_STANDING,1147,779,1160,793
1277387882Image000027.jpg,17,19,70_SIGN,640,748,657,767
1277387882Image000027.jpg,18,18,70_SIGN,357,769,375,787
1277387882Image000027.jpg,13,14,NO_STOPPING_NO_STANDING,1147,779,1160,793
1277387882Image000027.jpg,17,19,70_SIGN,640,748,657,767
1277387882Image000027.jpg,18,18,70_SIGN,357,769,375,787
1277387882Image000032.jpg,16,16,NO_STOPPING_NO_STANDING,1185,785,1201,801
1277387882Image000032.jpg,20,20,70_SIGN,635,750,655,770
1277387882Image000032.jpg,20,20,70_SIGN,326,771,346,791
1277387882Image000032.jpg,16,16,NO_STOPPING_NO_STANDING,1185,785,1201,801
1277387882Image000032.jpg,20,20,70_SIGN,635,750,655,770
1277387882Image000032.jpg,20,20,70_SIGN,326,771,346,791
1277387882Image000032.jpg,16,16,NO_STOPPING_NO_STANDING,1185,785,1201,801
1277387882Image000032.jpg,20,20,70_SIGN,635,750,655,770
1277387882Image000032.jpg,20,20,70_SIGN,326,771,346,791
1277387882Image000032.jpg,16,16,NO_STOPPING_NO_STANDING,1185,785,1201,801
1277387882Image000032.jpg,20,20,70_SIGN,635,750,655,770
1277387882Image000032.jpg,20,20,70_SIGN,326,771,346,791
1277387882Image000037.jpg,24,25,70_SIGN,632,741,656,766
1277387882Image000037.jpg,25,22,70_SIGN,260,760,285,782
1277387882Image000037.jpg,24,25,70_SIGN,632,741,656,766
1277387882Image000037.jpg,25,22,70_SIGN,260,760,285,782
1277387882Image000037.jpg,24,25,70_SIGN,632,741,656,766
1277387882Image000037.jpg,25,22,70_SIGN,260,760,285,782
1277387882Image000042.jpg,24,25,70_SIGN,641,754,665,779
1277387882Image000042.jpg,28,27,70_SIGN,214,768,242,795
1277387882Image000042.jpg,24,25,70_SIGN,641,754,665,779
1277387882Image000042.jpg,28,27,70_SIGN,214,768,242,795
1277387882Image000042.jpg,24,25,70_SIGN,641,754,665,779
1277387882Image000042.jpg,28,27,70_SIGN,214,768,242,795
1277387882Image000047.jpg,29,29,70_SIGN,649,737,678,766
1277387882Image000047.jpg,31,31,70_SIGN,172,752,203,783
1277387882Image000047.jpg,29,29,70_SIGN,649,737,678,766
1277387882Image000047.jpg,31,31,70_SIGN,172,752,203,783
1277387882Image000047.jpg,29,29,70_SIGN,649,737,678,766
1277387882Image000047.jpg,31,31,70_SIGN,172,752,203,783
1277387882Image000052.jpg,38,37,70_SIGN,682,722,720,759
1277387882Image000052.jpg,41,42,70_SIGN,64,735,105,777
1277387882Image000052.jpg,38,37,70_SIGN,682,722,720,759
1277387882Image000052.jpg,41,42,70_SIGN,64,735,105,777
1277387882Image000052.jpg,38,37,70_SIGN,682,722,720,759
1277387882Image000052.jpg,41,42,70_SIGN,64,735,105,777
1277387882Image000062.jpg,60,63,70_SIGN,810,669,870,732
1277387882Image000062.jpg,60,63,70_SIGN,810,669,870,732
1277387921Image000002.jpg,20,21,50_SIGN,1064,596,1084,617
1277387921Image000002.jpg,11,11,GIVE_WAY,894,682,905,693
1277387921Image000002.jpg,10,10,OTHER,895,693,905,703
1277387921Image000002.jpg,36,38,90_SIGN,983,725,1019,763
1277387921Image000002.jpg,20,21,50_SIGN,1064,596,1084,617
1277387921Image000002.jpg,11,11,GIVE_WAY,894,682,905,693
1277387921Image000002.jpg,10,10,OTHER,895,693,905,703
1277387921Image000002.jpg,36,38,90_SIGN,983,725,1019,763
1277387921Image000002.jpg,20,21,50_SIGN,1064,596,1084,617
1277387921Image000002.jpg,11,11,GIVE_WAY,894,682,905,693
1277387921Image000002.jpg,10,10,OTHER,895,693,905,703
1277387921Image000002.jpg,36,38,90_SIGN,983,725,1019,763
1277387921Image000002.jpg,20,21,50_SIGN,1064,596,1084,617
1277387921Image000002.jpg,11,11,GIVE_WAY,894,682,905,693
1277387921Image000002.jpg,10,10,OTHER,895,693,905,703
1277387921Image000002.jpg,36,38,90_SIGN,983,725,1019,763
1277387921Image000002.jpg,20,21,50_SIGN,1064,596,1084,617
1277387921Image000002.jpg,11,11,GIVE_WAY,894,682,905,693
1277387921Image000002.jpg,10,10,OTHER,895,693,905,703
1277387921Image000002.jpg,36,38,90_SIGN,983,725,1019,763
1277387921Image000007.jpg,24,23,50_SIGN,1144,554,1168,577
1277387921Image000007.jpg,14,10,GIVE_WAY,910,670,924,680
1277387921Image000007.jpg,12,10,OTHER,910,679,922,689
1277387921Image000007.jpg,47,47,90_SIGN,1078,700,1125,747
1277387921Image000007.jpg,24,23,50_SIGN,1144,554,1168,577
1277387921Image000007.jpg,14,10,GIVE_WAY,910,670,924,680
1277387921Image000007.jpg,12,10,OTHER,910,679,922,689
1277387921Image000007.jpg,47,47,90_SIGN,1078,700,1125,747
1277387921Image000007.jpg,24,23,50_SIGN,1144,554,1168,577
1277387921Image000007.jpg,14,10,GIVE_WAY,910,670,924,680
1277387921Image000007.jpg,12,10,OTHER,910,679,922,689
1277387921Image000007.jpg,47,47,90_SIGN,1078,700,1125,747
1277387921Image000007.jpg,24,23,50_SIGN,1144,554,1168,577
1277387921Image000007.jpg,14,10,GIVE_WAY,910,670,924,680
1277387921Image000007.jpg,12,10,OTHER,910,679,922,689
1277387921Image000007.jpg,47,47,90_SIGN,1078,700,1125,747
1277387921Image000007.jpg,24,23,50_SIGN,1144,554,1168,577
1277387921Image000007.jpg,14,10,GIVE_WAY,910,670,924,680
1277387921Image000007.jpg,12,10,OTHER,910,679,922,689
1277387921Image000007.jpg,47,47,90_SIGN,1078,700,1125,747
1277387921Image000012.jpg,20,29,50_SIGN,1258,490,1278,519
1277387921Image000012.jpg,35,72,90_SIGN,1242,655,1277,727
1277387921Image000012.jpg,13,15,GIVE_WAY,928,651,941,666
1277387921Image000012.jpg,11,10,OTHER,930,666,941,676
1277387921Image000012.jpg,20,29,50_SIGN,1258,490,1278,519
1277387921Image000012.jpg,35,72,90_SIGN,1242,655,1277,727
1277387921Image000012.jpg,13,15,GIVE_WAY,928,651,941,666
1277387921Image000012.jpg,11,10,OTHER,930,666,941,676
1277387921Image000012.jpg,20,29,50_SIGN,1258,490,1278,519
1277387921Image000012.jpg,35,72,90_SIGN,1242,655,1277,727
1277387921Image000012.jpg,13,15,GIVE_WAY,928,651,941,666
1277387921Image000012.jpg,11,10,OTHER,930,666,941,676
1277387921Image000012.jpg,20,29,50_SIGN,1258,490,1278,519
1277387921Image000012.jpg,35,72,90_SIGN,1242,655,1277,727
1277387921Image000012.jpg,13,15,GIVE_WAY,928,651,941,666
1277387921Image000012.jpg,11,10,OTHER,930,666,941,676
1277387921Image000012.jpg,20,29,50_SIGN,1258,490,1278,519
1277387921Image000012.jpg,35,72,90_SIGN,1242,655,1277,727
1277387921Image000012.jpg,13,15,GIVE_WAY,928,651,941,666
1277387921Image000012.jpg,11,10,OTHER,930,666,941,676
1277388031Image000001.jpg,35,34,70_SIGN,1147,766,1182,800
1277388031Image000001.jpg,21,20,OTHER,1201,812,1222,832
1277388031Image000001.jpg,12,13,URDBL,1107,824,1119,837
1277388031Image000001.jpg,14,14,90_SIGN,577,769,591,783
1277388031Image000001.jpg,35,34,70_SIGN,1147,766,1182,800
1277388031Image000001.jpg,21,20,OTHER,1201,812,1222,832
1277388031Image000001.jpg,12,13,URDBL,1107,824,1119,837
1277388031Image000001.jpg,14,14,90_SIGN,577,769,591,783
1277388031Image000001.jpg,35,34,70_SIGN,1147,766,1182,800
1277388031Image000001.jpg,21,20,OTHER,1201,812,1222,832
1277388031Image000001.jpg,12,13,URDBL,1107,824,1119,837
1277388031Image000001.jpg,14,14,90_SIGN,577,769,591,783
1277388031Image000001.jpg,35,34,70_SIGN,1147,766,1182,800
1277388031Image000001.jpg,21,20,OTHER,1201,812,1222,832
1277388031Image000001.jpg,12,13,URDBL,1107,824,1119,837
1277388031Image000001.jpg,14,14,90_SIGN,577,769,591,783
1277388031Image000011.jpg,13,15,URDBL,1260,824,1273,839
1277388031Image000011.jpg,27,24,OTHER,1102,812,1129,836
1277388031Image000011.jpg,17,20,90_SIGN,640,760,657,780
1277388031Image000011.jpg,13,15,URDBL,1260,824,1273,839
1277388031Image000011.jpg,27,24,OTHER,1102,812,1129,836
1277388031Image000011.jpg,17,20,90_SIGN,640,760,657,780
1277388031Image000011.jpg,13,15,URDBL,1260,824,1273,839
1277388031Image000011.jpg,27,24,OTHER,1102,812,1129,836
1277388031Image000011.jpg,17,20,90_SIGN,640,760,657,780
1277388031Image000016.jpg,20,21,90_SIGN,682,755,702,776
1277388031Image000021.jpg,23,24,90_SIGN,746,742,769,766
1277388031Image000026.jpg,28,32,90_SIGN,825,725,853,757
1277388031Image000031.jpg,35,37,90_SIGN,939,718,974,755
1277388031Image000036.jpg,45,52,90_SIGN,1103,687,1148,739
1277388053Image000001.jpg,10,11,90_SIGN,783,766,793,777
1277388053Image000001.jpg,10,11,90_SIGN,783,766,793,777
1277388053Image000006.jpg,11,12,90_SIGN,788,762,799,774
1277388053Image000006.jpg,11,12,90_SIGN,788,762,799,774
1277388053Image000011.jpg,11,14,90_SIGN,794,762,805,776
1277388053Image000011.jpg,11,14,90_SIGN,794,762,805,776
1277388053Image000016.jpg,15,17,90_SIGN,798,761,813,778
1277388053Image000016.jpg,15,17,90_SIGN,798,761,813,778
1277388053Image000026.jpg,15,15,90_SIGN,830,760,845,775
1277388053Image000026.jpg,15,15,90_SIGN,830,760,845,775
1277388053Image000031.jpg,16,17,90_SIGN,854,751,870,768
1277388053Image000031.jpg,16,17,90_SIGN,854,751,870,768
1277388053Image000036.jpg,19,20,90_SIGN,898,746,917,766
1277388053Image000036.jpg,19,20,90_SIGN,898,746,917,766
1277388053Image000041.jpg,23,22,90_SIGN,940,743,963,765
1277388053Image000041.jpg,23,22,90_SIGN,940,743,963,765
1277388053Image000046.jpg,27,27,90_SIGN,994,737,1021,764
1277388053Image000046.jpg,27,27,90_SIGN,994,737,1021,764
1277388053Image000051.jpg,32,30,90_SIGN,1057,724,1089,754
1277388053Image000051.jpg,32,30,90_SIGN,1057,724,1089,754
1277388053Image000056.jpg,36,35,90_SIGN,1144,717,1180,752
1277388053Image000056.jpg,36,35,90_SIGN,1144,717,1180,752
1277388138Image000033.jpg,12,11,50_SIGN,997,682,1009,693
1277388138Image000033.jpg,14,12,50_SIGN,831,696,845,708
1277388138Image000033.jpg,6,8,110_SIGN,658,767,664,775
1277388138Image000033.jpg,7,8,110_SIGN,545,774,552,782
1277388138Image000033.jpg,12,11,50_SIGN,997,682,1009,693
1277388138Image000033.jpg,14,12,50_SIGN,831,696,845,708
1277388138Image000033.jpg,6,8,110_SIGN,658,767,664,775
1277388138Image000033.jpg,7,8,110_SIGN,545,774,552,782
1277388138Image000033.jpg,12,11,50_SIGN,997,682,1009,693
1277388138Image000033.jpg,14,12,50_SIGN,831,696,845,708
1277388138Image000033.jpg,6,8,110_SIGN,658,767,664,775
1277388138Image000033.jpg,7,8,110_SIGN,545,774,552,782
1277388138Image000033.jpg,12,11,50_SIGN,997,682,1009,693
1277388138Image000033.jpg,14,12,50_SIGN,831,696,845,708
1277388138Image000033.jpg,6,8,110_SIGN,658,767,664,775
1277388138Image000033.jpg,7,8,110_SIGN,545,774,552,782
1277388138Image000033.jpg,12,11,50_SIGN,997,682,1009,693
1277388138Image000033.jpg,14,12,50_SIGN,831,696,845,708
1277388138Image000033.jpg,6,8,110_SIGN,658,767,664,775
1277388138Image000033.jpg,7,8,110_SIGN,545,774,552,782
1277388138Image000038.jpg,13,13,50_SIGN,1032,677,1045,690
1277388138Image000038.jpg,16,13,50_SIGN,850,696,866,709
1277388138Image000038.jpg,8,9,GIVE_WAY,1027,696,1035,705
1277388138Image000038.jpg,8,9,110_SIGN,657,771,665,780
1277388138Image000038.jpg,9,8,110_SIGN,539,779,548,787
1277388138Image000038.jpg,13,13,50_SIGN,1032,677,1045,690
1277388138Image000038.jpg,16,13,50_SIGN,850,696,866,709
1277388138Image000038.jpg,8,9,GIVE_WAY,1027,696,1035,705
1277388138Image000038.jpg,8,9,110_SIGN,657,771,665,780
1277388138Image000038.jpg,9,8,110_SIGN,539,779,548,787
1277388138Image000038.jpg,13,13,50_SIGN,1032,677,1045,690
1277388138Image000038.jpg,16,13,50_SIGN,850,696,866,709
1277388138Image000038.jpg,8,9,GIVE_WAY,1027,696,1035,705
1277388138Image000038.jpg,8,9,110_SIGN,657,771,665,780
1277388138Image000038.jpg,9,8,110_SIGN,539,779,548,787
1277388138Image000038.jpg,13,13,50_SIGN,1032,677,1045,690
1277388138Image000038.jpg,16,13,50_SIGN,850,696,866,709
1277388138Image000038.jpg,8,9,GIVE_WAY,1027,696,1035,705
1277388138Image000038.jpg,8,9,110_SIGN,657,771,665,780
1277388138Image000038.jpg,9,8,110_SIGN,539,779,548,787
1277388138Image000038.jpg,13,13,50_SIGN,1032,677,1045,690
1277388138Image000038.jpg,16,13,50_SIGN,850,696,866,709
1277388138Image000038.jpg,8,9,GIVE_WAY,1027,696,1035,705
1277388138Image000038.jpg,8,9,110_SIGN,657,771,665,780
1277388138Image000038.jpg,9,8,110_SIGN,539,779,548,787
1277388138Image000038.jpg,13,13,50_SIGN,1032,677,1045,690
1277388138Image000038.jpg,16,13,50_SIGN,850,696,866,709
1277388138Image000038.jpg,8,9,GIVE_WAY,1027,696,1035,705
1277388138Image000038.jpg,8,9,110_SIGN,657,771,665,780
1277388138Image000038.jpg,9,8,110_SIGN,539,779,548,787
1277388138Image000043.jpg,10,9,GIVE_WAY,1129,683,1139,692
1277388138Image000043.jpg,15,15,50_SIGN,1079,665,1094,680
1277388138Image000043.jpg,13,12,GIVE_WAY,1057,687,1070,699
1277388138Image000043.jpg,18,13,50_SIGN,874,685,892,698
1277388138Image000043.jpg,10,9,110_SIGN,659,771,669,780
1277388138Image000043.jpg,7,10,110_SIGN,533,776,540,786
1277388138Image000043.jpg,10,9,GIVE_WAY,1129,683,1139,692
1277388138Image000043.jpg,15,15,50_SIGN,1079,665,1094,680
1277388138Image000043.jpg,13,12,GIVE_WAY,1057,687,1070,699
1277388138Image000043.jpg,18,13,50_SIGN,874,685,892,698
1277388138Image000043.jpg,10,9,110_SIGN,659,771,669,780
1277388138Image000043.jpg,7,10,110_SIGN,533,776,540,786
1277388138Image000043.jpg,10,9,GIVE_WAY,1129,683,1139,692
1277388138Image000043.jpg,15,15,50_SIGN,1079,665,1094,680
1277388138Image000043.jpg,13,12,GIVE_WAY,1057,687,1070,699
1277388138Image000043.jpg,18,13,50_SIGN,874,685,892,698
1277388138Image000043.jpg,10,9,110_SIGN,659,771,669,780
1277388138Image000043.jpg,7,10,110_SIGN,533,776,540,786
1277388138Image000043.jpg,10,9,GIVE_WAY,1129,683,1139,692
1277388138Image000043.jpg,15,15,50_SIGN,1079,665,1094,680
1277388138Image000043.jpg,13,12,GIVE_WAY,1057,687,1070,699
1277388138Image000043.jpg,18,13,50_SIGN,874,685,892,698
1277388138Image000043.jpg,10,9,110_SIGN,659,771,669,780
1277388138Image000043.jpg,7,10,110_SIGN,533,776,540,786
1277388138Image000043.jpg,10,9,GIVE_WAY,1129,683,1139,692
1277388138Image000043.jpg,15,15,50_SIGN,1079,665,1094,680
1277388138Image000043.jpg,13,12,GIVE_WAY,1057,687,1070,699
1277388138Image000043.jpg,18,13,50_SIGN,874,685,892,698
1277388138Image000043.jpg,10,9,110_SIGN,659,771,669,780
1277388138Image000043.jpg,7,10,110_SIGN,533,776,540,786
1277388138Image000043.jpg,10,9,GIVE_WAY,1129,683,1139,692
1277388138Image000043.jpg,15,15,50_SIGN,1079,665,1094,680
1277388138Image000043.jpg,13,12,GIVE_WAY,1057,687,1070,699
1277388138Image000043.jpg,18,13,50_SIGN,874,685,892,698
1277388138Image000043.jpg,10,9,110_SIGN,659,771,669,780
1277388138Image000043.jpg,7,10,110_SIGN,533,776,540,786
1277388138Image000043.jpg,10,9,GIVE_WAY,1129,683,1139,692
1277388138Image000043.jpg,15,15,50_SIGN,1079,665,1094,680
1277388138Image000043.jpg,13,12,GIVE_WAY,1057,687,1070,699
1277388138Image000043.jpg,18,13,50_SIGN,874,685,892,698
1277388138Image000043.jpg,10,9,110_SIGN,659,771,669,780
1277388138Image000043.jpg,7,10,110_SIGN,533,776,540,786
1277388138Image000048.jpg,19,18,50_SIGN,1131,651,1150,669
1277388138Image000048.jpg,17,16,50_SIGN,905,674,922,690
1277388138Image000048.jpg,9,8,110_SIGN,660,772,669,780
1277388138Image000048.jpg,11,10,110_SIGN,527,779,538,789
1277388138Image000048.jpg,19,18,50_SIGN,1131,651,1150,669
1277388138Image000048.jpg,17,16,50_SIGN,905,674,922,690
1277388138Image000048.jpg,9,8,110_SIGN,660,772,669,780
1277388138Image000048.jpg,11,10,110_SIGN,527,779,538,789
1277388138Image000048.jpg,19,18,50_SIGN,1131,651,1150,669
1277388138Image000048.jpg,17,16,50_SIGN,905,674,922,690
1277388138Image000048.jpg,9,8,110_SIGN,660,772,669,780
1277388138Image000048.jpg,11,10,110_SIGN,527,779,538,789
1277388138Image000048.jpg,19,18,50_SIGN,1131,651,1150,669
1277388138Image000048.jpg,17,16,50_SIGN,905,674,922,690
1277388138Image000048.jpg,9,8,110_SIGN,660,772,669,780
1277388138Image000048.jpg,11,10,110_SIGN,527,779,538,789
1277388138Image000048.jpg,19,18,50_SIGN,1131,651,1150,669
1277388138Image000048.jpg,17,16,50_SIGN,905,674,922,690
1277388138Image000048.jpg,9,8,110_SIGN,660,772,669,780
1277388138Image000048.jpg,11,10,110_SIGN,527,779,538,789
1277388138Image000053.jpg,20,18,50_SIGN,1226,629,1246,647
1277388138Image000053.jpg,20,17,50_SIGN,957,656,977,673
1277388138Image000053.jpg,16,13,110_SIGN,663,770,679,783
1277388138Image000053.jpg,8,8,110_SIGN,523,782,531,790
1277388138Image000053.jpg,20,18,50_SIGN,1226,629,1246,647
1277388138Image000053.jpg,20,17,50_SIGN,957,656,977,673
1277388138Image000053.jpg,16,13,110_SIGN,663,770,679,783
1277388138Image000053.jpg,8,8,110_SIGN,523,782,531,790
1277388138Image000053.jpg,20,18,50_SIGN,1226,629,1246,647
1277388138Image000053.jpg,20,17,50_SIGN,957,656,977,673
1277388138Image000053.jpg,16,13,110_SIGN,663,770,679,783
1277388138Image000053.jpg,8,8,110_SIGN,523,782,531,790
1277388138Image000053.jpg,20,18,50_SIGN,1226,629,1246,647
1277388138Image000053.jpg,20,17,50_SIGN,957,656,977,673
1277388138Image000053.jpg,16,13,110_SIGN,663,770,679,783
1277388138Image000053.jpg,8,8,110_SIGN,523,782,531,790
1277388138Image000053.jpg,20,18,50_SIGN,1226,629,1246,647
1277388138Image000053.jpg,20,17,50_SIGN,957,656,977,673
1277388138Image000053.jpg,16,13,110_SIGN,663,770,679,783
1277388138Image000053.jpg,8,8,110_SIGN,523,782,531,790
1277388138Image000058.jpg,22,21,50_SIGN,1001,638,1023,659
1277388138Image000058.jpg,9,11,110_SIGN,670,769,679,780
1277388138Image000058.jpg,8,9,50_SIGN,520,780,528,789
1277388138Image000058.jpg,22,21,50_SIGN,1001,638,1023,659
1277388138Image000058.jpg,9,11,110_SIGN,670,769,679,780
1277388138Image000058.jpg,8,9,50_SIGN,520,780,528,789
1277388138Image000058.jpg,22,21,50_SIGN,1001,638,1023,659
1277388138Image000058.jpg,9,11,110_SIGN,670,769,679,780
1277388138Image000058.jpg,8,9,50_SIGN,520,780,528,789
1277388138Image000058.jpg,22,21,50_SIGN,1001,638,1023,659
1277388138Image000058.jpg,9,11,110_SIGN,670,769,679,780
1277388138Image000058.jpg,8,9,50_SIGN,520,780,528,789
1277388138Image000063.jpg,28,22,50_SIGN,1058,618,1086,640
1277388138Image000063.jpg,10,10,110_SIGN,674,770,684,780
1277388138Image000063.jpg,12,10,110_SIGN,514,779,526,789
1277388138Image000063.jpg,28,22,50_SIGN,1058,618,1086,640
1277388138Image000063.jpg,10,10,110_SIGN,674,770,684,780
1277388138Image000063.jpg,12,10,110_SIGN,514,779,526,789
1277388138Image000063.jpg,28,22,50_SIGN,1058,618,1086,640
1277388138Image000063.jpg,10,10,110_SIGN,674,770,684,780
1277388138Image000063.jpg,12,10,110_SIGN,514,779,526,789
1277388138Image000063.jpg,28,22,50_SIGN,1058,618,1086,640
1277388138Image000063.jpg,10,10,110_SIGN,674,770,684,780
1277388138Image000063.jpg,12,10,110_SIGN,514,779,526,789
1277388138Image000068.jpg,28,27,50_SIGN,1150,585,1178,612
1277388138Image000068.jpg,11,11,110_SIGN,682,769,693,780
1277388138Image000068.jpg,12,11,110_SIGN,511,778,523,789
1277388138Image000068.jpg,28,27,50_SIGN,1150,585,1178,612
1277388138Image000068.jpg,11,11,110_SIGN,682,769,693,780
1277388138Image000068.jpg,12,11,110_SIGN,511,778,523,789
1277388138Image000068.jpg,28,27,50_SIGN,1150,585,1178,612
1277388138Image000068.jpg,11,11,110_SIGN,682,769,693,780
1277388138Image000068.jpg,12,11,110_SIGN,511,778,523,789
1277388138Image000068.jpg,28,27,50_SIGN,1150,585,1178,612
1277388138Image000068.jpg,11,11,110_SIGN,682,769,693,780
1277388138Image000068.jpg,12,11,110_SIGN,511,778,523,789
1277388138Image000073.jpg,12,14,110_SIGN,690,765,702,779
1277388138Image000073.jpg,12,12,110_SIGN,501,777,513,789
1277388138Image000073.jpg,12,14,110_SIGN,690,765,702,779
1277388138Image000073.jpg,12,12,110_SIGN,501,777,513,789
1277388138Image000078.jpg,13,14,110_SIGN,698,766,711,780
1277388138Image000078.jpg,13,12,110_SIGN,489,778,502,790
1277388138Image000078.jpg,13,14,110_SIGN,698,766,711,780
1277388138Image000078.jpg,13,12,110_SIGN,489,778,502,790
1277388138Image000083.jpg,16,15,110_SIGN,707,760,723,775
1277388138Image000083.jpg,16,15,110_SIGN,473,774,489,789
1277388138Image000083.jpg,16,15,110_SIGN,707,760,723,775
1277388138Image000083.jpg,16,15,110_SIGN,473,774,489,789
1277388138Image000088.jpg,14,14,110_SIGN,718,759,732,773
1277388138Image000088.jpg,16,17,110_SIGN,456,774,472,791
1277388138Image000088.jpg,14,14,110_SIGN,718,759,732,773
1277388138Image000088.jpg,16,17,110_SIGN,456,774,472,791
1277388138Image000093.jpg,20,19,110_SIGN,733,758,753,777
1277388138Image000093.jpg,20,19,110_SIGN,424,776,444,795
1277388138Image000093.jpg,20,19,110_SIGN,733,758,753,777
1277388138Image000093.jpg,20,19,110_SIGN,424,776,444,795
1277388138Image000098.jpg,24,22,110_SIGN,755,747,779,769
1277388138Image000098.jpg,26,22,110_SIGN,386,768,412,790
1277388138Image000098.jpg,24,22,110_SIGN,755,747,779,769
1277388138Image000098.jpg,26,22,110_SIGN,386,768,412,790
1277388138Image000103.jpg,30,28,110_SIGN,790,744,820,772
1277388138Image000103.jpg,29,27,110_SIGN,334,769,363,796
1277388138Image000103.jpg,30,28,110_SIGN,790,744,820,772
1277388138Image000103.jpg,29,27,110_SIGN,334,769,363,796
1277388138Image000108.jpg,34,33,110_SIGN,825,736,859,769
1277388138Image000108.jpg,36,33,110_SIGN,276,764,312,797
1277388138Image000108.jpg,34,33,110_SIGN,825,736,859,769
1277388138Image000108.jpg,36,33,110_SIGN,276,764,312,797
1277388297Image000002.jpg,13,13,110_SIGN,764,762,777,775
1277388297Image000007.jpg,16,16,110_SIGN,784,755,800,771
1277388297Image000012.jpg,19,18,110_SIGN,815,743,834,761
1277388297Image000017.jpg,20,19,110_SIGN,848,740,868,759
1277388297Image000022.jpg,27,25,110_SIGN,903,728,930,753
1277388297Image000027.jpg,33,34,110_SIGN,1014,713,1047,747
1277388297Image000032.jpg,43,43,110_SIGN,1131,689,1174,732
1277388484Image000016.jpg,14,13,NO_STOPPING_NO_STANDING,697,769,711,782
1277388484Image000026.jpg,19,19,NO_STOPPING_NO_STANDING,773,753,792,772
1277388484Image000026.jpg,19,19,NO_STOPPING_NO_STANDING,773,753,792,772
1277388484Image000031.jpg,24,24,NO_STOPPING_NO_STANDING,848,746,872,770
1277388484Image000031.jpg,24,24,NO_STOPPING_NO_STANDING,848,746,872,770
1277388484Image000036.jpg,30,32,NO_STOPPING_NO_STANDING,915,730,945,762
1277388484Image000036.jpg,30,32,NO_STOPPING_NO_STANDING,915,730,945,762
1277388484Image000041.jpg,40,42,NO_STOPPING_NO_STANDING,1055,700,1095,742
1277388484Image000041.jpg,40,42,NO_STOPPING_NO_STANDING,1055,700,1095,742
1277388914Image000001.jpg,12,12,70_SIGN,647,750,659,762
1277388914Image000001.jpg,12,12,70_SIGN,647,750,659,762
1277388914Image000006.jpg,12,13,70_SIGN,672,751,684,764
1277388914Image000006.jpg,12,13,70_SIGN,672,751,684,764
1277388914Image000011.jpg,15,13,70_SIGN,695,753,710,766
1277388914Image000011.jpg,15,13,70_SIGN,695,753,710,766
1277388914Image000016.jpg,16,15,70_SIGN,742,749,758,764
1277388914Image000016.jpg,16,15,70_SIGN,742,749,758,764
1277388914Image000021.jpg,17,17,70_SIGN,788,752,805,769
1277388914Image000021.jpg,17,17,70_SIGN,788,752,805,769
1277388914Image000026.jpg,18,20,70_SIGN,835,748,853,768
1277388914Image000026.jpg,18,20,70_SIGN,835,748,853,768
1277388914Image000031.jpg,22,22,70_SIGN,894,744,916,766
1277388914Image000031.jpg,22,22,70_SIGN,894,744,916,766
1277388914Image000036.jpg,32,30,70_SIGN,1080,729,1112,759
1277388914Image000036.jpg,32,30,70_SIGN,1080,729,1112,759
1277388958Image000006.jpg,12,10,70_SIGN,699,756,711,766
1277388958Image000006.jpg,10,9,70_SIGN,835,748,845,757
1277388958Image000006.jpg,12,10,70_SIGN,699,756,711,766
1277388958Image000006.jpg,10,9,70_SIGN,835,748,845,757
1277388958Image000011.jpg,11,12,70_SIGN,706,752,717,764
1277388958Image000011.jpg,13,15,70_SIGN,848,744,861,759
1277388958Image000011.jpg,15,10,GIVE_WAY,882,738,897,748
1277388958Image000011.jpg,11,12,70_SIGN,706,752,717,764
1277388958Image000011.jpg,13,15,70_SIGN,848,744,861,759
1277388958Image000011.jpg,15,10,GIVE_WAY,882,738,897,748
1277388958Image000011.jpg,11,12,70_SIGN,706,752,717,764
1277388958Image000011.jpg,13,15,70_SIGN,848,744,861,759
1277388958Image000011.jpg,15,10,GIVE_WAY,882,738,897,748
1277388958Image000016.jpg,14,14,70_SIGN,715,750,729,764
1277388958Image000016.jpg,14,12,70_SIGN,875,743,889,755
1277388958Image000016.jpg,14,12,GIVE_WAY,910,737,924,749
1277388958Image000016.jpg,14,14,70_SIGN,715,750,729,764
1277388958Image000016.jpg,14,12,70_SIGN,875,743,889,755
1277388958Image000016.jpg,14,12,GIVE_WAY,910,737,924,749
1277388958Image000016.jpg,14,14,70_SIGN,715,750,729,764
1277388958Image000016.jpg,14,12,70_SIGN,875,743,889,755
1277388958Image000016.jpg,14,12,GIVE_WAY,910,737,924,749
1277388958Image000021.jpg,15,12,70_SIGN,726,753,741,765
1277388958Image000021.jpg,14,14,70_SIGN,903,741,917,755
1277388958Image000021.jpg,16,14,GIVE_WAY,936,734,952,748
1277388958Image000021.jpg,15,12,70_SIGN,726,753,741,765
1277388958Image000021.jpg,14,14,70_SIGN,903,741,917,755
1277388958Image000021.jpg,16,14,GIVE_WAY,936,734,952,748
1277388958Image000021.jpg,15,12,70_SIGN,726,753,741,765
1277388958Image000021.jpg,14,14,70_SIGN,903,741,917,755
1277388958Image000021.jpg,16,14,GIVE_WAY,936,734,952,748
1277388958Image000026.jpg,14,15,70_SIGN,748,753,762,768
1277388958Image000026.jpg,18,18,70_SIGN,946,742,964,760
1277388958Image000026.jpg,16,13,GIVE_WAY,976,737,992,750
1277388958Image000026.jpg,14,15,70_SIGN,748,753,762,768
1277388958Image000026.jpg,18,18,70_SIGN,946,742,964,760
1277388958Image000026.jpg,16,13,GIVE_WAY,976,737,992,750
1277388958Image000026.jpg,14,15,70_SIGN,748,753,762,768
1277388958Image000026.jpg,18,18,70_SIGN,946,742,964,760
1277388958Image000026.jpg,16,13,GIVE_WAY,976,737,992,750
1277388958Image000031.jpg,19,17,70_SIGN,767,748,786,765
1277388958Image000031.jpg,20,17,70_SIGN,990,736,1010,753
1277388958Image000031.jpg,20,19,GIVE_WAY,1017,728,1037,747
1277388958Image000031.jpg,19,17,70_SIGN,767,748,786,765
1277388958Image000031.jpg,20,17,70_SIGN,990,736,1010,753
1277388958Image000031.jpg,20,19,GIVE_WAY,1017,728,1037,747
1277388958Image000031.jpg,19,17,70_SIGN,767,748,786,765
1277388958Image000031.jpg,20,17,70_SIGN,990,736,1010,753
1277388958Image000031.jpg,20,19,GIVE_WAY,1017,728,1037,747
1277388958Image000041.jpg,21,23,70_SIGN,824,747,845,770
1277388958Image000041.jpg,23,19,70_SIGN,1110,732,1133,751
1277388958Image000041.jpg,23,20,GIVE_WAY,1120,727,1143,747
1277388958Image000041.jpg,21,23,70_SIGN,824,747,845,770
1277388958Image000041.jpg,23,19,70_SIGN,1110,732,1133,751
1277388958Image000041.jpg,23,20,GIVE_WAY,1120,727,1143,747
1277388958Image000041.jpg,21,23,70_SIGN,824,747,845,770
1277388958Image000041.jpg,23,19,70_SIGN,1110,732,1133,751
1277388958Image000041.jpg,23,20,GIVE_WAY,1120,727,1143,747
1277388958Image000046.jpg,27,29,70_SIGN,893,736,920,765
1277388958Image000046.jpg,31,34,GIVE_WAY,1238,704,1269,738
1277388958Image000046.jpg,27,29,70_SIGN,893,736,920,765
1277388958Image000046.jpg,31,34,GIVE_WAY,1238,704,1269,738
1277388958Image000056.jpg,47,47,70_SIGN,1083,708,1130,755
1277388992Image000003.jpg,12,13,110_SIGN,642,771,654,784
1277388992Image000003.jpg,12,13,110_SIGN,642,771,654,784
1277388992Image000008.jpg,12,13,110_SIGN,649,769,661,782
1277388992Image000008.jpg,12,13,110_SIGN,649,769,661,782
1277388992Image000013.jpg,13,13,110_SIGN,659,763,672,776
1277388992Image000013.jpg,13,13,110_SIGN,659,763,672,776
1277388992Image000018.jpg,15,14,110_SIGN,678,755,693,769
1277388992Image000018.jpg,15,14,110_SIGN,678,755,693,769
1277388992Image000023.jpg,18,18,110_SIGN,689,756,707,774
1277388992Image000023.jpg,18,18,110_SIGN,689,756,707,774
1277388992Image000028.jpg,19,18,110_SIGN,716,753,735,771
1277388992Image000028.jpg,19,18,110_SIGN,716,753,735,771
1277388992Image000033.jpg,21,20,110_SIGN,738,746,759,766
1277388992Image000038.jpg,27,25,110_SIGN,762,739,789,764
1277388992Image000043.jpg,33,30,110_SIGN,810,724,843,754
1277388992Image000048.jpg,39,39,110_SIGN,863,709,902,748
1277388992Image000053.jpg,51,50,110_SIGN,946,682,997,732
1277389032Image000004.jpg,9,11,120_SIGN,604,776,613,787
1277389032Image000004.jpg,8,10,120_SIGN,472,776,480,786
1277389032Image000004.jpg,9,11,120_SIGN,604,776,613,787
1277389032Image000004.jpg,8,10,120_SIGN,472,776,480,786
1277389032Image000009.jpg,9,11,120_SIGN,614,775,623,786
1277389032Image000009.jpg,10,11,120_SIGN,470,776,480,787
1277389032Image000009.jpg,9,11,120_SIGN,614,775,623,786
1277389032Image000009.jpg,10,11,120_SIGN,470,776,480,787
1277389032Image000014.jpg,10,11,120_SIGN,624,776,634,787
1277389032Image000014.jpg,9,14,120_SIGN,468,776,477,790
1277389032Image000014.jpg,10,11,120_SIGN,624,776,634,787
1277389032Image000014.jpg,9,14,120_SIGN,468,776,477,790
1277389032Image000019.jpg,10,10,120_SIGN,637,776,647,786
1277389032Image000019.jpg,11,12,120_SIGN,469,776,480,788
1277389032Image000019.jpg,10,10,120_SIGN,637,776,647,786
1277389032Image000019.jpg,11,12,120_SIGN,469,776,480,788
1277389032Image000024.jpg,10,10,120_SIGN,652,774,662,784
1277389032Image000024.jpg,11,14,120_SIGN,470,773,481,787
1277389032Image000024.jpg,10,10,120_SIGN,652,774,662,784
1277389032Image000024.jpg,11,14,120_SIGN,470,773,481,787
1277389032Image000029.jpg,12,12,120_SIGN,666,771,678,783
1277389032Image000029.jpg,12,14,120_SIGN,470,772,482,786
1277389032Image000029.jpg,12,12,120_SIGN,666,771,678,783
1277389032Image000029.jpg,12,14,120_SIGN,470,772,482,786
1277389032Image000034.jpg,14,14,120_SIGN,680,768,694,782
1277389032Image000034.jpg,14,15,120_SIGN,468,770,482,785
1277389032Image000034.jpg,14,14,120_SIGN,680,768,694,782
1277389032Image000034.jpg,14,15,120_SIGN,468,770,482,785
1277389032Image000039.jpg,14,14,120_SIGN,711,766,725,780
1277389032Image000039.jpg,16,16,120_SIGN,461,769,477,785
1277389032Image000039.jpg,14,14,120_SIGN,711,766,725,780
1277389032Image000039.jpg,16,16,120_SIGN,461,769,477,785
1277389032Image000044.jpg,19,17,120_SIGN,735,757,754,774
1277389032Image000044.jpg,18,18,120_SIGN,451,761,469,779
1277389032Image000044.jpg,19,17,120_SIGN,735,757,754,774
1277389032Image000044.jpg,18,18,120_SIGN,451,761,469,779
1277389032Image000049.jpg,18,20,120_SIGN,768,753,786,773
1277389032Image000049.jpg,21,19,120_SIGN,434,756,455,775
1277389032Image000049.jpg,18,20,120_SIGN,768,753,786,773
1277389032Image000049.jpg,21,19,120_SIGN,434,756,455,775
1277389032Image000054.jpg,23,24,120_SIGN,799,746,822,770
1277389032Image000054.jpg,23,22,120_SIGN,415,754,438,776
1277389032Image000054.jpg,23,24,120_SIGN,799,746,822,770
1277389032Image000054.jpg,23,22,120_SIGN,415,754,438,776
1277389032Image000059.jpg,26,26,120_SIGN,843,743,869,769
1277389032Image000059.jpg,28,27,120_SIGN,386,749,414,776
1277389032Image000059.jpg,26,26,120_SIGN,843,743,869,769
1277389032Image000059.jpg,28,27,120_SIGN,386,749,414,776
1277389032Image000064.jpg,36,35,120_SIGN,918,727,954,762
1277389032Image000064.jpg,34,40,120_SIGN,330,735,364,775
1277389032Image000064.jpg,36,35,120_SIGN,918,727,954,762
1277389032Image000064.jpg,34,40,120_SIGN,330,735,364,775
1277389032Image000069.jpg,50,46,120_SIGN,1051,702,1101,748
1277389032Image000069.jpg,50,52,120_SIGN,226,714,276,766
1277389032Image000069.jpg,50,46,120_SIGN,1051,702,1101,748
1277389032Image000069.jpg,50,52,120_SIGN,226,714,276,766
1277389150Image000004.jpg,18,18,50_SIGN,1021,734,1039,752
1277389150Image000004.jpg,16,21,50_SIGN,774,757,790,778
1277389150Image000004.jpg,18,18,50_SIGN,1021,734,1039,752
1277389150Image000004.jpg,16,21,50_SIGN,774,757,790,778
1277389150Image000004.jpg,18,18,50_SIGN,1021,734,1039,752
1277389150Image000004.jpg,16,21,50_SIGN,774,757,790,778
1277389150Image000009.jpg,25,20,50_SIGN,1080,720,1105,740
1277389150Image000009.jpg,19,20,50_SIGN,798,749,817,769
1277389150Image000009.jpg,25,20,50_SIGN,1080,720,1105,740
1277389150Image000009.jpg,19,20,50_SIGN,798,749,817,769
1277389150Image000009.jpg,25,20,50_SIGN,1080,720,1105,740
1277389150Image000009.jpg,19,20,50_SIGN,798,749,817,769
1277389150Image000014.jpg,24,24,50_SIGN,1183,704,1207,728
1277389150Image000014.jpg,23,23,50_SIGN,841,740,864,763
1277389150Image000014.jpg,24,24,50_SIGN,1183,704,1207,728
1277389150Image000014.jpg,23,23,50_SIGN,841,740,864,763
1277389150Image000014.jpg,24,24,50_SIGN,1183,704,1207,728
1277389150Image000014.jpg,23,23,50_SIGN,841,740,864,763
1277389150Image000019.jpg,35,35,50_SIGN,944,720,979,755
1277389150Image000024.jpg,54,49,50_SIGN,1088,700,1142,749
1277389179Image000001.jpg,9,9,120_SIGN,731,772,740,781
1277389179Image000006.jpg,9,10,120_SIGN,729,771,738,781
1277389179Image000011.jpg,11,11,120_SIGN,724,768,735,779
1277389179Image000016.jpg,10,11,120_SIGN,724,768,734,779
1277389179Image000026.jpg,13,12,120_SIGN,729,768,742,780
1277389179Image000031.jpg,13,14,120_SIGN,733,762,746,776
1277389179Image000036.jpg,15,15,120_SIGN,740,760,755,775
1277389179Image000041.jpg,18,18,120_SIGN,755,752,773,770
1277389179Image000046.jpg,18,19,120_SIGN,770,749,788,768
1277389179Image000051.jpg,26,27,120_SIGN,810,740,836,767
1277389179Image000056.jpg,34,35,120_SIGN,874,723,908,758
1277389179Image000061.jpg,46,45,120_SIGN,952,701,998,746
1277389179Image000066.jpg,65,67,120_SIGN,1098,660,1163,727
1277389506Image000001.jpg,7,9,120_SIGN,717,772,724,781
1277389506Image000001.jpg,7,9,120_SIGN,717,772,724,781
1277389506Image000011.jpg,9,10,120_SIGN,713,772,722,782
1277389506Image000011.jpg,9,10,120_SIGN,713,772,722,782
1277389506Image000016.jpg,10,9,120_SIGN,711,773,721,782
1277389506Image000016.jpg,10,9,120_SIGN,711,773,721,782
1277389506Image000021.jpg,10,11,120_SIGN,710,769,720,780
1277389506Image000021.jpg,10,11,120_SIGN,710,769,720,780
1277389506Image000026.jpg,11,10,120_SIGN,710,771,721,781
1277389506Image000026.jpg,11,10,120_SIGN,710,771,721,781
1277389506Image000036.jpg,13,14,120_SIGN,708,765,721,779
1277389506Image000036.jpg,13,14,120_SIGN,708,765,721,779
1277389506Image000041.jpg,14,15,120_SIGN,712,761,726,776
1277389506Image000041.jpg,14,15,120_SIGN,712,761,726,776
1277389506Image000051.jpg,21,23,120_SIGN,744,747,765,770
1277389506Image000056.jpg,26,24,120_SIGN,766,742,792,766
1277389506Image000061.jpg,31,32,120_SIGN,800,729,831,761
1277389506Image000066.jpg,44,44,120_SIGN,882,708,926,752
1277389506Image000071.jpg,64,67,120_SIGN,1003,660,1067,727
1277389846Image000001.jpg,8,8,120_SIGN,663,760,671,768
1277389846Image000001.jpg,8,8,120_SIGN,663,760,671,768
1277389846Image000006.jpg,9,9,120_SIGN,663,758,672,767
1277389846Image000006.jpg,9,9,120_SIGN,663,758,672,767
1277389846Image000011.jpg,9,9,120_SIGN,665,759,674,768
1277389846Image000011.jpg,9,9,120_SIGN,665,759,674,768
1277389846Image000016.jpg,10,10,120_SIGN,668,759,678,769
1277389846Image000016.jpg,10,10,120_SIGN,668,759,678,769
1277389846Image000021.jpg,12,12,120_SIGN,671,763,683,775
1277389846Image000021.jpg,12,12,120_SIGN,671,763,683,775
1277389846Image000026.jpg,13,12,120_SIGN,681,759,694,771
1277389846Image000026.jpg,13,12,120_SIGN,681,759,694,771
1277389846Image000031.jpg,13,15,120_SIGN,687,758,700,773
1277389846Image000031.jpg,13,15,120_SIGN,687,758,700,773
1277389846Image000036.jpg,13,15,120_SIGN,699,755,712,770
1277389846Image000036.jpg,13,15,120_SIGN,699,755,712,770
1277389846Image000041.jpg,16,17,120_SIGN,709,759,725,776
1277389846Image000041.jpg,16,17,120_SIGN,709,759,725,776
1277389846Image000051.jpg,19,20,120_SIGN,740,753,759,773
1277389846Image000051.jpg,19,20,120_SIGN,740,753,759,773
1277389846Image000056.jpg,23,24,120_SIGN,765,748,788,772
1277389846Image000056.jpg,23,24,120_SIGN,765,748,788,772
1277389846Image000066.jpg,43,45,120_SIGN,939,699,982,744
1277389846Image000066.jpg,43,45,120_SIGN,939,699,982,744
1277389846Image000071.jpg,71,74,120_SIGN,1094,654,1165,728
1277389846Image000071.jpg,71,74,120_SIGN,1094,654,1165,728
1277390342Image000004.jpg,9,10,120_SIGN,618,767,627,777
1277390342Image000009.jpg,10,11,120_SIGN,623,770,633,781
1277390342Image000014.jpg,11,10,120_SIGN,627,767,638,777
1277390342Image000019.jpg,12,12,120_SIGN,637,767,649,779
1277390342Image000024.jpg,11,10,120_SIGN,649,765,660,775
1277390342Image000029.jpg,14,15,120_SIGN,670,759,684,774
1277390342Image000034.jpg,15,15,120_SIGN,684,756,699,771
1277390342Image000039.jpg,19,18,120_SIGN,715,753,734,771
1277390342Image000044.jpg,21,22,120_SIGN,745,742,766,764
1277390342Image000049.jpg,24,25,120_SIGN,785,737,809,762
1277390342Image000054.jpg,33,36,120_SIGN,841,721,874,757
1277390342Image000059.jpg,41,45,120_SIGN,939,700,980,745
1277390814Image000001.jpg,15,15,120_SIGN,712,759,727,774
1277390814Image000006.jpg,18,17,120_SIGN,724,753,742,770
1277390814Image000011.jpg,18,20,120_SIGN,742,747,760,767
1277390814Image000016.jpg,22,23,120_SIGN,765,743,787,766
1277390814Image000021.jpg,25,27,120_SIGN,803,734,828,761
1277390814Image000026.jpg,34,37,120_SIGN,851,719,885,756
1277390814Image000031.jpg,44,41,120_SIGN,923,702,967,743
1277390814Image000036.jpg,75,82,120_SIGN,1201,621,1276,703
1277391485Image000002.jpg,13,13,70_SIGN,979,749,992,762
1277391485Image000002.jpg,15,15,70_SIGN,705,761,720,776
1277391485Image000002.jpg,13,13,70_SIGN,979,749,992,762
1277391485Image000002.jpg,15,15,70_SIGN,705,761,720,776
1277391485Image000007.jpg,16,16,70_SIGN,974,747,990,763
1277391485Image000007.jpg,15,14,70_SIGN,683,762,698,776
1277391485Image000007.jpg,16,16,70_SIGN,974,747,990,763
1277391485Image000007.jpg,15,14,70_SIGN,683,762,698,776
1277391485Image000017.jpg,20,18,70_SIGN,962,738,982,756
1277391485Image000017.jpg,18,18,70_SIGN,610,754,628,772
1277391485Image000017.jpg,20,18,70_SIGN,962,738,982,756
1277391485Image000017.jpg,18,18,70_SIGN,610,754,628,772
1277391485Image000022.jpg,17,18,70_SIGN,957,734,974,752
1277391485Image000022.jpg,22,21,70_SIGN,567,749,589,770
1277391485Image000022.jpg,17,18,70_SIGN,957,734,974,752
1277391485Image000022.jpg,22,21,70_SIGN,567,749,589,770
1277391485Image000027.jpg,26,22,70_SIGN,938,727,964,749
1277391485Image000027.jpg,25,26,70_SIGN,493,749,518,775
1277391485Image000027.jpg,26,22,70_SIGN,938,727,964,749
1277391485Image000027.jpg,25,26,70_SIGN,493,749,518,775
1277391485Image000032.jpg,25,25,70_SIGN,936,721,961,746
1277391485Image000032.jpg,24,26,70_SIGN,439,749,463,775
1277391485Image000032.jpg,25,25,70_SIGN,936,721,961,746
1277391485Image000032.jpg,24,26,70_SIGN,439,749,463,775
1277391485Image000042.jpg,33,34,70_SIGN,959,715,992,749
1277391485Image000042.jpg,32,33,70_SIGN,280,745,312,778
1277391485Image000042.jpg,33,34,70_SIGN,959,715,992,749
1277391485Image000042.jpg,32,33,70_SIGN,280,745,312,778
1277391485Image000057.jpg,61,68,70_SIGN,1175,646,1236,714
1277391503Image000003.jpg,15,18,110_SIGN,869,745,884,763
1277391503Image000003.jpg,17,16,110_SIGN,586,757,603,773
1277391503Image000003.jpg,15,18,110_SIGN,869,745,884,763
1277391503Image000003.jpg,17,16,110_SIGN,586,757,603,773
1277391503Image000003.jpg,15,18,110_SIGN,869,745,884,763
1277391503Image000003.jpg,17,16,110_SIGN,586,757,603,773
1277391503Image000013.jpg,19,20,110_SIGN,891,742,910,762
1277391503Image000013.jpg,19,20,110_SIGN,557,754,576,774
1277391503Image000013.jpg,19,20,110_SIGN,891,742,910,762
1277391503Image000013.jpg,19,20,110_SIGN,557,754,576,774
1277391503Image000013.jpg,19,20,110_SIGN,891,742,910,762
1277391503Image000013.jpg,19,20,110_SIGN,557,754,576,774
1277391503Image000018.jpg,22,23,110_SIGN,898,744,920,767
1277391503Image000018.jpg,21,21,110_SIGN,532,765,553,786
1277391503Image000018.jpg,22,23,110_SIGN,898,744,920,767
1277391503Image000018.jpg,21,21,110_SIGN,532,765,553,786
1277391503Image000018.jpg,22,23,110_SIGN,898,744,920,767
1277391503Image000018.jpg,21,21,110_SIGN,532,765,553,786
1277391503Image000023.jpg,25,22,110_SIGN,903,731,928,753
1277391503Image000023.jpg,25,24,110_SIGN,486,753,511,777
1277391503Image000023.jpg,25,22,110_SIGN,903,731,928,753
1277391503Image000023.jpg,25,24,110_SIGN,486,753,511,777
1277391503Image000023.jpg,25,22,110_SIGN,903,731,928,753
1277391503Image000023.jpg,25,24,110_SIGN,486,753,511,777
1277391503Image000028.jpg,29,27,110_SIGN,905,720,934,747
1277391503Image000028.jpg,26,30,110_SIGN,415,746,441,776
1277391503Image000028.jpg,29,27,110_SIGN,905,720,934,747
1277391503Image000028.jpg,26,30,110_SIGN,415,746,441,776
1277391503Image000028.jpg,29,27,110_SIGN,905,720,934,747
1277391503Image000028.jpg,26,30,110_SIGN,415,746,441,776
1277391503Image000033.jpg,32,32,110_SIGN,908,718,940,750
1277391503Image000033.jpg,31,32,110_SIGN,342,748,373,780
1277391503Image000033.jpg,32,32,110_SIGN,908,718,940,750
1277391503Image000033.jpg,31,32,110_SIGN,342,748,373,780
1277391503Image000033.jpg,32,32,110_SIGN,908,718,940,750
1277391503Image000033.jpg,31,32,110_SIGN,342,748,373,780
1277391503Image000038.jpg,42,40,110_SIGN,920,711,962,751
1277391503Image000038.jpg,39,38,110_SIGN,227,750,266,788
1277391503Image000038.jpg,42,40,110_SIGN,920,711,962,751
1277391503Image000038.jpg,39,38,110_SIGN,227,750,266,788
1277391503Image000038.jpg,42,40,110_SIGN,920,711,962,751
1277391503Image000038.jpg,39,38,110_SIGN,227,750,266,788
1277391503Image000043.jpg,49,47,110_SIGN,945,696,994,743
1277391503Image000043.jpg,45,48,110_SIGN,95,744,140,792
1277391503Image000043.jpg,49,47,110_SIGN,945,696,994,743
1277391503Image000043.jpg,45,48,110_SIGN,95,744,140,792
1277391503Image000043.jpg,49,47,110_SIGN,945,696,994,743
1277391503Image000043.jpg,45,48,110_SIGN,95,744,140,792
1277391503Image000048.jpg,71,71,110_SIGN,1018,656,1089,727
1277391503Image000048.jpg,71,71,110_SIGN,1018,656,1089,727
1277391556Image000004.jpg,10,10,110_SIGN,655,773,665,783
1277391556Image000009.jpg,11,10,110_SIGN,665,765,676,775
1277391556Image000014.jpg,10,11,110_SIGN,677,763,687,774
1277391556Image000019.jpg,11,12,110_SIGN,686,762,697,774
1277391556Image000029.jpg,14,14,110_SIGN,702,762,716,776
1277391556Image000034.jpg,16,16,110_SIGN,710,759,726,775
1277391556Image000039.jpg,16,17,110_SIGN,729,752,745,769
1277391556Image000049.jpg,24,28,110_SIGN,787,734,811,762
1277391556Image000054.jpg,29,30,110_SIGN,820,726,849,756
1277391556Image000059.jpg,39,39,110_SIGN,867,725,906,764
1277391556Image000064.jpg,52,55,110_SIGN,970,682,1022,737
1277391585Image000041.jpg,12,12,90_SIGN,685,739,697,751
1277391585Image000041.jpg,12,12,90_SIGN,467,753,479,765
1277391585Image000041.jpg,12,12,90_SIGN,685,739,697,751
1277391585Image000041.jpg,12,12,90_SIGN,467,753,479,765
1277391585Image000041.jpg,12,12,90_SIGN,685,739,697,751
1277391585Image000041.jpg,12,12,90_SIGN,467,753,479,765
1277391585Image000046.jpg,13,13,90_SIGN,696,737,709,750
1277391585Image000046.jpg,12,13,90_SIGN,454,751,466,764
1277391585Image000046.jpg,13,13,90_SIGN,696,737,709,750
1277391585Image000046.jpg,12,13,90_SIGN,454,751,466,764
1277391585Image000046.jpg,13,13,90_SIGN,696,737,709,750
1277391585Image000046.jpg,12,13,90_SIGN,454,751,466,764
1277391585Image000056.jpg,15,17,90_SIGN,724,731,739,748
1277391585Image000056.jpg,16,16,90_SIGN,423,744,439,760
1277391585Image000056.jpg,15,17,90_SIGN,724,731,739,748
1277391585Image000056.jpg,16,16,90_SIGN,423,744,439,760
1277391585Image000056.jpg,15,17,90_SIGN,724,731,739,748
1277391585Image000056.jpg,16,16,90_SIGN,423,744,439,760
1277391585Image000061.jpg,17,16,90_SIGN,742,731,759,747
1277391585Image000061.jpg,21,19,90_SIGN,401,746,422,765
1277391585Image000061.jpg,17,16,90_SIGN,742,731,759,747
1277391585Image000061.jpg,21,19,90_SIGN,401,746,422,765
1277391585Image000061.jpg,17,16,90_SIGN,742,731,759,747
1277391585Image000061.jpg,21,19,90_SIGN,401,746,422,765
1277391585Image000066.jpg,21,21,90_SIGN,757,727,778,748
1277391585Image000066.jpg,22,18,90_SIGN,377,748,399,766
1277391585Image000066.jpg,21,21,90_SIGN,757,727,778,748
1277391585Image000066.jpg,22,18,90_SIGN,377,748,399,766
1277391585Image000066.jpg,21,21,90_SIGN,757,727,778,748
1277391585Image000066.jpg,22,18,90_SIGN,377,748,399,766
1277391585Image000071.jpg,24,24,90_SIGN,776,723,800,747
1277391585Image000071.jpg,24,24,90_SIGN,344,746,368,770
1277391585Image000071.jpg,24,24,90_SIGN,776,723,800,747
1277391585Image000071.jpg,24,24,90_SIGN,344,746,368,770
1277391585Image000071.jpg,24,24,90_SIGN,776,723,800,747
1277391585Image000071.jpg,24,24,90_SIGN,344,746,368,770
1277391585Image000076.jpg,30,29,90_SIGN,812,716,842,745
1277391585Image000076.jpg,30,30,90_SIGN,280,747,310,777
1277391585Image000076.jpg,30,29,90_SIGN,812,716,842,745
1277391585Image000076.jpg,30,30,90_SIGN,280,747,310,777
1277391585Image000076.jpg,30,29,90_SIGN,812,716,842,745
1277391585Image000076.jpg,30,30,90_SIGN,280,747,310,777
1277391585Image000081.jpg,37,39,90_SIGN,870,699,907,738
1277391585Image000081.jpg,38,39,90_SIGN,182,743,220,782
1277391585Image000081.jpg,37,39,90_SIGN,870,699,907,738
1277391585Image000081.jpg,38,39,90_SIGN,182,743,220,782
1277391585Image000081.jpg,37,39,90_SIGN,870,699,907,738
1277391585Image000081.jpg,38,39,90_SIGN,182,743,220,782
1277391585Image000086.jpg,48,50,90_SIGN,939,677,987,727
1277391585Image000086.jpg,50,50,90_SIGN,68,730,118,780
1277391585Image000086.jpg,48,50,90_SIGN,939,677,987,727
1277391585Image000086.jpg,50,50,90_SIGN,68,730,118,780
1277391585Image000086.jpg,48,50,90_SIGN,939,677,987,727
1277391585Image000086.jpg,50,50,90_SIGN,68,730,118,780
1277391585Image000091.jpg,74,71,90_SIGN,1092,623,1166,694
1277391585Image000091.jpg,74,71,90_SIGN,1092,623,1166,694
1277391617Image000001.jpg,12,12,50_SIGN,583,790,595,802
1277391617Image000001.jpg,12,12,50_SIGN,583,790,595,802
1277391617Image000006.jpg,12,13,50_SIGN,591,784,603,797
1277391617Image000006.jpg,12,13,50_SIGN,591,784,603,797
1277391617Image000011.jpg,12,13,50_SIGN,599,793,611,806
1277391617Image000011.jpg,12,13,50_SIGN,599,793,611,806
1277391617Image000016.jpg,15,14,50_SIGN,607,788,622,802
1277391617Image000016.jpg,11,8,GIVE_WAY,452,815,463,823
1277391617Image000016.jpg,7,9,OTHER,454,823,461,832
1277391617Image000016.jpg,8,8,GIVE_WAY,454,815,462,823
1277391617Image000016.jpg,7,9,OTHER,454,823,461,832
1277391617Image000016.jpg,15,14,50_SIGN,607,788,622,802
1277391617Image000016.jpg,11,8,GIVE_WAY,452,815,463,823
1277391617Image000016.jpg,7,9,OTHER,454,823,461,832
1277391617Image000016.jpg,8,8,GIVE_WAY,454,815,462,823
1277391617Image000016.jpg,7,9,OTHER,454,823,461,832
1277391617Image000016.jpg,15,14,50_SIGN,607,788,622,802
1277391617Image000016.jpg,11,8,GIVE_WAY,452,815,463,823
1277391617Image000016.jpg,7,9,OTHER,454,823,461,832
1277391617Image000016.jpg,8,8,GIVE_WAY,454,815,462,823
1277391617Image000016.jpg,7,9,OTHER,454,823,461,832
1277391617Image000016.jpg,15,14,50_SIGN,607,788,622,802
1277391617Image000016.jpg,11,8,GIVE_WAY,452,815,463,823
1277391617Image000016.jpg,7,9,OTHER,454,823,461,832
1277391617Image000016.jpg,8,8,GIVE_WAY,454,815,462,823
1277391617Image000016.jpg,7,9,OTHER,454,823,461,832
1277391617Image000016.jpg,15,14,50_SIGN,607,788,622,802
1277391617Image000016.jpg,11,8,GIVE_WAY,452,815,463,823
1277391617Image000016.jpg,7,9,OTHER,454,823,461,832
1277391617Image000016.jpg,8,8,GIVE_WAY,454,815,462,823
1277391617Image000016.jpg,7,9,OTHER,454,823,461,832
1277391617Image000016.jpg,15,14,50_SIGN,607,788,622,802
1277391617Image000016.jpg,11,8,GIVE_WAY,452,815,463,823
1277391617Image000016.jpg,7,9,OTHER,454,823,461,832
1277391617Image000016.jpg,8,8,GIVE_WAY,454,815,462,823
1277391617Image000016.jpg,7,9,OTHER,454,823,461,832
1277391617Image000021.jpg,13,14,50_SIGN,617,786,630,800
1277391617Image000021.jpg,10,11,GIVE_WAY,456,809,466,820
1277391617Image000021.jpg,9,9,OTHER,456,819,465,828
1277391617Image000021.jpg,11,14,50_SIGN,382,793,393,807
1277391617Image000021.jpg,13,14,50_SIGN,617,786,630,800
1277391617Image000021.jpg,10,11,GIVE_WAY,456,809,466,820
1277391617Image000021.jpg,9,9,OTHER,456,819,465,828
1277391617Image000021.jpg,11,14,50_SIGN,382,793,393,807
1277391617Image000021.jpg,13,14,50_SIGN,617,786,630,800
1277391617Image000021.jpg,10,11,GIVE_WAY,456,809,466,820
1277391617Image000021.jpg,9,9,OTHER,456,819,465,828
1277391617Image000021.jpg,11,14,50_SIGN,382,793,393,807
1277391617Image000021.jpg,13,14,50_SIGN,617,786,630,800
1277391617Image000021.jpg,10,11,GIVE_WAY,456,809,466,820
1277391617Image000021.jpg,9,9,OTHER,456,819,465,828
1277391617Image000021.jpg,11,14,50_SIGN,382,793,393,807
1277391617Image000021.jpg,13,14,50_SIGN,617,786,630,800
1277391617Image000021.jpg,10,11,GIVE_WAY,456,809,466,820
1277391617Image000021.jpg,9,9,OTHER,456,819,465,828
1277391617Image000021.jpg,11,14,50_SIGN,382,793,393,807
1277391617Image000026.jpg,17,19,50_SIGN,634,778,651,797
1277391617Image000026.jpg,9,7,GIVE_WAY,466,808,475,815
1277391617Image000026.jpg,8,8,OTHER,465,816,473,824
1277391617Image000026.jpg,22,18,50_SIGN,367,788,389,806
1277391617Image000026.jpg,17,19,50_SIGN,634,778,651,797
1277391617Image000026.jpg,9,7,GIVE_WAY,466,808,475,815
1277391617Image000026.jpg,8,8,OTHER,465,816,473,824
1277391617Image000026.jpg,22,18,50_SIGN,367,788,389,806
1277391617Image000026.jpg,17,19,50_SIGN,634,778,651,797
1277391617Image000026.jpg,9,7,GIVE_WAY,466,808,475,815
1277391617Image000026.jpg,8,8,OTHER,465,816,473,824
1277391617Image000026.jpg,22,18,50_SIGN,367,788,389,806
1277391617Image000026.jpg,17,19,50_SIGN,634,778,651,797
1277391617Image000026.jpg,9,7,GIVE_WAY,466,808,475,815
1277391617Image000026.jpg,8,8,OTHER,465,816,473,824
1277391617Image000026.jpg,22,18,50_SIGN,367,788,389,806
1277391617Image000026.jpg,17,19,50_SIGN,634,778,651,797
1277391617Image000026.jpg,9,7,GIVE_WAY,466,808,475,815
1277391617Image000026.jpg,8,8,OTHER,465,816,473,824
1277391617Image000026.jpg,22,18,50_SIGN,367,788,389,806
1277391617Image000031.jpg,11,10,GIVE_WAY,484,804,495,814
1277391617Image000031.jpg,9,10,OTHER,485,814,494,824
1277391617Image000031.jpg,19,20,50_SIGN,367,786,386,806
1277391617Image000031.jpg,20,20,50_SIGN,666,776,686,796
1277391617Image000031.jpg,11,10,GIVE_WAY,484,804,495,814
1277391617Image000031.jpg,9,10,OTHER,485,814,494,824
1277391617Image000031.jpg,19,20,50_SIGN,367,786,386,806
1277391617Image000031.jpg,20,20,50_SIGN,666,776,686,796
1277391617Image000031.jpg,11,10,GIVE_WAY,484,804,495,814
1277391617Image000031.jpg,9,10,OTHER,485,814,494,824
1277391617Image000031.jpg,19,20,50_SIGN,367,786,386,806
1277391617Image000031.jpg,20,20,50_SIGN,666,776,686,796
1277391617Image000031.jpg,11,10,GIVE_WAY,484,804,495,814
1277391617Image000031.jpg,9,10,OTHER,485,814,494,824
1277391617Image000031.jpg,19,20,50_SIGN,367,786,386,806
1277391617Image000031.jpg,20,20,50_SIGN,666,776,686,796
1277391617Image000031.jpg,11,10,GIVE_WAY,484,804,495,814
1277391617Image000031.jpg,9,10,OTHER,485,814,494,824
1277391617Image000031.jpg,19,20,50_SIGN,367,786,386,806
1277391617Image000031.jpg,20,20,50_SIGN,666,776,686,796
1277391617Image000036.jpg,21,20,50_SIGN,689,766,710,786
1277391617Image000036.jpg,11,10,GIVE_WAY,497,795,508,805
1277391617Image000036.jpg,10,11,OTHER,498,806,508,817
1277391617Image000036.jpg,21,23,50_SIGN,363,775,384,798
1277391617Image000036.jpg,21,20,50_SIGN,689,766,710,786
1277391617Image000036.jpg,11,10,GIVE_WAY,497,795,508,805
1277391617Image000036.jpg,10,11,OTHER,498,806,508,817
1277391617Image000036.jpg,21,23,50_SIGN,363,775,384,798
1277391617Image000036.jpg,21,20,50_SIGN,689,766,710,786
1277391617Image000036.jpg,11,10,GIVE_WAY,497,795,508,805
1277391617Image000036.jpg,10,11,OTHER,498,806,508,817
1277391617Image000036.jpg,21,23,50_SIGN,363,775,384,798
1277391617Image000036.jpg,21,20,50_SIGN,689,766,710,786
1277391617Image000036.jpg,11,10,GIVE_WAY,497,795,508,805
1277391617Image000036.jpg,10,11,OTHER,498,806,508,817
1277391617Image000036.jpg,21,23,50_SIGN,363,775,384,798
1277391617Image000036.jpg,21,20,50_SIGN,689,766,710,786
1277391617Image000036.jpg,11,10,GIVE_WAY,497,795,508,805
1277391617Image000036.jpg,10,11,OTHER,498,806,508,817
1277391617Image000036.jpg,21,23,50_SIGN,363,775,384,798
1277391617Image000041.jpg,21,21,50_SIGN,723,759,744,780
1277391617Image000041.jpg,14,11,GIVE_WAY,510,791,524,802
1277391617Image000041.jpg,12,10,OTHER,511,803,523,813
1277391617Image000041.jpg,24,25,50_SIGN,352,768,376,793
1277391617Image000041.jpg,21,21,50_SIGN,723,759,744,780
1277391617Image000041.jpg,14,11,GIVE_WAY,510,791,524,802
1277391617Image000041.jpg,12,10,OTHER,511,803,523,813
1277391617Image000041.jpg,24,25,50_SIGN,352,768,376,793
1277391617Image000041.jpg,21,21,50_SIGN,723,759,744,780
1277391617Image000041.jpg,14,11,GIVE_WAY,510,791,524,802
1277391617Image000041.jpg,12,10,OTHER,511,803,523,813
1277391617Image000041.jpg,24,25,50_SIGN,352,768,376,793
1277391617Image000041.jpg,21,21,50_SIGN,723,759,744,780
1277391617Image000041.jpg,14,11,GIVE_WAY,510,791,524,802
1277391617Image000041.jpg,12,10,OTHER,511,803,523,813
1277391617Image000041.jpg,24,25,50_SIGN,352,768,376,793
1277391617Image000041.jpg,21,21,50_SIGN,723,759,744,780
1277391617Image000041.jpg,14,11,GIVE_WAY,510,791,524,802
1277391617Image000041.jpg,12,10,OTHER,511,803,523,813
1277391617Image000041.jpg,24,25,50_SIGN,352,768,376,793
1277391617Image000046.jpg,28,28,50_SIGN,763,746,791,774
1277391617Image000046.jpg,13,13,GIVE_WAY,527,781,540,794
1277391617Image000046.jpg,10,11,OTHER,528,794,538,805
1277391617Image000046.jpg,27,27,50_SIGN,331,756,358,783
1277391617Image000046.jpg,28,28,50_SIGN,763,746,791,774
1277391617Image000046.jpg,13,13,GIVE_WAY,527,781,540,794
1277391617Image000046.jpg,10,11,OTHER,528,794,538,805
1277391617Image000046.jpg,27,27,50_SIGN,331,756,358,783
1277391617Image000046.jpg,28,28,50_SIGN,763,746,791,774
1277391617Image000046.jpg,13,13,GIVE_WAY,527,781,540,794
1277391617Image000046.jpg,10,11,OTHER,528,794,538,805
1277391617Image000046.jpg,27,27,50_SIGN,331,756,358,783
1277391617Image000046.jpg,28,28,50_SIGN,763,746,791,774
1277391617Image000046.jpg,13,13,GIVE_WAY,527,781,540,794
1277391617Image000046.jpg,10,11,OTHER,528,794,538,805
1277391617Image000046.jpg,27,27,50_SIGN,331,756,358,783
1277391617Image000046.jpg,28,28,50_SIGN,763,746,791,774
1277391617Image000046.jpg,13,13,GIVE_WAY,527,781,540,794
1277391617Image000046.jpg,10,11,OTHER,528,794,538,805
1277391617Image000046.jpg,27,27,50_SIGN,331,756,358,783
1277391617Image000051.jpg,30,34,50_SIGN,799,743,829,777
1277391617Image000051.jpg,33,32,50_SIGN,303,755,336,787
1277391617Image000051.jpg,13,12,GIVE_WAY,536,785,549,797
1277391617Image000051.jpg,11,11,OTHER,536,798,547,809
1277391617Image000051.jpg,30,34,50_SIGN,799,743,829,777
1277391617Image000051.jpg,33,32,50_SIGN,303,755,336,787
1277391617Image000051.jpg,13,12,GIVE_WAY,536,785,549,797
1277391617Image000051.jpg,11,11,OTHER,536,798,547,809
1277391617Image000051.jpg,30,34,50_SIGN,799,743,829,777
1277391617Image000051.jpg,33,32,50_SIGN,303,755,336,787
1277391617Image000051.jpg,13,12,GIVE_WAY,536,785,549,797
1277391617Image000051.jpg,11,11,OTHER,536,798,547,809
1277391617Image000051.jpg,30,34,50_SIGN,799,743,829,777
1277391617Image000051.jpg,33,32,50_SIGN,303,755,336,787
1277391617Image000051.jpg,13,12,GIVE_WAY,536,785,549,797
1277391617Image000051.jpg,11,11,OTHER,536,798,547,809
1277391617Image000051.jpg,30,34,50_SIGN,799,743,829,777
1277391617Image000051.jpg,33,32,50_SIGN,303,755,336,787
1277391617Image000051.jpg,13,12,GIVE_WAY,536,785,549,797
1277391617Image000051.jpg,11,11,OTHER,536,798,547,809
1277391617Image000056.jpg,35,40,50_SIGN,852,734,887,774
1277391617Image000056.jpg,41,40,50_SIGN,254,748,295,788
1277391617Image000056.jpg,15,15,GIVE_WAY,543,783,558,798
1277391617Image000056.jpg,12,11,OTHER,544,798,556,809
1277391617Image000056.jpg,35,40,50_SIGN,852,734,887,774
1277391617Image000056.jpg,41,40,50_SIGN,254,748,295,788
1277391617Image000056.jpg,15,15,GIVE_WAY,543,783,558,798
1277391617Image000056.jpg,12,11,OTHER,544,798,556,809
1277391617Image000056.jpg,35,40,50_SIGN,852,734,887,774
1277391617Image000056.jpg,41,40,50_SIGN,254,748,295,788
1277391617Image000056.jpg,15,15,GIVE_WAY,543,783,558,798
1277391617Image000056.jpg,12,11,OTHER,544,798,556,809
1277391617Image000056.jpg,35,40,50_SIGN,852,734,887,774
1277391617Image000056.jpg,41,40,50_SIGN,254,748,295,788
1277391617Image000056.jpg,15,15,GIVE_WAY,543,783,558,798
1277391617Image000056.jpg,12,11,OTHER,544,798,556,809
1277391617Image000056.jpg,35,40,50_SIGN,852,734,887,774
1277391617Image000056.jpg,41,40,50_SIGN,254,748,295,788
1277391617Image000056.jpg,15,15,GIVE_WAY,543,783,558,798
1277391617Image000056.jpg,12,11,OTHER,544,798,556,809
1277391617Image000061.jpg,48,52,50_SIGN,942,713,990,765
1277391617Image000061.jpg,52,51,50_SIGN,164,732,216,783
1277391617Image000061.jpg,16,15,GIVE_WAY,557,778,573,793
1277391617Image000061.jpg,12,12,OTHER,558,793,570,805
1277391617Image000061.jpg,48,52,50_SIGN,942,713,990,765
1277391617Image000061.jpg,52,51,50_SIGN,164,732,216,783
1277391617Image000061.jpg,16,15,GIVE_WAY,557,778,573,793
1277391617Image000061.jpg,12,12,OTHER,558,793,570,805
1277391617Image000061.jpg,48,52,50_SIGN,942,713,990,765
1277391617Image000061.jpg,52,51,50_SIGN,164,732,216,783
1277391617Image000061.jpg,16,15,GIVE_WAY,557,778,573,793
1277391617Image000061.jpg,12,12,OTHER,558,793,570,805
1277391617Image000061.jpg,48,52,50_SIGN,942,713,990,765
1277391617Image000061.jpg,52,51,50_SIGN,164,732,216,783
1277391617Image000061.jpg,16,15,GIVE_WAY,557,778,573,793
1277391617Image000061.jpg,12,12,OTHER,558,793,570,805
1277391617Image000061.jpg,48,52,50_SIGN,942,713,990,765
1277391617Image000061.jpg,52,51,50_SIGN,164,732,216,783
1277391617Image000061.jpg,16,15,GIVE_WAY,557,778,573,793
1277391617Image000061.jpg,12,12,OTHER,558,793,570,805
1277391617Image000066.jpg,64,68,50_SIGN,1077,683,1141,751
1277391617Image000066.jpg,69,72,50_SIGN,24,702,93,774
1277391617Image000066.jpg,18,16,GIVE_WAY,568,770,586,786
1277391617Image000066.jpg,16,14,OTHER,569,787,585,801
1277391617Image000066.jpg,64,68,50_SIGN,1077,683,1141,751
1277391617Image000066.jpg,69,72,50_SIGN,24,702,93,774
1277391617Image000066.jpg,18,16,GIVE_WAY,568,770,586,786
1277391617Image000066.jpg,16,14,OTHER,569,787,585,801
1277391617Image000066.jpg,64,68,50_SIGN,1077,683,1141,751
1277391617Image000066.jpg,69,72,50_SIGN,24,702,93,774
1277391617Image000066.jpg,18,16,GIVE_WAY,568,770,586,786
1277391617Image000066.jpg,16,14,OTHER,569,787,585,801
1277391617Image000066.jpg,64,68,50_SIGN,1077,683,1141,751
1277391617Image000066.jpg,69,72,50_SIGN,24,702,93,774
1277391617Image000066.jpg,18,16,GIVE_WAY,568,770,586,786
1277391617Image000066.jpg,16,14,OTHER,569,787,585,801
1277391617Image000066.jpg,64,68,50_SIGN,1077,683,1141,751
1277391617Image000066.jpg,69,72,50_SIGN,24,702,93,774
1277391617Image000066.jpg,18,16,GIVE_WAY,568,770,586,786
1277391617Image000066.jpg,16,14,OTHER,569,787,585,801
1277391617Image000071.jpg,18,15,GIVE_WAY,579,765,597,780
1277391617Image000071.jpg,17,14,OTHER,580,780,597,794
1277391617Image000071.jpg,18,15,GIVE_WAY,579,765,597,780
1277391617Image000071.jpg,17,14,OTHER,580,780,597,794
1277391617Image000071.jpg,18,15,GIVE_WAY,579,765,597,780
1277391617Image000071.jpg,17,14,OTHER,580,780,597,794
1277391617Image000076.jpg,21,18,GIVE_WAY,588,759,609,777
1277391617Image000076.jpg,17,15,OTHER,590,778,607,793
1277391617Image000076.jpg,19,17,GIVE_WAY,338,757,357,774
1277391617Image000076.jpg,14,13,OTHER,340,777,354,790
1277391617Image000076.jpg,21,18,GIVE_WAY,588,759,609,777
1277391617Image000076.jpg,17,15,OTHER,590,778,607,793
1277391617Image000076.jpg,19,17,GIVE_WAY,338,757,357,774
1277391617Image000076.jpg,14,13,OTHER,340,777,354,790
1277391617Image000076.jpg,21,18,GIVE_WAY,588,759,609,777
1277391617Image000076.jpg,17,15,OTHER,590,778,607,793
1277391617Image000076.jpg,19,17,GIVE_WAY,338,757,357,774
1277391617Image000076.jpg,14,13,OTHER,340,777,354,790
1277391617Image000076.jpg,21,18,GIVE_WAY,588,759,609,777
1277391617Image000076.jpg,17,15,OTHER,590,778,607,793
1277391617Image000076.jpg,19,17,GIVE_WAY,338,757,357,774
1277391617Image000076.jpg,14,13,OTHER,340,777,354,790
1277391617Image000076.jpg,21,18,GIVE_WAY,588,759,609,777
1277391617Image000076.jpg,17,15,OTHER,590,778,607,793
1277391617Image000076.jpg,19,17,GIVE_WAY,338,757,357,774
1277391617Image000076.jpg,14,13,OTHER,340,777,354,790
1277391617Image000081.jpg,17,19,GIVE_WAY,603,747,620,766
1277391617Image000081.jpg,16,15,OTHER,602,768,618,783
1277391617Image000081.jpg,19,20,GIVE_WAY,330,745,349,765
1277391617Image000081.jpg,16,16,OTHER,330,765,346,781
1277391617Image000081.jpg,17,19,GIVE_WAY,603,747,620,766
1277391617Image000081.jpg,16,15,OTHER,602,768,618,783
1277391617Image000081.jpg,19,20,GIVE_WAY,330,745,349,765
1277391617Image000081.jpg,16,16,OTHER,330,765,346,781
1277391617Image000081.jpg,17,19,GIVE_WAY,603,747,620,766
1277391617Image000081.jpg,16,15,OTHER,602,768,618,783
1277391617Image000081.jpg,19,20,GIVE_WAY,330,745,349,765
1277391617Image000081.jpg,16,16,OTHER,330,765,346,781
1277391617Image000081.jpg,17,19,GIVE_WAY,603,747,620,766
1277391617Image000081.jpg,16,15,OTHER,602,768,618,783
1277391617Image000081.jpg,19,20,GIVE_WAY,330,745,349,765
1277391617Image000081.jpg,16,16,OTHER,330,765,346,781
1277391617Image000081.jpg,17,19,GIVE_WAY,603,747,620,766
1277391617Image000081.jpg,16,15,OTHER,602,768,618,783
1277391617Image000081.jpg,19,20,GIVE_WAY,330,745,349,765
1277391617Image000081.jpg,16,16,OTHER,330,765,346,781
1277391617Image000086.jpg,21,21,GIVE_WAY,616,741,637,762
1277391617Image000086.jpg,17,18,OTHER,617,762,634,780
1277391617Image000086.jpg,25,22,GIVE_WAY,319,737,344,759
1277391617Image000086.jpg,16,19,OTHER,323,759,339,778
1277391617Image000086.jpg,21,21,GIVE_WAY,616,741,637,762
1277391617Image000086.jpg,17,18,OTHER,617,762,634,780
1277391617Image000086.jpg,25,22,GIVE_WAY,319,737,344,759
1277391617Image000086.jpg,16,19,OTHER,323,759,339,778
1277391617Image000086.jpg,21,21,GIVE_WAY,616,741,637,762
1277391617Image000086.jpg,17,18,OTHER,617,762,634,780
1277391617Image000086.jpg,25,22,GIVE_WAY,319,737,344,759
1277391617Image000086.jpg,16,19,OTHER,323,759,339,778
1277391617Image000086.jpg,21,21,GIVE_WAY,616,741,637,762
1277391617Image000086.jpg,17,18,OTHER,617,762,634,780
1277391617Image000086.jpg,25,22,GIVE_WAY,319,737,344,759
1277391617Image000086.jpg,16,19,OTHER,323,759,339,778
1277391617Image000086.jpg,21,21,GIVE_WAY,616,741,637,762
1277391617Image000086.jpg,17,18,OTHER,617,762,634,780
1277391617Image000086.jpg,25,22,GIVE_WAY,319,737,344,759
1277391617Image000086.jpg,16,19,OTHER,323,759,339,778
1277391617Image000091.jpg,22,24,GIVE_WAY,633,731,655,755
1277391617Image000091.jpg,19,20,OTHER,633,755,652,775
1277391617Image000091.jpg,25,22,GIVE_WAY,308,727,333,749
1277391617Image000091.jpg,20,19,OTHER,310,749,330,768
1277391617Image000091.jpg,22,24,GIVE_WAY,633,731,655,755
1277391617Image000091.jpg,19,20,OTHER,633,755,652,775
1277391617Image000091.jpg,25,22,GIVE_WAY,308,727,333,749
1277391617Image000091.jpg,20,19,OTHER,310,749,330,768
1277391617Image000091.jpg,22,24,GIVE_WAY,633,731,655,755
1277391617Image000091.jpg,19,20,OTHER,633,755,652,775
1277391617Image000091.jpg,25,22,GIVE_WAY,308,727,333,749
1277391617Image000091.jpg,20,19,OTHER,310,749,330,768
1277391617Image000091.jpg,22,24,GIVE_WAY,633,731,655,755
1277391617Image000091.jpg,19,20,OTHER,633,755,652,775
1277391617Image000091.jpg,25,22,GIVE_WAY,308,727,333,749
1277391617Image000091.jpg,20,19,OTHER,310,749,330,768
1277391617Image000091.jpg,22,24,GIVE_WAY,633,731,655,755
1277391617Image000091.jpg,19,20,OTHER,633,755,652,775
1277391617Image000091.jpg,25,22,GIVE_WAY,308,727,333,749
1277391617Image000091.jpg,20,19,OTHER,310,749,330,768
1277391617Image000096.jpg,28,26,GIVE_WAY,647,727,675,753
1277391617Image000096.jpg,21,20,OTHER,649,754,670,774
1277391617Image000096.jpg,27,25,GIVE_WAY,292,720,319,745
1277391617Image000096.jpg,21,22,OTHER,293,747,314,769
1277391617Image000096.jpg,28,26,GIVE_WAY,647,727,675,753
1277391617Image000096.jpg,21,20,OTHER,649,754,670,774
1277391617Image000096.jpg,27,25,GIVE_WAY,292,720,319,745
1277391617Image000096.jpg,21,22,OTHER,293,747,314,769
1277391617Image000096.jpg,28,26,GIVE_WAY,647,727,675,753
1277391617Image000096.jpg,21,20,OTHER,649,754,670,774
1277391617Image000096.jpg,27,25,GIVE_WAY,292,720,319,745
1277391617Image000096.jpg,21,22,OTHER,293,747,314,769
1277391617Image000096.jpg,28,26,GIVE_WAY,647,727,675,753
1277391617Image000096.jpg,21,20,OTHER,649,754,670,774
1277391617Image000096.jpg,27,25,GIVE_WAY,292,720,319,745
1277391617Image000096.jpg,21,22,OTHER,293,747,314,769
1277391617Image000096.jpg,28,26,GIVE_WAY,647,727,675,753
1277391617Image000096.jpg,21,20,OTHER,649,754,670,774
1277391617Image000096.jpg,27,25,GIVE_WAY,292,720,319,745
1277391617Image000096.jpg,21,22,OTHER,293,747,314,769
1277391617Image000101.jpg,30,29,GIVE_WAY,669,711,699,740
1277391617Image000101.jpg,24,23,OTHER,670,741,694,764
1277391617Image000101.jpg,28,29,GIVE_WAY,270,705,298,734
1277391617Image000101.jpg,24,24,OTHER,270,734,294,758
1277391617Image000101.jpg,30,29,GIVE_WAY,669,711,699,740
1277391617Image000101.jpg,24,23,OTHER,670,741,694,764
1277391617Image000101.jpg,28,29,GIVE_WAY,270,705,298,734
1277391617Image000101.jpg,24,24,OTHER,270,734,294,758
1277391617Image000101.jpg,30,29,GIVE_WAY,669,711,699,740
1277391617Image000101.jpg,24,23,OTHER,670,741,694,764
1277391617Image000101.jpg,28,29,GIVE_WAY,270,705,298,734
1277391617Image000101.jpg,24,24,OTHER,270,734,294,758
1277391617Image000101.jpg,30,29,GIVE_WAY,669,711,699,740
1277391617Image000101.jpg,24,23,OTHER,670,741,694,764
1277391617Image000101.jpg,28,29,GIVE_WAY,270,705,298,734
1277391617Image000101.jpg,24,24,OTHER,270,734,294,758
1277391617Image000101.jpg,30,29,GIVE_WAY,669,711,699,740
1277391617Image000101.jpg,24,23,OTHER,670,741,694,764
1277391617Image000101.jpg,28,29,GIVE_WAY,270,705,298,734
1277391617Image000101.jpg,24,24,OTHER,270,734,294,758
1277391617Image000106.jpg,32,32,GIVE_WAY,690,700,722,732
1277391617Image000106.jpg,27,25,OTHER,691,733,718,758
1277391617Image000106.jpg,29,30,GIVE_WAY,253,694,282,724
1277391617Image000106.jpg,26,26,OTHER,252,725,278,751
1277391617Image000106.jpg,32,32,GIVE_WAY,690,700,722,732
1277391617Image000106.jpg,27,25,OTHER,691,733,718,758
1277391617Image000106.jpg,29,30,GIVE_WAY,253,694,282,724
1277391617Image000106.jpg,26,26,OTHER,252,725,278,751
1277391617Image000106.jpg,32,32,GIVE_WAY,690,700,722,732
1277391617Image000106.jpg,27,25,OTHER,691,733,718,758
1277391617Image000106.jpg,29,30,GIVE_WAY,253,694,282,724
1277391617Image000106.jpg,26,26,OTHER,252,725,278,751
1277391617Image000106.jpg,32,32,GIVE_WAY,690,700,722,732
1277391617Image000106.jpg,27,25,OTHER,691,733,718,758
1277391617Image000106.jpg,29,30,GIVE_WAY,253,694,282,724
1277391617Image000106.jpg,26,26,OTHER,252,725,278,751
1277391617Image000106.jpg,32,32,GIVE_WAY,690,700,722,732
1277391617Image000106.jpg,27,25,OTHER,691,733,718,758
1277391617Image000106.jpg,29,30,GIVE_WAY,253,694,282,724
1277391617Image000106.jpg,26,26,OTHER,252,725,278,751
1277391617Image000111.jpg,35,34,GIVE_WAY,726,690,761,724
1277391617Image000111.jpg,29,30,OTHER,727,725,756,755
1277391617Image000111.jpg,35,34,GIVE_WAY,231,681,266,715
1277391617Image000111.jpg,30,29,OTHER,232,717,262,746
1277391617Image000111.jpg,35,34,GIVE_WAY,726,690,761,724
1277391617Image000111.jpg,29,30,OTHER,727,725,756,755
1277391617Image000111.jpg,35,34,GIVE_WAY,231,681,266,715
1277391617Image000111.jpg,30,29,OTHER,232,717,262,746
1277391617Image000111.jpg,35,34,GIVE_WAY,726,690,761,724
1277391617Image000111.jpg,29,30,OTHER,727,725,756,755
1277391617Image000111.jpg,35,34,GIVE_WAY,231,681,266,715
1277391617Image000111.jpg,30,29,OTHER,232,717,262,746
1277391617Image000111.jpg,35,34,GIVE_WAY,726,690,761,724
1277391617Image000111.jpg,29,30,OTHER,727,725,756,755
1277391617Image000111.jpg,35,34,GIVE_WAY,231,681,266,715
1277391617Image000111.jpg,30,29,OTHER,232,717,262,746
1277391617Image000111.jpg,35,34,GIVE_WAY,726,690,761,724
1277391617Image000111.jpg,29,30,OTHER,727,725,756,755
1277391617Image000111.jpg,35,34,GIVE_WAY,231,681,266,715
1277391617Image000111.jpg,30,29,OTHER,232,717,262,746
1277391617Image000116.jpg,48,44,GIVE_WAY,777,668,825,712
1277391617Image000116.jpg,36,36,OTHER,781,712,817,748
1277391617Image000116.jpg,48,44,GIVE_WAY,186,662,234,706
1277391617Image000116.jpg,37,36,OTHER,190,707,227,743
1277391617Image000116.jpg,48,44,GIVE_WAY,777,668,825,712
1277391617Image000116.jpg,36,36,OTHER,781,712,817,748
1277391617Image000116.jpg,48,44,GIVE_WAY,186,662,234,706
1277391617Image000116.jpg,37,36,OTHER,190,707,227,743
1277391617Image000116.jpg,48,44,GIVE_WAY,777,668,825,712
1277391617Image000116.jpg,36,36,OTHER,781,712,817,748
1277391617Image000116.jpg,48,44,GIVE_WAY,186,662,234,706
1277391617Image000116.jpg,37,36,OTHER,190,707,227,743
1277391617Image000116.jpg,48,44,GIVE_WAY,777,668,825,712
1277391617Image000116.jpg,36,36,OTHER,781,712,817,748
1277391617Image000116.jpg,48,44,GIVE_WAY,186,662,234,706
1277391617Image000116.jpg,37,36,OTHER,190,707,227,743
1277391617Image000116.jpg,48,44,GIVE_WAY,777,668,825,712
1277391617Image000116.jpg,36,36,OTHER,781,712,817,748
1277391617Image000116.jpg,48,44,GIVE_WAY,186,662,234,706
1277391617Image000116.jpg,37,36,OTHER,190,707,227,743
1277391617Image000121.jpg,56,53,GIVE_WAY,830,649,886,702
1277391617Image000121.jpg,47,41,OTHER,837,705,884,746
1277391617Image000121.jpg,55,55,GIVE_WAY,131,649,186,704
1277391617Image000121.jpg,48,41,OTHER,135,703,183,744
1277391617Image000121.jpg,9,16,GIVE_WAY,809,683,818,699
1277391617Image000121.jpg,56,53,GIVE_WAY,830,649,886,702
1277391617Image000121.jpg,47,41,OTHER,837,705,884,746
1277391617Image000121.jpg,55,55,GIVE_WAY,131,649,186,704
1277391617Image000121.jpg,48,41,OTHER,135,703,183,744
1277391617Image000121.jpg,9,16,GIVE_WAY,809,683,818,699
1277391617Image000121.jpg,56,53,GIVE_WAY,830,649,886,702
1277391617Image000121.jpg,47,41,OTHER,837,705,884,746
1277391617Image000121.jpg,55,55,GIVE_WAY,131,649,186,704
1277391617Image000121.jpg,48,41,OTHER,135,703,183,744
1277391617Image000121.jpg,9,16,GIVE_WAY,809,683,818,699
1277391617Image000121.jpg,56,53,GIVE_WAY,830,649,886,702
1277391617Image000121.jpg,47,41,OTHER,837,705,884,746
1277391617Image000121.jpg,55,55,GIVE_WAY,131,649,186,704
1277391617Image000121.jpg,48,41,OTHER,135,703,183,744
1277391617Image000121.jpg,9,16,GIVE_WAY,809,683,818,699
1277391617Image000121.jpg,56,53,GIVE_WAY,830,649,886,702
1277391617Image000121.jpg,47,41,OTHER,837,705,884,746
1277391617Image000121.jpg,55,55,GIVE_WAY,131,649,186,704
1277391617Image000121.jpg,48,41,OTHER,135,703,183,744
1277391617Image000121.jpg,9,16,GIVE_WAY,809,683,818,699
1277391617Image000121.jpg,56,53,GIVE_WAY,830,649,886,702
1277391617Image000121.jpg,47,41,OTHER,837,705,884,746
1277391617Image000121.jpg,55,55,GIVE_WAY,131,649,186,704
1277391617Image000121.jpg,48,41,OTHER,135,703,183,744
1277391617Image000121.jpg,9,16,GIVE_WAY,809,683,818,699
1277391617Image000126.jpg,65,61,GIVE_WAY,880,625,945,686
1277391617Image000126.jpg,49,53,OTHER,887,685,936,738
1277391617Image000126.jpg,64,59,GIVE_WAY,72,633,136,692
1277391617Image000126.jpg,49,51,OTHER,78,691,127,742
1277391617Image000126.jpg,11,18,GIVE_WAY,829,673,840,691
1277391617Image000126.jpg,65,61,GIVE_WAY,880,625,945,686
1277391617Image000126.jpg,49,53,OTHER,887,685,936,738
1277391617Image000126.jpg,64,59,GIVE_WAY,72,633,136,692
1277391617Image000126.jpg,49,51,OTHER,78,691,127,742
1277391617Image000126.jpg,11,18,GIVE_WAY,829,673,840,691
1277391617Image000126.jpg,65,61,GIVE_WAY,880,625,945,686
1277391617Image000126.jpg,49,53,OTHER,887,685,936,738
1277391617Image000126.jpg,64,59,GIVE_WAY,72,633,136,692
1277391617Image000126.jpg,49,51,OTHER,78,691,127,742
1277391617Image000126.jpg,11,18,GIVE_WAY,829,673,840,691
1277391617Image000126.jpg,65,61,GIVE_WAY,880,625,945,686
1277391617Image000126.jpg,49,53,OTHER,887,685,936,738
1277391617Image000126.jpg,64,59,GIVE_WAY,72,633,136,692
1277391617Image000126.jpg,49,51,OTHER,78,691,127,742
1277391617Image000126.jpg,11,18,GIVE_WAY,829,673,840,691
1277391617Image000126.jpg,65,61,GIVE_WAY,880,625,945,686
1277391617Image000126.jpg,49,53,OTHER,887,685,936,738
1277391617Image000126.jpg,64,59,GIVE_WAY,72,633,136,692
1277391617Image000126.jpg,49,51,OTHER,78,691,127,742
1277391617Image000126.jpg,11,18,GIVE_WAY,829,673,840,691
1277391617Image000126.jpg,65,61,GIVE_WAY,880,625,945,686
1277391617Image000126.jpg,49,53,OTHER,887,685,936,738
1277391617Image000126.jpg,64,59,GIVE_WAY,72,633,136,692
1277391617Image000126.jpg,49,51,OTHER,78,691,127,742
1277391617Image000126.jpg,11,18,GIVE_WAY,829,673,840,691
1277391617Image000131.jpg,73,73,GIVE_WAY,958,596,1031,669
1277391617Image000131.jpg,60,59,OTHER,967,668,1027,727
1277391617Image000131.jpg,9,17,GIVE_WAY,859,669,868,686
1277391617Image000131.jpg,73,73,GIVE_WAY,958,596,1031,669
1277391617Image000131.jpg,60,59,OTHER,967,668,1027,727
1277391617Image000131.jpg,9,17,GIVE_WAY,859,669,868,686
1277391617Image000131.jpg,73,73,GIVE_WAY,958,596,1031,669
1277391617Image000131.jpg,60,59,OTHER,967,668,1027,727
1277391617Image000131.jpg,9,17,GIVE_WAY,859,669,868,686
1277391617Image000131.jpg,73,73,GIVE_WAY,958,596,1031,669
1277391617Image000131.jpg,60,59,OTHER,967,668,1027,727
1277391617Image000131.jpg,9,17,GIVE_WAY,859,669,868,686
1277391617Image000136.jpg,96,90,GIVE_WAY,1042,561,1138,651
1277391617Image000136.jpg,68,71,OTHER,1058,651,1126,722
1277391617Image000136.jpg,7,19,GIVE_WAY,875,670,882,689
1277391617Image000136.jpg,96,90,GIVE_WAY,1042,561,1138,651
1277391617Image000136.jpg,68,71,OTHER,1058,651,1126,722
1277391617Image000136.jpg,7,19,GIVE_WAY,875,670,882,689
1277391617Image000136.jpg,96,90,GIVE_WAY,1042,561,1138,651
1277391617Image000136.jpg,68,71,OTHER,1058,651,1126,722
1277391617Image000136.jpg,7,19,GIVE_WAY,875,670,882,689
1277391617Image000136.jpg,96,90,GIVE_WAY,1042,561,1138,651
1277391617Image000136.jpg,68,71,OTHER,1058,651,1126,722
1277391617Image000136.jpg,7,19,GIVE_WAY,875,670,882,689
1277391617Image000141.jpg,115,113,GIVE_WAY,1138,517,1253,630
1277391617Image000141.jpg,86,95,OTHER,1155,627,1241,722
1277391617Image000141.jpg,7,18,GIVE_WAY,883,672,890,690
1277391617Image000141.jpg,115,113,GIVE_WAY,1138,517,1253,630
1277391617Image000141.jpg,86,95,OTHER,1155,627,1241,722
1277391617Image000141.jpg,7,18,GIVE_WAY,883,672,890,690
1277391617Image000141.jpg,115,113,GIVE_WAY,1138,517,1253,630
1277391617Image000141.jpg,86,95,OTHER,1155,627,1241,722
1277391617Image000141.jpg,7,18,GIVE_WAY,883,672,890,690
1277391617Image000141.jpg,115,113,GIVE_WAY,1138,517,1253,630
1277391617Image000141.jpg,86,95,OTHER,1155,627,1241,722
1277391617Image000141.jpg,7,18,GIVE_WAY,883,672,890,690
1277391617Image000146.jpg,7,15,GIVE_WAY,868,683,875,698
1277391617Image000146.jpg,7,15,GIVE_WAY,868,683,875,698
1277391635Image000001.jpg,26,27,70_SIGN,1048,696,1074,723
1277391635Image000001.jpg,23,23,PRIORITY_ROAD,1049,725,1072,748
1277391635Image000001.jpg,28,26,70_SIGN,576,723,604,749
1277391635Image000001.jpg,21,24,PRIORITY_ROAD,582,751,603,775
1277391635Image000001.jpg,26,27,70_SIGN,1048,696,1074,723
1277391635Image000001.jpg,23,23,PRIORITY_ROAD,1049,725,1072,748
1277391635Image000001.jpg,28,26,70_SIGN,576,723,604,749
1277391635Image000001.jpg,21,24,PRIORITY_ROAD,582,751,603,775
1277391635Image000001.jpg,26,27,70_SIGN,1048,696,1074,723
1277391635Image000001.jpg,23,23,PRIORITY_ROAD,1049,725,1072,748
1277391635Image000001.jpg,28,26,70_SIGN,576,723,604,749
1277391635Image000001.jpg,21,24,PRIORITY_ROAD,582,751,603,775
1277391635Image000001.jpg,26,27,70_SIGN,1048,696,1074,723
1277391635Image000001.jpg,23,23,PRIORITY_ROAD,1049,725,1072,748
1277391635Image000001.jpg,28,26,70_SIGN,576,723,604,749
1277391635Image000001.jpg,21,24,PRIORITY_ROAD,582,751,603,775
1277391635Image000001.jpg,26,27,70_SIGN,1048,696,1074,723
1277391635Image000001.jpg,23,23,PRIORITY_ROAD,1049,725,1072,748
1277391635Image000001.jpg,28,26,70_SIGN,576,723,604,749
1277391635Image000001.jpg,21,24,PRIORITY_ROAD,582,751,603,775
1277391635Image000006.jpg,30,29,70_SIGN,989,704,1019,733
1277391635Image000006.jpg,27,25,PRIORITY_ROAD,990,735,1017,760
1277391635Image000006.jpg,28,26,70_SIGN,480,733,508,759
1277391635Image000006.jpg,24,24,PRIORITY_ROAD,485,760,509,784
1277391635Image000006.jpg,30,29,70_SIGN,989,704,1019,733
1277391635Image000006.jpg,27,25,PRIORITY_ROAD,990,735,1017,760
1277391635Image000006.jpg,28,26,70_SIGN,480,733,508,759
1277391635Image000006.jpg,24,24,PRIORITY_ROAD,485,760,509,784
1277391635Image000006.jpg,30,29,70_SIGN,989,704,1019,733
1277391635Image000006.jpg,27,25,PRIORITY_ROAD,990,735,1017,760
1277391635Image000006.jpg,28,26,70_SIGN,480,733,508,759
1277391635Image000006.jpg,24,24,PRIORITY_ROAD,485,760,509,784
1277391635Image000006.jpg,30,29,70_SIGN,989,704,1019,733
1277391635Image000006.jpg,27,25,PRIORITY_ROAD,990,735,1017,760
1277391635Image000006.jpg,28,26,70_SIGN,480,733,508,759
1277391635Image000006.jpg,24,24,PRIORITY_ROAD,485,760,509,784
1277391635Image000006.jpg,30,29,70_SIGN,989,704,1019,733
1277391635Image000006.jpg,27,25,PRIORITY_ROAD,990,735,1017,760
1277391635Image000006.jpg,28,26,70_SIGN,480,733,508,759
1277391635Image000006.jpg,24,24,PRIORITY_ROAD,485,760,509,784
1277391635Image000011.jpg,35,33,70_SIGN,942,697,977,730
1277391635Image000011.jpg,28,30,PRIORITY_ROAD,947,731,975,761
1277391635Image000011.jpg,30,29,70_SIGN,377,727,407,756
1277391635Image000011.jpg,27,30,PRIORITY_ROAD,379,757,406,787
1277391635Image000011.jpg,35,33,70_SIGN,942,697,977,730
1277391635Image000011.jpg,28,30,PRIORITY_ROAD,947,731,975,761
1277391635Image000011.jpg,30,29,70_SIGN,377,727,407,756
1277391635Image000011.jpg,27,30,PRIORITY_ROAD,379,757,406,787
1277391635Image000011.jpg,35,33,70_SIGN,942,697,977,730
1277391635Image000011.jpg,28,30,PRIORITY_ROAD,947,731,975,761
1277391635Image000011.jpg,30,29,70_SIGN,377,727,407,756
1277391635Image000011.jpg,27,30,PRIORITY_ROAD,379,757,406,787
1277391635Image000011.jpg,35,33,70_SIGN,942,697,977,730
1277391635Image000011.jpg,28,30,PRIORITY_ROAD,947,731,975,761
1277391635Image000011.jpg,30,29,70_SIGN,377,727,407,756
1277391635Image000011.jpg,27,30,PRIORITY_ROAD,379,757,406,787
1277391635Image000011.jpg,35,33,70_SIGN,942,697,977,730
1277391635Image000011.jpg,28,30,PRIORITY_ROAD,947,731,975,761
1277391635Image000011.jpg,30,29,70_SIGN,377,727,407,756
1277391635Image000011.jpg,27,30,PRIORITY_ROAD,379,757,406,787
1277391635Image000021.jpg,42,42,70_SIGN,975,678,1017,720
1277391635Image000021.jpg,39,38,PRIORITY_ROAD,977,721,1016,759
1277391635Image000021.jpg,40,40,70_SIGN,221,716,261,756
1277391635Image000021.jpg,36,37,70_SIGN,226,759,262,796
1277391635Image000021.jpg,42,42,70_SIGN,975,678,1017,720
1277391635Image000021.jpg,39,38,PRIORITY_ROAD,977,721,1016,759
1277391635Image000021.jpg,40,40,70_SIGN,221,716,261,756
1277391635Image000021.jpg,36,37,70_SIGN,226,759,262,796
1277391635Image000021.jpg,42,42,70_SIGN,975,678,1017,720
1277391635Image000021.jpg,39,38,PRIORITY_ROAD,977,721,1016,759
1277391635Image000021.jpg,40,40,70_SIGN,221,716,261,756
1277391635Image000021.jpg,36,37,70_SIGN,226,759,262,796
1277391635Image000021.jpg,42,42,70_SIGN,975,678,1017,720
1277391635Image000021.jpg,39,38,PRIORITY_ROAD,977,721,1016,759
1277391635Image000021.jpg,40,40,70_SIGN,221,716,261,756
1277391635Image000021.jpg,36,37,70_SIGN,226,759,262,796
1277391635Image000021.jpg,42,42,70_SIGN,975,678,1017,720
1277391635Image000021.jpg,39,38,PRIORITY_ROAD,977,721,1016,759
1277391635Image000021.jpg,40,40,70_SIGN,221,716,261,756
1277391635Image000021.jpg,36,37,70_SIGN,226,759,262,796
1277391635Image000026.jpg,54,54,70_SIGN,1014,635,1068,689
1277391635Image000026.jpg,45,45,PRIORITY_ROAD,1019,690,1064,735
1277391635Image000026.jpg,50,49,70_SIGN,110,677,160,726
1277391635Image000026.jpg,44,41,PRIORITY_ROAD,117,730,161,771
1277391635Image000026.jpg,12,12,URDBL,572,780,584,792
1277391635Image000026.jpg,54,54,70_SIGN,1014,635,1068,689
1277391635Image000026.jpg,45,45,PRIORITY_ROAD,1019,690,1064,735
1277391635Image000026.jpg,50,49,70_SIGN,110,677,160,726
1277391635Image000026.jpg,44,41,PRIORITY_ROAD,117,730,161,771
1277391635Image000026.jpg,12,12,URDBL,572,780,584,792
1277391635Image000026.jpg,54,54,70_SIGN,1014,635,1068,689
1277391635Image000026.jpg,45,45,PRIORITY_ROAD,1019,690,1064,735
1277391635Image000026.jpg,50,49,70_SIGN,110,677,160,726
1277391635Image000026.jpg,44,41,PRIORITY_ROAD,117,730,161,771
1277391635Image000026.jpg,12,12,URDBL,572,780,584,792
1277391635Image000026.jpg,54,54,70_SIGN,1014,635,1068,689
1277391635Image000026.jpg,45,45,PRIORITY_ROAD,1019,690,1064,735
1277391635Image000026.jpg,50,49,70_SIGN,110,677,160,726
1277391635Image000026.jpg,44,41,PRIORITY_ROAD,117,730,161,771
1277391635Image000026.jpg,12,12,URDBL,572,780,584,792
1277391635Image000026.jpg,54,54,70_SIGN,1014,635,1068,689
1277391635Image000026.jpg,45,45,PRIORITY_ROAD,1019,690,1064,735
1277391635Image000026.jpg,50,49,70_SIGN,110,677,160,726
1277391635Image000026.jpg,44,41,PRIORITY_ROAD,117,730,161,771
1277391635Image000026.jpg,12,12,URDBL,572,780,584,792
1277391635Image000026.jpg,54,54,70_SIGN,1014,635,1068,689
1277391635Image000026.jpg,45,45,PRIORITY_ROAD,1019,690,1064,735
1277391635Image000026.jpg,50,49,70_SIGN,110,677,160,726
1277391635Image000026.jpg,44,41,PRIORITY_ROAD,117,730,161,771
1277391635Image000026.jpg,12,12,URDBL,572,780,584,792
1277391635Image000031.jpg,66,63,70_SIGN,1069,608,1135,671
1277391635Image000031.jpg,51,55,PRIORITY_ROAD,1078,671,1129,726
1277391635Image000031.jpg,47,53,70_SIGN,0,663,47,716
1277391635Image000031.jpg,45,52,PRIORITY_ROAD,5,721,50,773
1277391635Image000031.jpg,12,11,URDBL,551,783,563,794
1277391635Image000031.jpg,66,63,70_SIGN,1069,608,1135,671
1277391635Image000031.jpg,51,55,PRIORITY_ROAD,1078,671,1129,726
1277391635Image000031.jpg,47,53,70_SIGN,0,663,47,716
1277391635Image000031.jpg,45,52,PRIORITY_ROAD,5,721,50,773
1277391635Image000031.jpg,12,11,URDBL,551,783,563,794
1277391635Image000031.jpg,66,63,70_SIGN,1069,608,1135,671
1277391635Image000031.jpg,51,55,PRIORITY_ROAD,1078,671,1129,726
1277391635Image000031.jpg,47,53,70_SIGN,0,663,47,716
1277391635Image000031.jpg,45,52,PRIORITY_ROAD,5,721,50,773
1277391635Image000031.jpg,12,11,URDBL,551,783,563,794
1277391635Image000031.jpg,66,63,70_SIGN,1069,608,1135,671
1277391635Image000031.jpg,51,55,PRIORITY_ROAD,1078,671,1129,726
1277391635Image000031.jpg,47,53,70_SIGN,0,663,47,716
1277391635Image000031.jpg,45,52,PRIORITY_ROAD,5,721,50,773
1277391635Image000031.jpg,12,11,URDBL,551,783,563,794
1277391635Image000031.jpg,66,63,70_SIGN,1069,608,1135,671
1277391635Image000031.jpg,51,55,PRIORITY_ROAD,1078,671,1129,726
1277391635Image000031.jpg,47,53,70_SIGN,0,663,47,716
1277391635Image000031.jpg,45,52,PRIORITY_ROAD,5,721,50,773
1277391635Image000031.jpg,12,11,URDBL,551,783,563,794
1277391635Image000031.jpg,66,63,70_SIGN,1069,608,1135,671
1277391635Image000031.jpg,51,55,PRIORITY_ROAD,1078,671,1129,726
1277391635Image000031.jpg,47,53,70_SIGN,0,663,47,716
1277391635Image000031.jpg,45,52,PRIORITY_ROAD,5,721,50,773
1277391635Image000031.jpg,12,11,URDBL,551,783,563,794
1277391635Image000036.jpg,78,71,70_SIGN,1162,562,1240,633
1277391635Image000036.jpg,66,70,PRIORITY_ROAD,1178,640,1244,710
1277391635Image000036.jpg,14,11,URDBL,535,784,549,795
1277391635Image000036.jpg,78,71,70_SIGN,1162,562,1240,633
1277391635Image000036.jpg,66,70,PRIORITY_ROAD,1178,640,1244,710
1277391635Image000036.jpg,14,11,URDBL,535,784,549,795
1277391635Image000036.jpg,78,71,70_SIGN,1162,562,1240,633
1277391635Image000036.jpg,66,70,PRIORITY_ROAD,1178,640,1244,710
1277391635Image000036.jpg,14,11,URDBL,535,784,549,795
1277391635Image000036.jpg,78,71,70_SIGN,1162,562,1240,633
1277391635Image000036.jpg,66,70,PRIORITY_ROAD,1178,640,1244,710
1277391635Image000036.jpg,14,11,URDBL,535,784,549,795
1277391635Image000041.jpg,13,12,URDBL,525,787,538,799
1277391635Image000041.jpg,13,12,URDBL,525,787,538,799
1277391635Image000046.jpg,13,12,URDBL,523,785,536,797
1277391635Image000046.jpg,13,12,URDBL,523,785,536,797
1277391651Image000003.jpg,12,10,50_SIGN,829,773,841,783
1277391651Image000003.jpg,11,12,50_SIGN,583,781,594,793
1277391651Image000003.jpg,12,10,50_SIGN,829,773,841,783
1277391651Image000003.jpg,11,12,50_SIGN,583,781,594,793
1277391651Image000003.jpg,12,10,50_SIGN,829,773,841,783
1277391651Image000003.jpg,11,12,50_SIGN,583,781,594,793
1277391651Image000008.jpg,14,14,50_SIGN,832,769,846,783
1277391651Image000008.jpg,12,14,50_SIGN,570,777,582,791
1277391651Image000008.jpg,14,14,50_SIGN,832,769,846,783
1277391651Image000008.jpg,12,14,50_SIGN,570,777,582,791
1277391651Image000008.jpg,14,14,50_SIGN,832,769,846,783
1277391651Image000008.jpg,12,14,50_SIGN,570,777,582,791
1277391651Image000013.jpg,11,11,50_SIGN,839,757,850,768
1277391651Image000013.jpg,13,13,50_SIGN,556,768,569,781
1277391651Image000013.jpg,11,11,50_SIGN,839,757,850,768
1277391651Image000013.jpg,13,13,50_SIGN,556,768,569,781
1277391651Image000013.jpg,11,11,50_SIGN,839,757,850,768
1277391651Image000013.jpg,13,13,50_SIGN,556,768,569,781
1277391651Image000018.jpg,14,13,50_SIGN,843,760,857,773
1277391651Image000018.jpg,16,16,50_SIGN,540,771,556,787
1277391651Image000018.jpg,14,13,50_SIGN,843,760,857,773
1277391651Image000018.jpg,16,16,50_SIGN,540,771,556,787
1277391651Image000018.jpg,14,13,50_SIGN,843,760,857,773
1277391651Image000018.jpg,16,16,50_SIGN,540,771,556,787
1277391651Image000023.jpg,18,17,50_SIGN,849,753,867,770
1277391651Image000023.jpg,17,15,50_SIGN,512,769,529,784
1277391651Image000023.jpg,10,9,GIVE_WAY,557,769,567,778
1277391651Image000023.jpg,8,7,OTHER,560,779,568,786
1277391651Image000023.jpg,18,17,50_SIGN,849,753,867,770
1277391651Image000023.jpg,17,15,50_SIGN,512,769,529,784
1277391651Image000023.jpg,10,9,GIVE_WAY,557,769,567,778
1277391651Image000023.jpg,8,7,OTHER,560,779,568,786
1277391651Image000023.jpg,18,17,50_SIGN,849,753,867,770
1277391651Image000023.jpg,17,15,50_SIGN,512,769,529,784
1277391651Image000023.jpg,10,9,GIVE_WAY,557,769,567,778
1277391651Image000023.jpg,8,7,OTHER,560,779,568,786
1277391651Image000023.jpg,18,17,50_SIGN,849,753,867,770
1277391651Image000023.jpg,17,15,50_SIGN,512,769,529,784
1277391651Image000023.jpg,10,9,GIVE_WAY,557,769,567,778
1277391651Image000023.jpg,8,7,OTHER,560,779,568,786
1277391651Image000023.jpg,18,17,50_SIGN,849,753,867,770
1277391651Image000023.jpg,17,15,50_SIGN,512,769,529,784
1277391651Image000023.jpg,10,9,GIVE_WAY,557,769,567,778
1277391651Image000023.jpg,8,7,OTHER,560,779,568,786
1277391651Image000028.jpg,17,16,50_SIGN,864,750,881,766
1277391651Image000028.jpg,20,18,50_SIGN,488,765,508,783
1277391651Image000028.jpg,11,8,GIVE_WAY,570,773,581,781
1277391651Image000028.jpg,8,7,OTHER,573,780,581,787
1277391651Image000028.jpg,17,16,50_SIGN,864,750,881,766
1277391651Image000028.jpg,20,18,50_SIGN,488,765,508,783
1277391651Image000028.jpg,11,8,GIVE_WAY,570,773,581,781
1277391651Image000028.jpg,8,7,OTHER,573,780,581,787
1277391651Image000028.jpg,17,16,50_SIGN,864,750,881,766
1277391651Image000028.jpg,20,18,50_SIGN,488,765,508,783
1277391651Image000028.jpg,11,8,GIVE_WAY,570,773,581,781
1277391651Image000028.jpg,8,7,OTHER,573,780,581,787
1277391651Image000028.jpg,17,16,50_SIGN,864,750,881,766
1277391651Image000028.jpg,20,18,50_SIGN,488,765,508,783
1277391651Image000028.jpg,11,8,GIVE_WAY,570,773,581,781
1277391651Image000028.jpg,8,7,OTHER,573,780,581,787
1277391651Image000028.jpg,17,16,50_SIGN,864,750,881,766
1277391651Image000028.jpg,20,18,50_SIGN,488,765,508,783
1277391651Image000028.jpg,11,8,GIVE_WAY,570,773,581,781
1277391651Image000028.jpg,8,7,OTHER,573,780,581,787
1277391651Image000038.jpg,22,21,50_SIGN,916,734,938,755
1277391651Image000038.jpg,18,20,50_SIGN,445,756,463,776
1277391651Image000038.jpg,8,7,GIVE_WAY,539,764,547,771
1277391651Image000038.jpg,9,9,OTHER,541,771,550,780
1277391651Image000038.jpg,22,21,50_SIGN,916,734,938,755
1277391651Image000038.jpg,18,20,50_SIGN,445,756,463,776
1277391651Image000038.jpg,8,7,GIVE_WAY,539,764,547,771
1277391651Image000038.jpg,9,9,OTHER,541,771,550,780
1277391651Image000038.jpg,22,21,50_SIGN,916,734,938,755
1277391651Image000038.jpg,18,20,50_SIGN,445,756,463,776
1277391651Image000038.jpg,8,7,GIVE_WAY,539,764,547,771
1277391651Image000038.jpg,9,9,OTHER,541,771,550,780
1277391651Image000038.jpg,22,21,50_SIGN,916,734,938,755
1277391651Image000038.jpg,18,20,50_SIGN,445,756,463,776
1277391651Image000038.jpg,8,7,GIVE_WAY,539,764,547,771
1277391651Image000038.jpg,9,9,OTHER,541,771,550,780
1277391651Image000038.jpg,22,21,50_SIGN,916,734,938,755
1277391651Image000038.jpg,18,20,50_SIGN,445,756,463,776
1277391651Image000038.jpg,8,7,GIVE_WAY,539,764,547,771
1277391651Image000038.jpg,9,9,OTHER,541,771,550,780
1277391651Image000043.jpg,24,23,50_SIGN,954,733,978,756
1277391651Image000043.jpg,24,21,50_SIGN,415,755,439,776
1277391651Image000043.jpg,13,11,GIVE_WAY,529,765,542,776
1277391651Image000043.jpg,11,9,OTHER,531,775,542,784
1277391651Image000043.jpg,24,23,50_SIGN,954,733,978,756
1277391651Image000043.jpg,24,21,50_SIGN,415,755,439,776
1277391651Image000043.jpg,13,11,GIVE_WAY,529,765,542,776
1277391651Image000043.jpg,11,9,OTHER,531,775,542,784
1277391651Image000043.jpg,24,23,50_SIGN,954,733,978,756
1277391651Image000043.jpg,24,21,50_SIGN,415,755,439,776
1277391651Image000043.jpg,13,11,GIVE_WAY,529,765,542,776
1277391651Image000043.jpg,11,9,OTHER,531,775,542,784
1277391651Image000043.jpg,24,23,50_SIGN,954,733,978,756
1277391651Image000043.jpg,24,21,50_SIGN,415,755,439,776
1277391651Image000043.jpg,13,11,GIVE_WAY,529,765,542,776
1277391651Image000043.jpg,11,9,OTHER,531,775,542,784
1277391651Image000043.jpg,24,23,50_SIGN,954,733,978,756
1277391651Image000043.jpg,24,21,50_SIGN,415,755,439,776
1277391651Image000043.jpg,13,11,GIVE_WAY,529,765,542,776
1277391651Image000043.jpg,11,9,OTHER,531,775,542,784
1277391651Image000048.jpg,30,29,50_SIGN,1011,717,1041,746
1277391651Image000048.jpg,29,28,50_SIGN,372,745,401,773
1277391651Image000048.jpg,11,10,GIVE_WAY,520,761,531,771
1277391651Image000048.jpg,9,9,OTHER,522,772,531,781
1277391651Image000048.jpg,30,29,50_SIGN,1011,717,1041,746
1277391651Image000048.jpg,29,28,50_SIGN,372,745,401,773
1277391651Image000048.jpg,11,10,GIVE_WAY,520,761,531,771
1277391651Image000048.jpg,9,9,OTHER,522,772,531,781
1277391651Image000048.jpg,30,29,50_SIGN,1011,717,1041,746
1277391651Image000048.jpg,29,28,50_SIGN,372,745,401,773
1277391651Image000048.jpg,11,10,GIVE_WAY,520,761,531,771
1277391651Image000048.jpg,9,9,OTHER,522,772,531,781
1277391651Image000048.jpg,30,29,50_SIGN,1011,717,1041,746
1277391651Image000048.jpg,29,28,50_SIGN,372,745,401,773
1277391651Image000048.jpg,11,10,GIVE_WAY,520,761,531,771
1277391651Image000048.jpg,9,9,OTHER,522,772,531,781
1277391651Image000048.jpg,30,29,50_SIGN,1011,717,1041,746
1277391651Image000048.jpg,29,28,50_SIGN,372,745,401,773
1277391651Image000048.jpg,11,10,GIVE_WAY,520,761,531,771
1277391651Image000048.jpg,9,9,OTHER,522,772,531,781
1277391651Image000053.jpg,35,34,50_SIGN,1080,699,1115,733
1277391651Image000053.jpg,32,33,50_SIGN,322,731,354,764
1277391651Image000053.jpg,13,11,GIVE_WAY,507,754,520,765
1277391651Image000053.jpg,12,13,OTHER,508,763,520,776
1277391651Image000053.jpg,35,34,50_SIGN,1080,699,1115,733
1277391651Image000053.jpg,32,33,50_SIGN,322,731,354,764
1277391651Image000053.jpg,13,11,GIVE_WAY,507,754,520,765
1277391651Image000053.jpg,12,13,OTHER,508,763,520,776
1277391651Image000053.jpg,35,34,50_SIGN,1080,699,1115,733
1277391651Image000053.jpg,32,33,50_SIGN,322,731,354,764
1277391651Image000053.jpg,13,11,GIVE_WAY,507,754,520,765
1277391651Image000053.jpg,12,13,OTHER,508,763,520,776
1277391651Image000053.jpg,35,34,50_SIGN,1080,699,1115,733
1277391651Image000053.jpg,32,33,50_SIGN,322,731,354,764
1277391651Image000053.jpg,13,11,GIVE_WAY,507,754,520,765
1277391651Image000053.jpg,12,13,OTHER,508,763,520,776
1277391651Image000053.jpg,35,34,50_SIGN,1080,699,1115,733
1277391651Image000053.jpg,32,33,50_SIGN,322,731,354,764
1277391651Image000053.jpg,13,11,GIVE_WAY,507,754,520,765
1277391651Image000053.jpg,12,13,OTHER,508,763,520,776
1277391651Image000063.jpg,67,67,50_SIGN,26,667,93,734
1277391651Image000063.jpg,13,13,GIVE_WAY,477,742,490,755
1277391651Image000063.jpg,15,12,OTHER,477,757,492,769
1277391651Image000063.jpg,67,67,50_SIGN,26,667,93,734
1277391651Image000063.jpg,13,13,GIVE_WAY,477,742,490,755
1277391651Image000063.jpg,15,12,OTHER,477,757,492,769
1277391651Image000063.jpg,67,67,50_SIGN,26,667,93,734
1277391651Image000063.jpg,13,13,GIVE_WAY,477,742,490,755
1277391651Image000063.jpg,15,12,OTHER,477,757,492,769
1277391651Image000063.jpg,67,67,50_SIGN,26,667,93,734
1277391651Image000063.jpg,13,13,GIVE_WAY,477,742,490,755
1277391651Image000063.jpg,15,12,OTHER,477,757,492,769
1277391651Image000068.jpg,13,12,GIVE_WAY,465,743,478,755
1277391651Image000068.jpg,13,13,OTHER,466,756,479,769
1277391651Image000068.jpg,13,12,GIVE_WAY,465,743,478,755
1277391651Image000068.jpg,13,13,OTHER,466,756,479,769
1277391651Image000068.jpg,13,12,GIVE_WAY,465,743,478,755
1277391651Image000068.jpg,13,13,OTHER,466,756,479,769
1277391651Image000073.jpg,16,14,GIVE_WAY,443,739,459,753
1277391651Image000073.jpg,17,15,OTHER,444,754,461,769
1277391651Image000073.jpg,16,14,GIVE_WAY,443,739,459,753
1277391651Image000073.jpg,17,15,OTHER,444,754,461,769
1277391651Image000073.jpg,16,14,GIVE_WAY,443,739,459,753
1277391651Image000073.jpg,17,15,OTHER,444,754,461,769
1277391651Image000078.jpg,18,15,GIVE_WAY,422,744,440,759
1277391651Image000078.jpg,16,18,OTHER,423,759,439,777
1277391651Image000078.jpg,18,15,GIVE_WAY,422,744,440,759
1277391651Image000078.jpg,16,18,OTHER,423,759,439,777
1277391651Image000078.jpg,18,15,GIVE_WAY,422,744,440,759
1277391651Image000078.jpg,16,18,OTHER,423,759,439,777
1277391651Image000083.jpg,17,16,GIVE_WAY,400,730,417,746
1277391651Image000083.jpg,24,20,OTHER,396,742,420,762
1277391651Image000083.jpg,17,16,GIVE_WAY,400,730,417,746
1277391651Image000083.jpg,24,20,OTHER,396,742,420,762
1277391651Image000083.jpg,17,16,GIVE_WAY,400,730,417,746
1277391651Image000083.jpg,24,20,OTHER,396,742,420,762
1277391651Image000088.jpg,23,21,GIVE_WAY,373,728,396,749
1277391651Image000088.jpg,19,19,OTHER,374,748,393,767
1277391651Image000088.jpg,23,21,GIVE_WAY,373,728,396,749
1277391651Image000088.jpg,19,19,OTHER,374,748,393,767
1277391651Image000088.jpg,23,21,GIVE_WAY,373,728,396,749
1277391651Image000088.jpg,19,19,OTHER,374,748,393,767
1277391651Image000093.jpg,24,22,GIVE_WAY,351,724,375,746
1277391651Image000093.jpg,23,21,OTHER,352,746,375,767
1277391651Image000093.jpg,24,22,GIVE_WAY,351,724,375,746
1277391651Image000093.jpg,23,21,OTHER,352,746,375,767
1277391651Image000093.jpg,24,22,GIVE_WAY,351,724,375,746
1277391651Image000093.jpg,23,21,OTHER,352,746,375,767
1277391651Image000098.jpg,22,24,GIVE_WAY,335,728,357,752
1277391651Image000098.jpg,24,22,OTHER,335,753,359,775
1277391651Image000098.jpg,22,24,GIVE_WAY,335,728,357,752
1277391651Image000098.jpg,24,22,OTHER,335,753,359,775
1277391651Image000098.jpg,22,24,GIVE_WAY,335,728,357,752
1277391651Image000098.jpg,24,22,OTHER,335,753,359,775
1277391651Image000103.jpg,27,25,GIVE_WAY,794,714,821,739
1277391651Image000103.jpg,25,25,OTHER,796,736,821,761
1277391651Image000103.jpg,30,27,GIVE_WAY,315,716,345,743
1277391651Image000103.jpg,30,27,OTHER,315,741,345,768
1277391651Image000103.jpg,27,25,GIVE_WAY,794,714,821,739
1277391651Image000103.jpg,25,25,OTHER,796,736,821,761
1277391651Image000103.jpg,30,27,GIVE_WAY,315,716,345,743
1277391651Image000103.jpg,30,27,OTHER,315,741,345,768
1277391651Image000103.jpg,27,25,GIVE_WAY,794,714,821,739
1277391651Image000103.jpg,25,25,OTHER,796,736,821,761
1277391651Image000103.jpg,30,27,GIVE_WAY,315,716,345,743
1277391651Image000103.jpg,30,27,OTHER,315,741,345,768
1277391651Image000103.jpg,27,25,GIVE_WAY,794,714,821,739
1277391651Image000103.jpg,25,25,OTHER,796,736,821,761
1277391651Image000103.jpg,30,27,GIVE_WAY,315,716,345,743
1277391651Image000103.jpg,30,27,OTHER,315,741,345,768
1277391651Image000103.jpg,27,25,GIVE_WAY,794,714,821,739
1277391651Image000103.jpg,25,25,OTHER,796,736,821,761
1277391651Image000103.jpg,30,27,GIVE_WAY,315,716,345,743
1277391651Image000103.jpg,30,27,OTHER,315,741,345,768
1277391651Image000108.jpg,28,29,GIVE_WAY,850,703,878,732
1277391651Image000108.jpg,30,30,OTHER,849,730,879,760
1277391651Image000108.jpg,31,30,GIVE_WAY,293,712,324,742
1277391651Image000108.jpg,35,29,OTHER,291,740,326,769
1277391651Image000108.jpg,28,29,GIVE_WAY,850,703,878,732
1277391651Image000108.jpg,30,30,OTHER,849,730,879,760
1277391651Image000108.jpg,31,30,GIVE_WAY,293,712,324,742
1277391651Image000108.jpg,35,29,OTHER,291,740,326,769
1277391651Image000108.jpg,28,29,GIVE_WAY,850,703,878,732
1277391651Image000108.jpg,30,30,OTHER,849,730,879,760
1277391651Image000108.jpg,31,30,GIVE_WAY,293,712,324,742
1277391651Image000108.jpg,35,29,OTHER,291,740,326,769
1277391651Image000108.jpg,28,29,GIVE_WAY,850,703,878,732
1277391651Image000108.jpg,30,30,OTHER,849,730,879,760
1277391651Image000108.jpg,31,30,GIVE_WAY,293,712,324,742
1277391651Image000108.jpg,35,29,OTHER,291,740,326,769
1277391651Image000108.jpg,28,29,GIVE_WAY,850,703,878,732
1277391651Image000108.jpg,30,30,OTHER,849,730,879,760
1277391651Image000108.jpg,31,30,GIVE_WAY,293,712,324,742
1277391651Image000108.jpg,35,29,OTHER,291,740,326,769
1277391651Image000113.jpg,37,33,GIVE_WAY,921,683,958,716
1277391651Image000113.jpg,41,38,OTHER,924,715,965,753
1277391651Image000113.jpg,35,36,GIVE_WAY,267,705,302,741
1277391651Image000113.jpg,36,39,OTHER,268,738,304,777
1277391651Image000113.jpg,37,33,GIVE_WAY,921,683,958,716
1277391651Image000113.jpg,41,38,OTHER,924,715,965,753
1277391651Image000113.jpg,35,36,GIVE_WAY,267,705,302,741
1277391651Image000113.jpg,36,39,OTHER,268,738,304,777
1277391651Image000113.jpg,37,33,GIVE_WAY,921,683,958,716
1277391651Image000113.jpg,41,38,OTHER,924,715,965,753
1277391651Image000113.jpg,35,36,GIVE_WAY,267,705,302,741
1277391651Image000113.jpg,36,39,OTHER,268,738,304,777
1277391651Image000113.jpg,37,33,GIVE_WAY,921,683,958,716
1277391651Image000113.jpg,41,38,OTHER,924,715,965,753
1277391651Image000113.jpg,35,36,GIVE_WAY,267,705,302,741
1277391651Image000113.jpg,36,39,OTHER,268,738,304,777
1277391651Image000123.jpg,60,46,GIVE_WAY,1096,628,1156,674
1277391651Image000123.jpg,42,45,OTHER,1110,673,1152,718
1277391651Image000123.jpg,53,47,GIVE_WAY,200,667,253,714
1277391651Image000123.jpg,48,48,OTHER,207,713,255,761
1277391651Image000123.jpg,60,46,GIVE_WAY,1096,628,1156,674
1277391651Image000123.jpg,42,45,OTHER,1110,673,1152,718
1277391651Image000123.jpg,53,47,GIVE_WAY,200,667,253,714
1277391651Image000123.jpg,48,48,OTHER,207,713,255,761
1277391651Image000123.jpg,60,46,GIVE_WAY,1096,628,1156,674
1277391651Image000123.jpg,42,45,OTHER,1110,673,1152,718
1277391651Image000123.jpg,53,47,GIVE_WAY,200,667,253,714
1277391651Image000123.jpg,48,48,OTHER,207,713,255,761
1277391651Image000123.jpg,60,46,GIVE_WAY,1096,628,1156,674
1277391651Image000123.jpg,42,45,OTHER,1110,673,1152,718
1277391651Image000123.jpg,53,47,GIVE_WAY,200,667,253,714
1277391651Image000123.jpg,48,48,OTHER,207,713,255,761
1277391651Image000133.jpg,82,75,GIVE_WAY,49,596,131,671
1277391651Image000133.jpg,69,70,OTHER,54,673,123,743
1277391651Image000133.jpg,82,75,GIVE_WAY,49,596,131,671
1277391651Image000133.jpg,69,70,OTHER,54,673,123,743
1277391703Image000003.jpg,17,15,50_SIGN,749,752,766,767
1277391703Image000003.jpg,17,17,50_SIGN,448,770,465,787
1277391703Image000003.jpg,17,15,50_SIGN,749,752,766,767
1277391703Image000003.jpg,17,17,50_SIGN,448,770,465,787
1277391703Image000003.jpg,17,15,50_SIGN,749,752,766,767
1277391703Image000003.jpg,17,17,50_SIGN,448,770,465,787
1277391703Image000008.jpg,14,16,50_SIGN,753,747,767,763
1277391703Image000008.jpg,16,16,50_SIGN,430,769,446,785
1277391703Image000008.jpg,8,7,GIVE_WAY,567,765,575,772
1277391703Image000008.jpg,7,7,OTHER,569,770,576,777
1277391703Image000008.jpg,14,16,50_SIGN,753,747,767,763
1277391703Image000008.jpg,16,16,50_SIGN,430,769,446,785
1277391703Image000008.jpg,8,7,GIVE_WAY,567,765,575,772
1277391703Image000008.jpg,7,7,OTHER,569,770,576,777
1277391703Image000008.jpg,14,16,50_SIGN,753,747,767,763
1277391703Image000008.jpg,16,16,50_SIGN,430,769,446,785
1277391703Image000008.jpg,8,7,GIVE_WAY,567,765,575,772
1277391703Image000008.jpg,7,7,OTHER,569,770,576,777
1277391703Image000008.jpg,14,16,50_SIGN,753,747,767,763
1277391703Image000008.jpg,16,16,50_SIGN,430,769,446,785
1277391703Image000008.jpg,8,7,GIVE_WAY,567,765,575,772
1277391703Image000008.jpg,7,7,OTHER,569,770,576,777
1277391703Image000008.jpg,14,16,50_SIGN,753,747,767,763
1277391703Image000008.jpg,16,16,50_SIGN,430,769,446,785
1277391703Image000008.jpg,8,7,GIVE_WAY,567,765,575,772
1277391703Image000008.jpg,7,7,OTHER,569,770,576,777
1277391703Image000013.jpg,15,16,50_SIGN,755,746,770,762
1277391703Image000013.jpg,19,19,50_SIGN,411,767,430,786
1277391703Image000013.jpg,8,6,GIVE_WAY,559,765,567,771
1277391703Image000013.jpg,6,5,OTHER,563,772,569,777
1277391703Image000013.jpg,15,16,50_SIGN,755,746,770,762
1277391703Image000013.jpg,19,19,50_SIGN,411,767,430,786
1277391703Image000013.jpg,8,6,GIVE_WAY,559,765,567,771
1277391703Image000013.jpg,6,5,OTHER,563,772,569,777
1277391703Image000013.jpg,15,16,50_SIGN,755,746,770,762
1277391703Image000013.jpg,19,19,50_SIGN,411,767,430,786
1277391703Image000013.jpg,8,6,GIVE_WAY,559,765,567,771
1277391703Image000013.jpg,6,5,OTHER,563,772,569,777
1277391703Image000013.jpg,15,16,50_SIGN,755,746,770,762
1277391703Image000013.jpg,19,19,50_SIGN,411,767,430,786
1277391703Image000013.jpg,8,6,GIVE_WAY,559,765,567,771
1277391703Image000013.jpg,6,5,OTHER,563,772,569,777
1277391703Image000013.jpg,15,16,50_SIGN,755,746,770,762
1277391703Image000013.jpg,19,19,50_SIGN,411,767,430,786
1277391703Image000013.jpg,8,6,GIVE_WAY,559,765,567,771
1277391703Image000013.jpg,6,5,OTHER,563,772,569,777
1277391703Image000018.jpg,18,19,50_SIGN,758,744,776,763
1277391703Image000018.jpg,19,18,50_SIGN,388,770,407,788
1277391703Image000018.jpg,9,9,GIVE_WAY,550,764,559,773
1277391703Image000018.jpg,11,9,OTHER,550,772,561,781
1277391703Image000018.jpg,18,19,50_SIGN,758,744,776,763
1277391703Image000018.jpg,19,18,50_SIGN,388,770,407,788
1277391703Image000018.jpg,9,9,GIVE_WAY,550,764,559,773
1277391703Image000018.jpg,11,9,OTHER,550,772,561,781
1277391703Image000018.jpg,18,19,50_SIGN,758,744,776,763
1277391703Image000018.jpg,19,18,50_SIGN,388,770,407,788
1277391703Image000018.jpg,9,9,GIVE_WAY,550,764,559,773
1277391703Image000018.jpg,11,9,OTHER,550,772,561,781
1277391703Image000018.jpg,18,19,50_SIGN,758,744,776,763
1277391703Image000018.jpg,19,18,50_SIGN,388,770,407,788
1277391703Image000018.jpg,9,9,GIVE_WAY,550,764,559,773
1277391703Image000018.jpg,11,9,OTHER,550,772,561,781
1277391703Image000018.jpg,18,19,50_SIGN,758,744,776,763
1277391703Image000018.jpg,19,18,50_SIGN,388,770,407,788
1277391703Image000018.jpg,9,9,GIVE_WAY,550,764,559,773
1277391703Image000018.jpg,11,9,OTHER,550,772,561,781
1277391703Image000023.jpg,19,23,50_SIGN,764,740,783,763
1277391703Image000023.jpg,18,20,50_SIGN,358,767,376,787
1277391703Image000023.jpg,8,8,GIVE_WAY,541,765,549,773
1277391703Image000023.jpg,8,7,OTHER,543,772,551,779
1277391703Image000023.jpg,19,23,50_SIGN,764,740,783,763
1277391703Image000023.jpg,18,20,50_SIGN,358,767,376,787
1277391703Image000023.jpg,8,8,GIVE_WAY,541,765,549,773
1277391703Image000023.jpg,8,7,OTHER,543,772,551,779
1277391703Image000023.jpg,19,23,50_SIGN,764,740,783,763
1277391703Image000023.jpg,18,20,50_SIGN,358,767,376,787
1277391703Image000023.jpg,8,8,GIVE_WAY,541,765,549,773
1277391703Image000023.jpg,8,7,OTHER,543,772,551,779
1277391703Image000023.jpg,19,23,50_SIGN,764,740,783,763
1277391703Image000023.jpg,18,20,50_SIGN,358,767,376,787
1277391703Image000023.jpg,8,8,GIVE_WAY,541,765,549,773
1277391703Image000023.jpg,8,7,OTHER,543,772,551,779
1277391703Image000023.jpg,19,23,50_SIGN,764,740,783,763
1277391703Image000023.jpg,18,20,50_SIGN,358,767,376,787
1277391703Image000023.jpg,8,8,GIVE_WAY,541,765,549,773
1277391703Image000023.jpg,8,7,OTHER,543,772,551,779
1277391703Image000028.jpg,22,24,50_SIGN,773,733,795,757
1277391703Image000028.jpg,23,21,50_SIGN,322,765,345,786
1277391703Image000028.jpg,10,9,GIVE_WAY,530,761,540,770
1277391703Image000028.jpg,8,8,OTHER,531,770,539,778
1277391703Image000028.jpg,22,24,50_SIGN,773,733,795,757
1277391703Image000028.jpg,23,21,50_SIGN,322,765,345,786
1277391703Image000028.jpg,10,9,GIVE_WAY,530,761,540,770
1277391703Image000028.jpg,8,8,OTHER,531,770,539,778
1277391703Image000028.jpg,22,24,50_SIGN,773,733,795,757
1277391703Image000028.jpg,23,21,50_SIGN,322,765,345,786
1277391703Image000028.jpg,10,9,GIVE_WAY,530,761,540,770
1277391703Image000028.jpg,8,8,OTHER,531,770,539,778
1277391703Image000028.jpg,22,24,50_SIGN,773,733,795,757
1277391703Image000028.jpg,23,21,50_SIGN,322,765,345,786
1277391703Image000028.jpg,10,9,GIVE_WAY,530,761,540,770
1277391703Image000028.jpg,8,8,OTHER,531,770,539,778
1277391703Image000028.jpg,22,24,50_SIGN,773,733,795,757
1277391703Image000028.jpg,23,21,50_SIGN,322,765,345,786
1277391703Image000028.jpg,10,9,GIVE_WAY,530,761,540,770
1277391703Image000028.jpg,8,8,OTHER,531,770,539,778
1277391703Image000033.jpg,21,23,50_SIGN,785,733,806,756
1277391703Image000033.jpg,26,25,50_SIGN,287,765,313,790
1277391703Image000033.jpg,7,7,GIVE_WAY,522,764,529,771
1277391703Image000033.jpg,8,8,OTHER,523,770,531,778
1277391703Image000033.jpg,21,23,50_SIGN,785,733,806,756
1277391703Image000033.jpg,26,25,50_SIGN,287,765,313,790
1277391703Image000033.jpg,7,7,GIVE_WAY,522,764,529,771
1277391703Image000033.jpg,8,8,OTHER,523,770,531,778
1277391703Image000033.jpg,21,23,50_SIGN,785,733,806,756
1277391703Image000033.jpg,26,25,50_SIGN,287,765,313,790
1277391703Image000033.jpg,7,7,GIVE_WAY,522,764,529,771
1277391703Image000033.jpg,8,8,OTHER,523,770,531,778
1277391703Image000033.jpg,21,23,50_SIGN,785,733,806,756
1277391703Image000033.jpg,26,25,50_SIGN,287,765,313,790
1277391703Image000033.jpg,7,7,GIVE_WAY,522,764,529,771
1277391703Image000033.jpg,8,8,OTHER,523,770,531,778
1277391703Image000033.jpg,21,23,50_SIGN,785,733,806,756
1277391703Image000033.jpg,26,25,50_SIGN,287,765,313,790
1277391703Image000033.jpg,7,7,GIVE_WAY,522,764,529,771
1277391703Image000033.jpg,8,8,OTHER,523,770,531,778
1277391703Image000038.jpg,24,24,50_SIGN,797,730,821,754
1277391703Image000038.jpg,23,24,50_SIGN,250,769,273,793
1277391703Image000038.jpg,10,10,GIVE_WAY,512,764,522,774
1277391703Image000038.jpg,6,8,OTHER,515,774,521,782
1277391703Image000038.jpg,24,24,50_SIGN,797,730,821,754
1277391703Image000038.jpg,23,24,50_SIGN,250,769,273,793
1277391703Image000038.jpg,10,10,GIVE_WAY,512,764,522,774
1277391703Image000038.jpg,6,8,OTHER,515,774,521,782
1277391703Image000038.jpg,24,24,50_SIGN,797,730,821,754
1277391703Image000038.jpg,23,24,50_SIGN,250,769,273,793
1277391703Image000038.jpg,10,10,GIVE_WAY,512,764,522,774
1277391703Image000038.jpg,6,8,OTHER,515,774,521,782
1277391703Image000038.jpg,24,24,50_SIGN,797,730,821,754
1277391703Image000038.jpg,23,24,50_SIGN,250,769,273,793
1277391703Image000038.jpg,10,10,GIVE_WAY,512,764,522,774
1277391703Image000038.jpg,6,8,OTHER,515,774,521,782
1277391703Image000038.jpg,24,24,50_SIGN,797,730,821,754
1277391703Image000038.jpg,23,24,50_SIGN,250,769,273,793
1277391703Image000038.jpg,10,10,GIVE_WAY,512,764,522,774
1277391703Image000038.jpg,6,8,OTHER,515,774,521,782
1277391703Image000043.jpg,28,28,50_SIGN,815,723,843,751
1277391703Image000043.jpg,30,31,50_SIGN,188,766,218,797
1277391703Image000043.jpg,12,7,GIVE_WAY,497,766,509,773
1277391703Image000043.jpg,9,7,OTHER,501,774,510,781
1277391703Image000043.jpg,28,28,50_SIGN,815,723,843,751
1277391703Image000043.jpg,30,31,50_SIGN,188,766,218,797
1277391703Image000043.jpg,12,7,GIVE_WAY,497,766,509,773
1277391703Image000043.jpg,9,7,OTHER,501,774,510,781
1277391703Image000043.jpg,28,28,50_SIGN,815,723,843,751
1277391703Image000043.jpg,30,31,50_SIGN,188,766,218,797
1277391703Image000043.jpg,12,7,GIVE_WAY,497,766,509,773
1277391703Image000043.jpg,9,7,OTHER,501,774,510,781
1277391703Image000043.jpg,28,28,50_SIGN,815,723,843,751
1277391703Image000043.jpg,30,31,50_SIGN,188,766,218,797
1277391703Image000043.jpg,12,7,GIVE_WAY,497,766,509,773
1277391703Image000043.jpg,9,7,OTHER,501,774,510,781
1277391703Image000043.jpg,28,28,50_SIGN,815,723,843,751
1277391703Image000043.jpg,30,31,50_SIGN,188,766,218,797
1277391703Image000043.jpg,12,7,GIVE_WAY,497,766,509,773
1277391703Image000043.jpg,9,7,OTHER,501,774,510,781
1277391703Image000053.jpg,34,36,50_SIGN,868,710,902,746
1277391703Image000053.jpg,32,35,50_SIGN,48,765,80,800
1277391703Image000053.jpg,12,11,GIVE_WAY,478,767,490,778
1277391703Image000053.jpg,10,7,OTHER,482,778,492,785
1277391703Image000053.jpg,34,36,50_SIGN,868,710,902,746
1277391703Image000053.jpg,32,35,50_SIGN,48,765,80,800
1277391703Image000053.jpg,12,11,GIVE_WAY,478,767,490,778
1277391703Image000053.jpg,10,7,OTHER,482,778,492,785
1277391703Image000053.jpg,34,36,50_SIGN,868,710,902,746
1277391703Image000053.jpg,32,35,50_SIGN,48,765,80,800
1277391703Image000053.jpg,12,11,GIVE_WAY,478,767,490,778
1277391703Image000053.jpg,10,7,OTHER,482,778,492,785
1277391703Image000053.jpg,34,36,50_SIGN,868,710,902,746
1277391703Image000053.jpg,32,35,50_SIGN,48,765,80,800
1277391703Image000053.jpg,12,11,GIVE_WAY,478,767,490,778
1277391703Image000053.jpg,10,7,OTHER,482,778,492,785
1277391703Image000058.jpg,45,48,50_SIGN,917,686,962,734
1277391703Image000058.jpg,10,11,GIVE_WAY,468,761,478,772
1277391703Image000058.jpg,7,9,OTHER,470,771,477,780
1277391703Image000058.jpg,45,48,50_SIGN,917,686,962,734
1277391703Image000058.jpg,10,11,GIVE_WAY,468,761,478,772
1277391703Image000058.jpg,7,9,OTHER,470,771,477,780
1277391703Image000058.jpg,45,48,50_SIGN,917,686,962,734
1277391703Image000058.jpg,10,11,GIVE_WAY,468,761,478,772
1277391703Image000058.jpg,7,9,OTHER,470,771,477,780
1277391703Image000063.jpg,52,61,50_SIGN,1001,661,1053,722
1277391703Image000063.jpg,9,10,GIVE_WAY,455,763,464,773
1277391703Image000063.jpg,10,10,OTHER,457,773,467,783
1277391703Image000063.jpg,52,61,50_SIGN,1001,661,1053,722
1277391703Image000063.jpg,9,10,GIVE_WAY,455,763,464,773
1277391703Image000063.jpg,10,10,OTHER,457,773,467,783
1277391703Image000063.jpg,52,61,50_SIGN,1001,661,1053,722
1277391703Image000063.jpg,9,10,GIVE_WAY,455,763,464,773
1277391703Image000063.jpg,10,10,OTHER,457,773,467,783
1277391703Image000073.jpg,12,13,GIVE_WAY,430,759,442,772
1277391703Image000073.jpg,11,10,OTHER,431,771,442,781
1277391703Image000073.jpg,16,13,GIVE_WAY,599,743,615,756
1277391703Image000073.jpg,12,13,GIVE_WAY,430,759,442,772
1277391703Image000073.jpg,11,10,OTHER,431,771,442,781
1277391703Image000073.jpg,16,13,GIVE_WAY,599,743,615,756
1277391703Image000073.jpg,12,13,GIVE_WAY,430,759,442,772
1277391703Image000073.jpg,11,10,OTHER,431,771,442,781
1277391703Image000073.jpg,16,13,GIVE_WAY,599,743,615,756
1277391703Image000078.jpg,11,12,GIVE_WAY,419,763,430,775
1277391703Image000078.jpg,12,12,OTHER,421,775,433,787
1277391703Image000078.jpg,17,17,GIVE_WAY,599,744,616,761
1277391703Image000078.jpg,11,12,GIVE_WAY,419,763,430,775
1277391703Image000078.jpg,12,12,OTHER,421,775,433,787
1277391703Image000078.jpg,17,17,GIVE_WAY,599,744,616,761
1277391703Image000078.jpg,11,12,GIVE_WAY,419,763,430,775
1277391703Image000078.jpg,12,12,OTHER,421,775,433,787
1277391703Image000078.jpg,17,17,GIVE_WAY,599,744,616,761
1277391703Image000083.jpg,14,12,GIVE_WAY,405,766,419,778
1277391703Image000083.jpg,14,15,OTHER,408,777,422,792
1277391703Image000083.jpg,16,13,GIVE_WAY,602,748,618,761
1277391703Image000083.jpg,12,13,OTHER,605,761,617,774
1277391703Image000083.jpg,14,12,GIVE_WAY,405,766,419,778
1277391703Image000083.jpg,14,15,OTHER,408,777,422,792
1277391703Image000083.jpg,16,13,GIVE_WAY,602,748,618,761
1277391703Image000083.jpg,12,13,OTHER,605,761,617,774
1277391703Image000083.jpg,14,12,GIVE_WAY,405,766,419,778
1277391703Image000083.jpg,14,15,OTHER,408,777,422,792
1277391703Image000083.jpg,16,13,GIVE_WAY,602,748,618,761
1277391703Image000083.jpg,12,13,OTHER,605,761,617,774
1277391703Image000083.jpg,14,12,GIVE_WAY,405,766,419,778
1277391703Image000083.jpg,14,15,OTHER,408,777,422,792
1277391703Image000083.jpg,16,13,GIVE_WAY,602,748,618,761
1277391703Image000083.jpg,12,13,OTHER,605,761,617,774
1277391703Image000088.jpg,15,12,GIVE_WAY,394,751,409,763
1277391703Image000088.jpg,16,16,OTHER,396,762,412,778
1277391703Image000088.jpg,15,14,GIVE_WAY,609,731,624,745
1277391703Image000088.jpg,13,13,OTHER,611,745,624,758
1277391703Image000088.jpg,15,12,GIVE_WAY,394,751,409,763
1277391703Image000088.jpg,16,16,OTHER,396,762,412,778
1277391703Image000088.jpg,15,14,GIVE_WAY,609,731,624,745
1277391703Image000088.jpg,13,13,OTHER,611,745,624,758
1277391703Image000088.jpg,15,12,GIVE_WAY,394,751,409,763
1277391703Image000088.jpg,16,16,OTHER,396,762,412,778
1277391703Image000088.jpg,15,14,GIVE_WAY,609,731,624,745
1277391703Image000088.jpg,13,13,OTHER,611,745,624,758
1277391703Image000088.jpg,15,12,GIVE_WAY,394,751,409,763
1277391703Image000088.jpg,16,16,OTHER,396,762,412,778
1277391703Image000088.jpg,15,14,GIVE_WAY,609,731,624,745
1277391703Image000088.jpg,13,13,OTHER,611,745,624,758
1277391703Image000093.jpg,17,15,GIVE_WAY,383,751,400,766
1277391703Image000093.jpg,16,17,OTHER,386,765,402,782
1277391703Image000093.jpg,17,17,GIVE_WAY,617,731,634,748
1277391703Image000093.jpg,14,13,OTHER,621,747,635,760
1277391703Image000093.jpg,17,15,GIVE_WAY,383,751,400,766
1277391703Image000093.jpg,16,17,OTHER,386,765,402,782
1277391703Image000093.jpg,17,17,GIVE_WAY,617,731,634,748
1277391703Image000093.jpg,14,13,OTHER,621,747,635,760
1277391703Image000093.jpg,17,15,GIVE_WAY,383,751,400,766
1277391703Image000093.jpg,16,17,OTHER,386,765,402,782
1277391703Image000093.jpg,17,17,GIVE_WAY,617,731,634,748
1277391703Image000093.jpg,14,13,OTHER,621,747,635,760
1277391703Image000093.jpg,17,15,GIVE_WAY,383,751,400,766
1277391703Image000093.jpg,16,17,OTHER,386,765,402,782
1277391703Image000093.jpg,17,17,GIVE_WAY,617,731,634,748
1277391703Image000093.jpg,14,13,OTHER,621,747,635,760
1277391703Image000098.jpg,19,16,GIVE_WAY,625,724,644,740
1277391703Image000098.jpg,17,17,OTHER,625,739,642,756
1277391703Image000098.jpg,17,17,GIVE_WAY,375,745,392,762
1277391703Image000098.jpg,15,15,OTHER,378,761,393,776
1277391703Image000098.jpg,19,16,GIVE_WAY,625,724,644,740
1277391703Image000098.jpg,17,17,OTHER,625,739,642,756
1277391703Image000098.jpg,17,17,GIVE_WAY,375,745,392,762
1277391703Image000098.jpg,15,15,OTHER,378,761,393,776
1277391703Image000098.jpg,19,16,GIVE_WAY,625,724,644,740
1277391703Image000098.jpg,17,17,OTHER,625,739,642,756
1277391703Image000098.jpg,17,17,GIVE_WAY,375,745,392,762
1277391703Image000098.jpg,15,15,OTHER,378,761,393,776
1277391703Image000098.jpg,19,16,GIVE_WAY,625,724,644,740
1277391703Image000098.jpg,17,17,OTHER,625,739,642,756
1277391703Image000098.jpg,17,17,GIVE_WAY,375,745,392,762
1277391703Image000098.jpg,15,15,OTHER,378,761,393,776
1277391703Image000108.jpg,21,20,GIVE_WAY,659,720,680,740
1277391703Image000108.jpg,19,19,OTHER,662,738,681,757
1277391703Image000108.jpg,18,17,GIVE_WAY,374,743,392,760
1277391703Image000108.jpg,18,20,OTHER,374,760,392,780
1277391703Image000108.jpg,21,20,GIVE_WAY,659,720,680,740
1277391703Image000108.jpg,19,19,OTHER,662,738,681,757
1277391703Image000108.jpg,18,17,GIVE_WAY,374,743,392,760
1277391703Image000108.jpg,18,20,OTHER,374,760,392,780
1277391703Image000108.jpg,21,20,GIVE_WAY,659,720,680,740
1277391703Image000108.jpg,19,19,OTHER,662,738,681,757
1277391703Image000108.jpg,18,17,GIVE_WAY,374,743,392,760
1277391703Image000108.jpg,18,20,OTHER,374,760,392,780
1277391703Image000108.jpg,21,20,GIVE_WAY,659,720,680,740
1277391703Image000108.jpg,19,19,OTHER,662,738,681,757
1277391703Image000108.jpg,18,17,GIVE_WAY,374,743,392,760
1277391703Image000108.jpg,18,20,OTHER,374,760,392,780
1277391703Image000113.jpg,21,22,GIVE_WAY,688,718,709,740
1277391703Image000113.jpg,20,20,OTHER,689,738,709,758
1277391703Image000113.jpg,23,20,GIVE_WAY,376,740,399,760
1277391703Image000113.jpg,19,21,OTHER,380,761,399,782
1277391703Image000113.jpg,21,22,GIVE_WAY,688,718,709,740
1277391703Image000113.jpg,20,20,OTHER,689,738,709,758
1277391703Image000113.jpg,23,20,GIVE_WAY,376,740,399,760
1277391703Image000113.jpg,19,21,OTHER,380,761,399,782
1277391703Image000113.jpg,21,22,GIVE_WAY,688,718,709,740
1277391703Image000113.jpg,20,20,OTHER,689,738,709,758
1277391703Image000113.jpg,23,20,GIVE_WAY,376,740,399,760
1277391703Image000113.jpg,19,21,OTHER,380,761,399,782
1277391703Image000113.jpg,21,22,GIVE_WAY,688,718,709,740
1277391703Image000113.jpg,20,20,OTHER,689,738,709,758
1277391703Image000113.jpg,23,20,GIVE_WAY,376,740,399,760
1277391703Image000113.jpg,19,21,OTHER,380,761,399,782
1277391703Image000123.jpg,27,24,GIVE_WAY,754,689,781,713
1277391703Image000123.jpg,23,26,OTHER,759,713,782,739
1277391703Image000123.jpg,23,23,GIVE_WAY,385,714,408,737
1277391703Image000123.jpg,22,23,OTHER,387,738,409,761
1277391703Image000123.jpg,27,24,GIVE_WAY,754,689,781,713
1277391703Image000123.jpg,23,26,OTHER,759,713,782,739
1277391703Image000123.jpg,23,23,GIVE_WAY,385,714,408,737
1277391703Image000123.jpg,22,23,OTHER,387,738,409,761
1277391703Image000123.jpg,27,24,GIVE_WAY,754,689,781,713
1277391703Image000123.jpg,23,26,OTHER,759,713,782,739
1277391703Image000123.jpg,23,23,GIVE_WAY,385,714,408,737
1277391703Image000123.jpg,22,23,OTHER,387,738,409,761
1277391703Image000123.jpg,27,24,GIVE_WAY,754,689,781,713
1277391703Image000123.jpg,23,26,OTHER,759,713,782,739
1277391703Image000123.jpg,23,23,GIVE_WAY,385,714,408,737
1277391703Image000123.jpg,22,23,OTHER,387,738,409,761
1277391703Image000133.jpg,31,29,GIVE_WAY,854,665,885,694
1277391703Image000133.jpg,30,31,OTHER,857,695,887,726
1277391703Image000133.jpg,35,30,GIVE_WAY,379,700,414,730
1277391703Image000133.jpg,27,30,OTHER,383,732,410,762
1277391703Image000133.jpg,31,29,GIVE_WAY,854,665,885,694
1277391703Image000133.jpg,30,31,OTHER,857,695,887,726
1277391703Image000133.jpg,35,30,GIVE_WAY,379,700,414,730
1277391703Image000133.jpg,27,30,OTHER,383,732,410,762
1277391703Image000133.jpg,31,29,GIVE_WAY,854,665,885,694
1277391703Image000133.jpg,30,31,OTHER,857,695,887,726
1277391703Image000133.jpg,35,30,GIVE_WAY,379,700,414,730
1277391703Image000133.jpg,27,30,OTHER,383,732,410,762
1277391703Image000133.jpg,31,29,GIVE_WAY,854,665,885,694
1277391703Image000133.jpg,30,31,OTHER,857,695,887,726
1277391703Image000133.jpg,35,30,GIVE_WAY,379,700,414,730
1277391703Image000133.jpg,27,30,OTHER,383,732,410,762
1277391703Image000138.jpg,40,35,GIVE_WAY,907,656,947,691
1277391703Image000138.jpg,33,31,OTHER,913,692,946,723
1277391703Image000138.jpg,39,37,GIVE_WAY,369,697,408,734
1277391703Image000138.jpg,30,34,OTHER,377,734,407,768
1277391703Image000138.jpg,40,35,GIVE_WAY,907,656,947,691
1277391703Image000138.jpg,33,31,OTHER,913,692,946,723
1277391703Image000138.jpg,39,37,GIVE_WAY,369,697,408,734
1277391703Image000138.jpg,30,34,OTHER,377,734,407,768
1277391703Image000138.jpg,40,35,GIVE_WAY,907,656,947,691
1277391703Image000138.jpg,33,31,OTHER,913,692,946,723
1277391703Image000138.jpg,39,37,GIVE_WAY,369,697,408,734
1277391703Image000138.jpg,30,34,OTHER,377,734,407,768
1277391703Image000138.jpg,40,35,GIVE_WAY,907,656,947,691
1277391703Image000138.jpg,33,31,OTHER,913,692,946,723
1277391703Image000138.jpg,39,37,GIVE_WAY,369,697,408,734
1277391703Image000138.jpg,30,34,OTHER,377,734,407,768
1277391703Image000148.jpg,47,43,GIVE_WAY,1018,624,1065,667
1277391703Image000148.jpg,43,42,OTHER,1028,667,1071,709
1277391703Image000148.jpg,50,49,GIVE_WAY,342,677,392,726
1277391703Image000148.jpg,39,39,OTHER,350,728,389,767
1277391703Image000148.jpg,47,43,GIVE_WAY,1018,624,1065,667
1277391703Image000148.jpg,43,42,OTHER,1028,667,1071,709
1277391703Image000148.jpg,50,49,GIVE_WAY,342,677,392,726
1277391703Image000148.jpg,39,39,OTHER,350,728,389,767
1277391703Image000148.jpg,47,43,GIVE_WAY,1018,624,1065,667
1277391703Image000148.jpg,43,42,OTHER,1028,667,1071,709
1277391703Image000148.jpg,50,49,GIVE_WAY,342,677,392,726
1277391703Image000148.jpg,39,39,OTHER,350,728,389,767
1277391703Image000148.jpg,47,43,GIVE_WAY,1018,624,1065,667
1277391703Image000148.jpg,43,42,OTHER,1028,667,1071,709
1277391703Image000148.jpg,50,49,GIVE_WAY,342,677,392,726
1277391703Image000148.jpg,39,39,OTHER,350,728,389,767
1277391703Image000158.jpg,60,59,GIVE_WAY,1173,577,1233,636
1277391703Image000158.jpg,61,58,OTHER,1182,632,1243,690
1277391703Image000158.jpg,56,58,GIVE_WAY,289,649,345,707
1277391703Image000158.jpg,48,56,OTHER,298,707,346,763
1277391703Image000158.jpg,60,59,GIVE_WAY,1173,577,1233,636
1277391703Image000158.jpg,61,58,OTHER,1182,632,1243,690
1277391703Image000158.jpg,56,58,GIVE_WAY,289,649,345,707
1277391703Image000158.jpg,48,56,OTHER,298,707,346,763
1277391703Image000158.jpg,60,59,GIVE_WAY,1173,577,1233,636
1277391703Image000158.jpg,61,58,OTHER,1182,632,1243,690
1277391703Image000158.jpg,56,58,GIVE_WAY,289,649,345,707
1277391703Image000158.jpg,48,56,OTHER,298,707,346,763
1277391703Image000158.jpg,60,59,GIVE_WAY,1173,577,1233,636
1277391703Image000158.jpg,61,58,OTHER,1182,632,1243,690
1277391703Image000158.jpg,56,58,GIVE_WAY,289,649,345,707
1277391703Image000158.jpg,48,56,OTHER,298,707,346,763
1277391703Image000168.jpg,70,82,GIVE_WAY,175,600,245,682
1277391703Image000168.jpg,63,73,OTHER,188,678,251,751
1277391703Image000168.jpg,70,82,GIVE_WAY,175,600,245,682
1277391703Image000168.jpg,63,73,OTHER,188,678,251,751
1277391743Image000011.jpg,78,82,70_SIGN,1080,532,1158,614
1277391743Image000011.jpg,53,62,PRIORITY_ROAD,1097,613,1150,675
1277391743Image000011.jpg,78,82,70_SIGN,1080,532,1158,614
1277391743Image000011.jpg,53,62,PRIORITY_ROAD,1097,613,1150,675
1277391743Image000011.jpg,78,82,70_SIGN,1080,532,1158,614
1277391743Image000011.jpg,53,62,PRIORITY_ROAD,1097,613,1150,675
1277391761Image000002.jpg,17,16,OTHER,578,752,595,768
1277391761Image000002.jpg,7,6,PASS_RIGHT_SIDE,375,756,382,762
1277391761Image000002.jpg,17,16,OTHER,578,752,595,768
1277391761Image000002.jpg,7,6,PASS_RIGHT_SIDE,375,756,382,762
1277391761Image000007.jpg,19,18,OTHER,584,751,603,769
1277391761Image000007.jpg,8,6,PASS_RIGHT_SIDE,376,757,384,763
1277391761Image000007.jpg,19,18,OTHER,584,751,603,769
1277391761Image000007.jpg,8,6,PASS_RIGHT_SIDE,376,757,384,763
1277391761Image000012.jpg,20,19,OTHER,590,751,610,770
1277391761Image000012.jpg,7,9,PASS_RIGHT_SIDE,377,757,384,766
1277391761Image000012.jpg,20,19,OTHER,590,751,610,770
1277391761Image000012.jpg,7,9,PASS_RIGHT_SIDE,377,757,384,766
1277391761Image000017.jpg,23,21,OTHER,598,748,621,769
1277391761Image000017.jpg,23,21,OTHER,598,748,621,769
1277391761Image000027.jpg,27,25,OTHER,620,740,647,765
1277391761Image000027.jpg,27,25,OTHER,620,740,647,765
1277391761Image000032.jpg,34,29,OTHER,643,738,677,767
1277391761Image000032.jpg,34,29,OTHER,643,738,677,767
1277391761Image000037.jpg,37,34,OTHER,674,730,711,764
1277391761Image000037.jpg,37,34,OTHER,674,730,711,764
1277391761Image000042.jpg,41,41,OTHER,701,713,742,754
1277391761Image000042.jpg,41,41,OTHER,701,713,742,754
1277391761Image000047.jpg,53,43,OTHER,733,704,786,747
1277391761Image000047.jpg,53,43,OTHER,733,704,786,747
1277391761Image000052.jpg,61,55,OTHER,780,683,841,738
1277391761Image000052.jpg,61,55,OTHER,780,683,841,738
1277391761Image000057.jpg,76,85,OTHER,838,653,914,738
1277391761Image000057.jpg,76,85,OTHER,838,653,914,738
1277391761Image000062.jpg,104,104,OTHER,965,614,1069,718
1277391761Image000062.jpg,104,104,OTHER,965,614,1069,718
1277391772Image000003.jpg,8,10,PASS_RIGHT_SIDE,439,776,447,786
1277391772Image000008.jpg,10,12,PASS_RIGHT_SIDE,441,772,451,784
1277391772Image000013.jpg,11,12,PASS_RIGHT_SIDE,448,766,459,778
1277391772Image000018.jpg,10,10,PASS_RIGHT_SIDE,458,764,468,774
1277391772Image000023.jpg,11,12,PASS_RIGHT_SIDE,464,767,475,779
1277391772Image000028.jpg,13,13,PASS_RIGHT_SIDE,480,767,493,780
1277391772Image000033.jpg,14,11,PASS_RIGHT_SIDE,492,771,506,782
1277391772Image000038.jpg,15,13,PASS_RIGHT_SIDE,503,768,518,781
1277391772Image000043.jpg,15,15,PASS_RIGHT_SIDE,509,765,524,780
1277391772Image000048.jpg,15,16,PASS_RIGHT_SIDE,515,765,530,781
1277391772Image000053.jpg,16,18,PASS_RIGHT_SIDE,518,761,534,779
1277391772Image000053.jpg,12,19,50_SIGN,1001,716,1013,735
1277391772Image000053.jpg,15,30,OTHER,1001,737,1016,767
1277391772Image000053.jpg,16,18,PASS_RIGHT_SIDE,518,761,534,779
1277391772Image000053.jpg,12,19,50_SIGN,1001,716,1013,735
1277391772Image000053.jpg,15,30,OTHER,1001,737,1016,767
1277391772Image000053.jpg,16,18,PASS_RIGHT_SIDE,518,761,534,779
1277391772Image000053.jpg,12,19,50_SIGN,1001,716,1013,735
1277391772Image000053.jpg,15,30,OTHER,1001,737,1016,767
1277391772Image000058.jpg,18,17,PASS_RIGHT_SIDE,517,764,535,781
1277391772Image000058.jpg,13,21,50_SIGN,1043,713,1056,734
1277391772Image000058.jpg,17,35,OTHER,1042,735,1059,770
1277391772Image000058.jpg,18,17,PASS_RIGHT_SIDE,517,764,535,781
1277391772Image000058.jpg,13,21,50_SIGN,1043,713,1056,734
1277391772Image000058.jpg,17,35,OTHER,1042,735,1059,770
1277391772Image000058.jpg,18,17,PASS_RIGHT_SIDE,517,764,535,781
1277391772Image000058.jpg,13,21,50_SIGN,1043,713,1056,734
1277391772Image000058.jpg,17,35,OTHER,1042,735,1059,770
1277391772Image000063.jpg,18,17,PASS_RIGHT_SIDE,514,759,532,776
1277391772Image000063.jpg,13,26,50_SIGN,1091,699,1104,725
1277391772Image000063.jpg,22,37,OTHER,1087,725,1109,762
1277391772Image000063.jpg,18,17,PASS_RIGHT_SIDE,514,759,532,776
1277391772Image000063.jpg,13,26,50_SIGN,1091,699,1104,725
1277391772Image000063.jpg,22,37,OTHER,1087,725,1109,762
1277391772Image000063.jpg,18,17,PASS_RIGHT_SIDE,514,759,532,776
1277391772Image000063.jpg,13,26,50_SIGN,1091,699,1104,725
1277391772Image000063.jpg,22,37,OTHER,1087,725,1109,762
1277391772Image000068.jpg,20,21,PASS_RIGHT_SIDE,510,745,530,766
1277391772Image000068.jpg,24,35,50_SIGN,1179,669,1203,704
1277391772Image000068.jpg,26,41,OTHER,1181,703,1207,744
1277391772Image000068.jpg,20,21,PASS_RIGHT_SIDE,510,745,530,766
1277391772Image000068.jpg,24,35,50_SIGN,1179,669,1203,704
1277391772Image000068.jpg,26,41,OTHER,1181,703,1207,744
1277391772Image000068.jpg,20,21,PASS_RIGHT_SIDE,510,745,530,766
1277391772Image000068.jpg,24,35,50_SIGN,1179,669,1203,704
1277391772Image000068.jpg,26,41,OTHER,1181,703,1207,744
1277391772Image000078.jpg,23,24,PASS_RIGHT_SIDE,498,745,521,769
1277391772Image000083.jpg,26,27,PASS_RIGHT_SIDE,488,748,514,775
1277391772Image000093.jpg,32,34,PASS_RIGHT_SIDE,428,736,460,770
1277391772Image000093.jpg,23,24,70_SIGN,744,729,767,753
1277391772Image000093.jpg,20,20,PRIORITY_ROAD,744,752,764,772
1277391772Image000093.jpg,18,33,PASS_RIGHT_SIDE,989,724,1007,757
1277391772Image000093.jpg,32,34,PASS_RIGHT_SIDE,428,736,460,770
1277391772Image000093.jpg,23,24,70_SIGN,744,729,767,753
1277391772Image000093.jpg,20,20,PRIORITY_ROAD,744,752,764,772
1277391772Image000093.jpg,18,33,PASS_RIGHT_SIDE,989,724,1007,757
1277391772Image000093.jpg,32,34,PASS_RIGHT_SIDE,428,736,460,770
1277391772Image000093.jpg,23,24,70_SIGN,744,729,767,753
1277391772Image000093.jpg,20,20,PRIORITY_ROAD,744,752,764,772
1277391772Image000093.jpg,18,33,PASS_RIGHT_SIDE,989,724,1007,757
1277391772Image000093.jpg,32,34,PASS_RIGHT_SIDE,428,736,460,770
1277391772Image000093.jpg,23,24,70_SIGN,744,729,767,753
1277391772Image000093.jpg,20,20,PRIORITY_ROAD,744,752,764,772
1277391772Image000093.jpg,18,33,PASS_RIGHT_SIDE,989,724,1007,757
1277391772Image000098.jpg,36,37,PASS_RIGHT_SIDE,397,733,433,770
1277391772Image000098.jpg,24,24,70_SIGN,746,729,770,753
1277391772Image000098.jpg,21,21,PRIORITY_ROAD,748,753,769,774
1277391772Image000098.jpg,21,42,PASS_RIGHT_SIDE,1064,710,1085,752
1277391772Image000098.jpg,36,37,PASS_RIGHT_SIDE,397,733,433,770
1277391772Image000098.jpg,24,24,70_SIGN,746,729,770,753
1277391772Image000098.jpg,21,21,PRIORITY_ROAD,748,753,769,774
1277391772Image000098.jpg,21,42,PASS_RIGHT_SIDE,1064,710,1085,752
1277391772Image000098.jpg,36,37,PASS_RIGHT_SIDE,397,733,433,770
1277391772Image000098.jpg,24,24,70_SIGN,746,729,770,753
1277391772Image000098.jpg,21,21,PRIORITY_ROAD,748,753,769,774
1277391772Image000098.jpg,21,42,PASS_RIGHT_SIDE,1064,710,1085,752
1277391772Image000098.jpg,36,37,PASS_RIGHT_SIDE,397,733,433,770
1277391772Image000098.jpg,24,24,70_SIGN,746,729,770,753
1277391772Image000098.jpg,21,21,PRIORITY_ROAD,748,753,769,774
1277391772Image000098.jpg,21,42,PASS_RIGHT_SIDE,1064,710,1085,752
1277391772Image000108.jpg,52,55,PASS_RIGHT_SIDE,289,723,341,778
1277391772Image000108.jpg,32,31,70_SIGN,773,723,805,754
1277391772Image000108.jpg,25,25,PRIORITY_ROAD,774,755,799,780
1277391772Image000108.jpg,52,55,PASS_RIGHT_SIDE,289,723,341,778
1277391772Image000108.jpg,32,31,70_SIGN,773,723,805,754
1277391772Image000108.jpg,25,25,PRIORITY_ROAD,774,755,799,780
1277391772Image000108.jpg,52,55,PASS_RIGHT_SIDE,289,723,341,778
1277391772Image000108.jpg,32,31,70_SIGN,773,723,805,754
1277391772Image000108.jpg,25,25,PRIORITY_ROAD,774,755,799,780
1277391772Image000113.jpg,65,69,PASS_RIGHT_SIDE,210,696,275,765
1277391772Image000113.jpg,34,35,70_SIGN,795,707,829,742
1277391772Image000113.jpg,28,29,PRIORITY_ROAD,797,743,825,772
1277391772Image000113.jpg,65,69,PASS_RIGHT_SIDE,210,696,275,765
1277391772Image000113.jpg,34,35,70_SIGN,795,707,829,742
1277391772Image000113.jpg,28,29,PRIORITY_ROAD,797,743,825,772
1277391772Image000113.jpg,65,69,PASS_RIGHT_SIDE,210,696,275,765
1277391772Image000113.jpg,34,35,70_SIGN,795,707,829,742
1277391772Image000113.jpg,28,29,PRIORITY_ROAD,797,743,825,772
1277391772Image000118.jpg,86,89,PASS_RIGHT_SIDE,74,668,160,757
1277391772Image000118.jpg,44,45,70_SIGN,824,694,868,739
1277391772Image000118.jpg,33,36,PRIORITY_ROAD,826,737,859,773
1277391772Image000118.jpg,86,89,PASS_RIGHT_SIDE,74,668,160,757
1277391772Image000118.jpg,44,45,70_SIGN,824,694,868,739
1277391772Image000118.jpg,33,36,PRIORITY_ROAD,826,737,859,773
1277391772Image000118.jpg,86,89,PASS_RIGHT_SIDE,74,668,160,757
1277391772Image000118.jpg,44,45,70_SIGN,824,694,868,739
1277391772Image000118.jpg,33,36,PRIORITY_ROAD,826,737,859,773
1277391772Image000123.jpg,52,48,70_SIGN,865,678,917,726
1277391772Image000123.jpg,39,41,PRIORITY_ROAD,870,728,909,769
1277391772Image000123.jpg,52,48,70_SIGN,865,678,917,726
1277391772Image000123.jpg,39,41,PRIORITY_ROAD,870,728,909,769
1277391772Image000128.jpg,56,59,70_SIGN,933,645,989,704
1277391772Image000128.jpg,46,44,PRIORITY_ROAD,935,706,981,750
1277391772Image000128.jpg,56,59,70_SIGN,933,645,989,704
1277391772Image000128.jpg,46,44,PRIORITY_ROAD,935,706,981,750
1277391772Image000133.jpg,72,85,70_SIGN,1044,593,1116,678
1277391772Image000133.jpg,65,67,PRIORITY_ROAD,1044,678,1109,745
1277391772Image000133.jpg,72,85,70_SIGN,1044,593,1116,678
1277391772Image000133.jpg,65,67,PRIORITY_ROAD,1044,678,1109,745
1277391792Image000016.jpg,7,9,50_SIGN,642,789,649,798
1277391792Image000016.jpg,7,7,PASS_RIGHT_SIDE,605,779,612,786
1277391792Image000016.jpg,9,11,50_SIGN,489,779,498,790
1277391792Image000016.jpg,7,9,50_SIGN,642,789,649,798
1277391792Image000016.jpg,7,7,PASS_RIGHT_SIDE,605,779,612,786
1277391792Image000016.jpg,9,11,50_SIGN,489,779,498,790
1277391792Image000016.jpg,7,9,50_SIGN,642,789,649,798
1277391792Image000016.jpg,7,7,PASS_RIGHT_SIDE,605,779,612,786
1277391792Image000016.jpg,9,11,50_SIGN,489,779,498,790
1277391792Image000016.jpg,7,9,50_SIGN,642,789,649,798
1277391792Image000016.jpg,7,7,PASS_RIGHT_SIDE,605,779,612,786
1277391792Image000016.jpg,9,11,50_SIGN,489,779,498,790
1277391792Image000021.jpg,11,11,50_SIGN,638,783,649,794
1277391792Image000021.jpg,8,9,PASS_RIGHT_SIDE,603,772,611,781
1277391792Image000021.jpg,12,11,50_SIGN,476,772,488,783
1277391792Image000021.jpg,11,11,50_SIGN,638,783,649,794
1277391792Image000021.jpg,8,9,PASS_RIGHT_SIDE,603,772,611,781
1277391792Image000021.jpg,12,11,50_SIGN,476,772,488,783
1277391792Image000021.jpg,11,11,50_SIGN,638,783,649,794
1277391792Image000021.jpg,8,9,PASS_RIGHT_SIDE,603,772,611,781
1277391792Image000021.jpg,12,11,50_SIGN,476,772,488,783
1277391792Image000021.jpg,11,11,50_SIGN,638,783,649,794
1277391792Image000021.jpg,8,9,PASS_RIGHT_SIDE,603,772,611,781
1277391792Image000021.jpg,12,11,50_SIGN,476,772,488,783
1277391792Image000026.jpg,7,11,50_SIGN,643,768,650,779
1277391792Image000026.jpg,9,8,PASS_RIGHT_SIDE,602,758,611,766
1277391792Image000026.jpg,13,8,50_SIGN,467,758,480,766
1277391792Image000026.jpg,7,11,50_SIGN,643,768,650,779
1277391792Image000026.jpg,9,8,PASS_RIGHT_SIDE,602,758,611,766
1277391792Image000026.jpg,13,8,50_SIGN,467,758,480,766
1277391792Image000026.jpg,7,11,50_SIGN,643,768,650,779
1277391792Image000026.jpg,9,8,PASS_RIGHT_SIDE,602,758,611,766
1277391792Image000026.jpg,13,8,50_SIGN,467,758,480,766
1277391792Image000026.jpg,7,11,50_SIGN,643,768,650,779
1277391792Image000026.jpg,9,8,PASS_RIGHT_SIDE,602,758,611,766
1277391792Image000026.jpg,13,8,50_SIGN,467,758,480,766
1277391792Image000031.jpg,13,11,50_SIGN,643,775,656,786
1277391792Image000031.jpg,9,8,PASS_RIGHT_SIDE,601,765,610,773
1277391792Image000031.jpg,13,11,50_SIGN,643,775,656,786
1277391792Image000031.jpg,9,8,PASS_RIGHT_SIDE,601,765,610,773
1277391792Image000031.jpg,13,11,50_SIGN,643,775,656,786
1277391792Image000031.jpg,9,8,PASS_RIGHT_SIDE,601,765,610,773
1277391792Image000036.jpg,13,10,50_SIGN,653,783,666,793
1277391792Image000036.jpg,9,8,PASS_RIGHT_SIDE,606,770,615,778
1277391792Image000036.jpg,12,13,50_SIGN,447,768,459,781
1277391792Image000036.jpg,13,10,50_SIGN,653,783,666,793
1277391792Image000036.jpg,9,8,PASS_RIGHT_SIDE,606,770,615,778
1277391792Image000036.jpg,12,13,50_SIGN,447,768,459,781
1277391792Image000036.jpg,13,10,50_SIGN,653,783,666,793
1277391792Image000036.jpg,9,8,PASS_RIGHT_SIDE,606,770,615,778
1277391792Image000036.jpg,12,13,50_SIGN,447,768,459,781
1277391792Image000036.jpg,13,10,50_SIGN,653,783,666,793
1277391792Image000036.jpg,9,8,PASS_RIGHT_SIDE,606,770,615,778
1277391792Image000036.jpg,12,13,50_SIGN,447,768,459,781
1277391792Image000046.jpg,14,13,50_SIGN,668,774,682,787
1277391792Image000046.jpg,8,9,PASS_RIGHT_SIDE,613,761,621,770
1277391792Image000046.jpg,15,15,50_SIGN,425,757,440,772
1277391792Image000046.jpg,14,13,50_SIGN,668,774,682,787
1277391792Image000046.jpg,8,9,PASS_RIGHT_SIDE,613,761,621,770
1277391792Image000046.jpg,15,15,50_SIGN,425,757,440,772
1277391792Image000046.jpg,14,13,50_SIGN,668,774,682,787
1277391792Image000046.jpg,8,9,PASS_RIGHT_SIDE,613,761,621,770
1277391792Image000046.jpg,15,15,50_SIGN,425,757,440,772
1277391792Image000046.jpg,14,13,50_SIGN,668,774,682,787
1277391792Image000046.jpg,8,9,PASS_RIGHT_SIDE,613,761,621,770
1277391792Image000046.jpg,15,15,50_SIGN,425,757,440,772
1277391792Image000051.jpg,16,17,50_SIGN,675,780,691,797
1277391792Image000051.jpg,9,9,PASS_RIGHT_SIDE,616,769,625,778
1277391792Image000051.jpg,15,15,50_SIGN,413,766,428,781
1277391792Image000051.jpg,16,17,50_SIGN,675,780,691,797
1277391792Image000051.jpg,9,9,PASS_RIGHT_SIDE,616,769,625,778
1277391792Image000051.jpg,15,15,50_SIGN,413,766,428,781
1277391792Image000051.jpg,16,17,50_SIGN,675,780,691,797
1277391792Image000051.jpg,9,9,PASS_RIGHT_SIDE,616,769,625,778
1277391792Image000051.jpg,15,15,50_SIGN,413,766,428,781
1277391792Image000051.jpg,16,17,50_SIGN,675,780,691,797
1277391792Image000051.jpg,9,9,PASS_RIGHT_SIDE,616,769,625,778
1277391792Image000051.jpg,15,15,50_SIGN,413,766,428,781
1277391792Image000056.jpg,17,16,50_SIGN,685,776,702,792
1277391792Image000056.jpg,10,10,PASS_RIGHT_SIDE,618,762,628,772
1277391792Image000056.jpg,18,16,50_SIGN,389,759,407,775
1277391792Image000056.jpg,17,16,50_SIGN,685,776,702,792
1277391792Image000056.jpg,10,10,PASS_RIGHT_SIDE,618,762,628,772
1277391792Image000056.jpg,18,16,50_SIGN,389,759,407,775
1277391792Image000056.jpg,17,16,50_SIGN,685,776,702,792
1277391792Image000056.jpg,10,10,PASS_RIGHT_SIDE,618,762,628,772
1277391792Image000056.jpg,18,16,50_SIGN,389,759,407,775
1277391792Image000056.jpg,17,16,50_SIGN,685,776,702,792
1277391792Image000056.jpg,10,10,PASS_RIGHT_SIDE,618,762,628,772
1277391792Image000056.jpg,18,16,50_SIGN,389,759,407,775
1277391792Image000071.jpg,28,27,50_SIGN,717,774,745,801
1277391792Image000071.jpg,14,12,PASS_RIGHT_SIDE,606,759,620,771
1277391792Image000071.jpg,26,27,50_SIGN,235,739,261,766
1277391792Image000071.jpg,28,27,50_SIGN,717,774,745,801
1277391792Image000071.jpg,14,12,PASS_RIGHT_SIDE,606,759,620,771
1277391792Image000071.jpg,26,27,50_SIGN,235,739,261,766
1277391792Image000071.jpg,28,27,50_SIGN,717,774,745,801
1277391792Image000071.jpg,14,12,PASS_RIGHT_SIDE,606,759,620,771
1277391792Image000071.jpg,26,27,50_SIGN,235,739,261,766
1277391792Image000071.jpg,28,27,50_SIGN,717,774,745,801
1277391792Image000071.jpg,14,12,PASS_RIGHT_SIDE,606,759,620,771
1277391792Image000071.jpg,26,27,50_SIGN,235,739,261,766
1277391792Image000076.jpg,32,33,50_SIGN,735,772,767,805
1277391792Image000076.jpg,36,34,50_SIGN,142,726,178,760
1277391792Image000076.jpg,13,11,PASS_RIGHT_SIDE,598,758,611,769
1277391792Image000076.jpg,32,33,50_SIGN,735,772,767,805
1277391792Image000076.jpg,36,34,50_SIGN,142,726,178,760
1277391792Image000076.jpg,13,11,PASS_RIGHT_SIDE,598,758,611,769
1277391792Image000076.jpg,32,33,50_SIGN,735,772,767,805
1277391792Image000076.jpg,36,34,50_SIGN,142,726,178,760
1277391792Image000076.jpg,13,11,PASS_RIGHT_SIDE,598,758,611,769
1277391792Image000076.jpg,32,33,50_SIGN,735,772,767,805
1277391792Image000076.jpg,36,34,50_SIGN,142,726,178,760
1277391792Image000076.jpg,13,11,PASS_RIGHT_SIDE,598,758,611,769
1277391792Image000081.jpg,44,43,50_SIGN,768,771,812,814
1277391792Image000081.jpg,14,15,PASS_RIGHT_SIDE,586,756,600,771
1277391792Image000081.jpg,44,43,50_SIGN,768,771,812,814
1277391792Image000081.jpg,14,15,PASS_RIGHT_SIDE,586,756,600,771
1277391792Image000081.jpg,44,43,50_SIGN,768,771,812,814
1277391792Image000081.jpg,14,15,PASS_RIGHT_SIDE,586,756,600,771
1277391792Image000086.jpg,63,63,50_SIGN,825,760,888,823
1277391792Image000086.jpg,15,13,PASS_RIGHT_SIDE,578,754,593,767
1277391792Image000086.jpg,63,63,50_SIGN,825,760,888,823
1277391792Image000086.jpg,15,13,PASS_RIGHT_SIDE,578,754,593,767
1277391792Image000086.jpg,63,63,50_SIGN,825,760,888,823
1277391792Image000086.jpg,15,13,PASS_RIGHT_SIDE,578,754,593,767
1277391792Image000091.jpg,108,108,50_SIGN,977,748,1085,856
1277391792Image000091.jpg,14,16,PASS_RIGHT_SIDE,565,753,579,769
1277391792Image000091.jpg,108,108,50_SIGN,977,748,1085,856
1277391792Image000091.jpg,14,16,PASS_RIGHT_SIDE,565,753,579,769
1277391792Image000091.jpg,108,108,50_SIGN,977,748,1085,856
1277391792Image000091.jpg,14,16,PASS_RIGHT_SIDE,565,753,579,769
1277391792Image000096.jpg,15,14,PASS_RIGHT_SIDE,547,754,562,768
1277391792Image000096.jpg,8,7,PASS_RIGHT_SIDE,579,772,587,779
1277391792Image000096.jpg,15,14,PASS_RIGHT_SIDE,547,754,562,768
1277391792Image000096.jpg,8,7,PASS_RIGHT_SIDE,579,772,587,779
1277391792Image000096.jpg,15,14,PASS_RIGHT_SIDE,547,754,562,768
1277391792Image000096.jpg,8,7,PASS_RIGHT_SIDE,579,772,587,779
1277391792Image000101.jpg,16,19,PASS_RIGHT_SIDE,525,752,541,771
1277391792Image000101.jpg,9,9,PASS_RIGHT_SIDE,563,773,572,782
1277391792Image000101.jpg,16,19,PASS_RIGHT_SIDE,525,752,541,771
1277391792Image000101.jpg,9,9,PASS_RIGHT_SIDE,563,773,572,782
1277391792Image000101.jpg,16,19,PASS_RIGHT_SIDE,525,752,541,771
1277391792Image000101.jpg,9,9,PASS_RIGHT_SIDE,563,773,572,782
1277391792Image000106.jpg,18,18,PASS_RIGHT_SIDE,507,749,525,767
1277391792Image000106.jpg,9,8,PASS_RIGHT_SIDE,551,771,560,779
1277391792Image000106.jpg,18,18,PASS_RIGHT_SIDE,507,749,525,767
1277391792Image000106.jpg,9,8,PASS_RIGHT_SIDE,551,771,560,779
1277391792Image000106.jpg,18,18,PASS_RIGHT_SIDE,507,749,525,767
1277391792Image000106.jpg,9,8,PASS_RIGHT_SIDE,551,771,560,779
1277391792Image000111.jpg,22,22,PASS_RIGHT_SIDE,470,743,492,765
1277391792Image000111.jpg,8,10,PASS_RIGHT_SIDE,535,770,543,780
1277391792Image000111.jpg,22,22,PASS_RIGHT_SIDE,470,743,492,765
1277391792Image000111.jpg,8,10,PASS_RIGHT_SIDE,535,770,543,780
1277391792Image000111.jpg,22,22,PASS_RIGHT_SIDE,470,743,492,765
1277391792Image000111.jpg,8,10,PASS_RIGHT_SIDE,535,770,543,780
1277391792Image000116.jpg,24,24,PASS_RIGHT_SIDE,447,739,471,763
1277391792Image000116.jpg,7,9,PASS_RIGHT_SIDE,527,772,534,781
1277391792Image000116.jpg,24,24,PASS_RIGHT_SIDE,447,739,471,763
1277391792Image000116.jpg,7,9,PASS_RIGHT_SIDE,527,772,534,781
1277391792Image000116.jpg,24,24,PASS_RIGHT_SIDE,447,739,471,763
1277391792Image000116.jpg,7,9,PASS_RIGHT_SIDE,527,772,534,781
1277391792Image000121.jpg,28,29,PASS_RIGHT_SIDE,414,743,442,772
1277391792Image000121.jpg,10,8,PASS_RIGHT_SIDE,516,784,526,792
1277391792Image000121.jpg,28,29,PASS_RIGHT_SIDE,414,743,442,772
1277391792Image000121.jpg,10,8,PASS_RIGHT_SIDE,516,784,526,792
1277391792Image000121.jpg,28,29,PASS_RIGHT_SIDE,414,743,442,772
1277391792Image000121.jpg,10,8,PASS_RIGHT_SIDE,516,784,526,792
1277391792Image000131.jpg,39,37,PASS_RIGHT_SIDE,328,716,367,753
1277391792Image000131.jpg,8,9,PASS_RIGHT_SIDE,504,774,512,783
1277391792Image000131.jpg,39,37,PASS_RIGHT_SIDE,328,716,367,753
1277391792Image000131.jpg,8,9,PASS_RIGHT_SIDE,504,774,512,783
1277391792Image000131.jpg,39,37,PASS_RIGHT_SIDE,328,716,367,753
1277391792Image000131.jpg,8,9,PASS_RIGHT_SIDE,504,774,512,783
1277391792Image000136.jpg,53,52,PASS_RIGHT_SIDE,224,690,277,742
1277391792Image000136.jpg,9,10,PASS_RIGHT_SIDE,495,771,504,781
1277391792Image000136.jpg,53,52,PASS_RIGHT_SIDE,224,690,277,742
1277391792Image000136.jpg,9,10,PASS_RIGHT_SIDE,495,771,504,781
1277391792Image000136.jpg,53,52,PASS_RIGHT_SIDE,224,690,277,742
1277391792Image000136.jpg,9,10,PASS_RIGHT_SIDE,495,771,504,781
1277391792Image000141.jpg,49,92,PASS_RIGHT_SIDE,2,644,51,736
1277391792Image000141.jpg,10,9,PASS_RIGHT_SIDE,485,787,495,796
1277391792Image000141.jpg,49,92,PASS_RIGHT_SIDE,2,644,51,736
1277391792Image000141.jpg,10,9,PASS_RIGHT_SIDE,485,787,495,796
1277391792Image000141.jpg,49,92,PASS_RIGHT_SIDE,2,644,51,736
1277391792Image000141.jpg,10,9,PASS_RIGHT_SIDE,485,787,495,796
1277391792Image000146.jpg,12,11,PASS_RIGHT_SIDE,475,768,487,779
1277391792Image000146.jpg,12,11,PASS_RIGHT_SIDE,475,768,487,779
1277391792Image000151.jpg,13,12,PASS_RIGHT_SIDE,470,771,483,783
1277391792Image000151.jpg,8,8,PRIORITY_ROAD,607,765,615,773
1277391792Image000151.jpg,13,12,PASS_RIGHT_SIDE,470,771,483,783
1277391792Image000151.jpg,8,8,PRIORITY_ROAD,607,765,615,773
1277391792Image000151.jpg,13,12,PASS_RIGHT_SIDE,470,771,483,783
1277391792Image000151.jpg,8,8,PRIORITY_ROAD,607,765,615,773
1277391792Image000156.jpg,13,12,PASS_RIGHT_SIDE,465,781,478,793
1277391792Image000156.jpg,9,8,PRIORITY_ROAD,612,773,621,781
1277391792Image000156.jpg,13,12,PASS_RIGHT_SIDE,465,781,478,793
1277391792Image000156.jpg,9,8,PRIORITY_ROAD,612,773,621,781
1277391792Image000156.jpg,13,12,PASS_RIGHT_SIDE,465,781,478,793
1277391792Image000156.jpg,9,8,PRIORITY_ROAD,612,773,621,781
1277391792Image000166.jpg,15,16,PASS_RIGHT_SIDE,464,768,479,784
1277391792Image000166.jpg,10,10,PRIORITY_ROAD,633,761,643,771
1277391792Image000166.jpg,15,16,PASS_RIGHT_SIDE,464,768,479,784
1277391792Image000166.jpg,10,10,PRIORITY_ROAD,633,761,643,771
1277391792Image000166.jpg,15,16,PASS_RIGHT_SIDE,464,768,479,784
1277391792Image000166.jpg,10,10,PRIORITY_ROAD,633,761,643,771
1277391792Image000171.jpg,17,16,PASS_RIGHT_SIDE,462,759,479,775
1277391792Image000171.jpg,10,11,PRIORITY_ROAD,645,750,655,761
1277391792Image000171.jpg,17,16,PASS_RIGHT_SIDE,462,759,479,775
1277391792Image000171.jpg,10,11,PRIORITY_ROAD,645,750,655,761
1277391792Image000171.jpg,17,16,PASS_RIGHT_SIDE,462,759,479,775
1277391792Image000171.jpg,10,11,PRIORITY_ROAD,645,750,655,761
1277391792Image000176.jpg,19,17,PASS_RIGHT_SIDE,458,761,477,778
1277391792Image000176.jpg,10,11,PRIORITY_ROAD,654,751,664,762
1277391792Image000176.jpg,19,17,PASS_RIGHT_SIDE,458,761,477,778
1277391792Image000176.jpg,10,11,PRIORITY_ROAD,654,751,664,762
1277391792Image000176.jpg,19,17,PASS_RIGHT_SIDE,458,761,477,778
1277391792Image000176.jpg,10,11,PRIORITY_ROAD,654,751,664,762
1277391792Image000184.jpg,22,22,PASS_RIGHT_SIDE,439,750,461,772
1277391792Image000184.jpg,12,13,PRIORITY_ROAD,677,740,689,753
1277391792Image000184.jpg,22,22,PASS_RIGHT_SIDE,439,750,461,772
1277391792Image000184.jpg,12,13,PRIORITY_ROAD,677,740,689,753
1277391792Image000184.jpg,22,22,PASS_RIGHT_SIDE,439,750,461,772
1277391792Image000184.jpg,12,13,PRIORITY_ROAD,677,740,689,753
1277391792Image000192.jpg,23,24,PASS_RIGHT_SIDE,420,743,443,767
1277391792Image000192.jpg,14,14,PRIORITY_ROAD,688,736,702,750
1277391792Image000192.jpg,23,24,PASS_RIGHT_SIDE,420,743,443,767
1277391792Image000192.jpg,14,14,PRIORITY_ROAD,688,736,702,750
1277391792Image000192.jpg,23,24,PASS_RIGHT_SIDE,420,743,443,767
1277391792Image000192.jpg,14,14,PRIORITY_ROAD,688,736,702,750
1277391816Image000001.jpg,17,14,70_SIGN,705,788,722,802
1277391816Image000001.jpg,16,16,70_SIGN,453,777,469,793
1277391816Image000001.jpg,17,14,70_SIGN,705,788,722,802
1277391816Image000001.jpg,16,16,70_SIGN,453,777,469,793
1277391816Image000006.jpg,15,17,70_SIGN,713,779,728,796
1277391816Image000006.jpg,16,16,50_SIGN,442,766,458,782
1277391816Image000006.jpg,15,17,70_SIGN,713,779,728,796
1277391816Image000006.jpg,16,16,50_SIGN,442,766,458,782
1277391816Image000011.jpg,18,16,70_SIGN,711,790,729,806
1277391816Image000011.jpg,22,20,70_SIGN,408,771,430,791
1277391816Image000011.jpg,18,16,70_SIGN,711,790,729,806
1277391816Image000011.jpg,22,20,70_SIGN,408,771,430,791
1277391816Image000016.jpg,21,20,70_SIGN,713,787,734,807
1277391816Image000016.jpg,22,22,70_SIGN,365,769,387,791
1277391816Image000016.jpg,21,20,70_SIGN,713,787,734,807
1277391816Image000016.jpg,22,22,70_SIGN,365,769,387,791
1277391816Image000021.jpg,23,25,70_SIGN,726,782,749,807
1277391816Image000021.jpg,25,24,70_SIGN,314,767,339,791
1277391816Image000021.jpg,23,25,70_SIGN,726,782,749,807
1277391816Image000021.jpg,25,24,70_SIGN,314,767,339,791
1277391816Image000026.jpg,28,25,70_SIGN,738,775,766,800
1277391816Image000026.jpg,27,28,70_SIGN,265,753,292,781
1277391816Image000026.jpg,28,25,70_SIGN,738,775,766,800
1277391816Image000026.jpg,27,28,70_SIGN,265,753,292,781
1277391816Image000031.jpg,38,34,70_SIGN,758,782,796,816
1277391816Image000031.jpg,35,37,70_SIGN,128,746,163,783
1277391816Image000031.jpg,38,34,70_SIGN,758,782,796,816
1277391816Image000031.jpg,35,37,70_SIGN,128,746,163,783
1277391816Image000036.jpg,43,44,70_SIGN,775,775,818,819
1277391816Image000036.jpg,22,43,70_SIGN,4,730,26,773
1277391816Image000036.jpg,43,44,70_SIGN,775,775,818,819
1277391816Image000036.jpg,22,43,70_SIGN,4,730,26,773
1277391816Image000041.jpg,61,63,70_SIGN,820,770,881,833
1277391816Image000041.jpg,61,63,70_SIGN,820,770,881,833
1277391816Image000046.jpg,117,121,70_SIGN,969,753,1086,874
1277391816Image000046.jpg,117,121,70_SIGN,969,753,1086,874
1277391816Image000107.jpg,6,7,URDBL,724,763,730,770
1277391816Image000107.jpg,6,5,PRIORITY_ROAD,725,771,731,776
1277391816Image000107.jpg,10,10,PASS_RIGHT_SIDE,612,764,622,774
1277391816Image000107.jpg,6,7,URDBL,724,763,730,770
1277391816Image000107.jpg,6,5,PRIORITY_ROAD,725,771,731,776
1277391816Image000107.jpg,10,10,PASS_RIGHT_SIDE,612,764,622,774
1277391816Image000107.jpg,6,7,URDBL,724,763,730,770
1277391816Image000107.jpg,6,5,PRIORITY_ROAD,725,771,731,776
1277391816Image000107.jpg,10,10,PASS_RIGHT_SIDE,612,764,622,774
1277391816Image000107.jpg,6,7,URDBL,724,763,730,770
1277391816Image000107.jpg,6,5,PRIORITY_ROAD,725,771,731,776
1277391816Image000107.jpg,10,10,PASS_RIGHT_SIDE,612,764,622,774
1277391816Image000117.jpg,8,8,URDBL,698,757,706,765
1277391816Image000117.jpg,8,5,PRIORITY_ROAD,685,768,693,773
1277391816Image000117.jpg,14,15,PASS_RIGHT_SIDE,551,759,565,774
1277391816Image000117.jpg,8,8,URDBL,698,757,706,765
1277391816Image000117.jpg,8,5,PRIORITY_ROAD,685,768,693,773
1277391816Image000117.jpg,14,15,PASS_RIGHT_SIDE,551,759,565,774
1277391816Image000117.jpg,8,8,URDBL,698,757,706,765
1277391816Image000117.jpg,8,5,PRIORITY_ROAD,685,768,693,773
1277391816Image000117.jpg,14,15,PASS_RIGHT_SIDE,551,759,565,774
1277391816Image000117.jpg,8,8,URDBL,698,757,706,765
1277391816Image000117.jpg,8,5,PRIORITY_ROAD,685,768,693,773
1277391816Image000117.jpg,14,15,PASS_RIGHT_SIDE,551,759,565,774
1277391816Image000122.jpg,8,9,OTHER,685,759,693,768
1277391816Image000122.jpg,6,6,PRIORITY_ROAD,685,767,691,773
1277391816Image000122.jpg,13,13,PASS_RIGHT_SIDE,551,761,564,774
1277391816Image000122.jpg,7,8,PASS_RIGHT_SIDE,588,767,595,775
1277391816Image000122.jpg,8,9,OTHER,685,759,693,768
1277391816Image000122.jpg,6,6,PRIORITY_ROAD,685,767,691,773
1277391816Image000122.jpg,13,13,PASS_RIGHT_SIDE,551,761,564,774
1277391816Image000122.jpg,7,8,PASS_RIGHT_SIDE,588,767,595,775
1277391816Image000122.jpg,8,9,OTHER,685,759,693,768
1277391816Image000122.jpg,6,6,PRIORITY_ROAD,685,767,691,773
1277391816Image000122.jpg,13,13,PASS_RIGHT_SIDE,551,761,564,774
1277391816Image000122.jpg,7,8,PASS_RIGHT_SIDE,588,767,595,775
1277391816Image000122.jpg,8,9,OTHER,685,759,693,768
1277391816Image000122.jpg,6,6,PRIORITY_ROAD,685,767,691,773
1277391816Image000122.jpg,13,13,PASS_RIGHT_SIDE,551,761,564,774
1277391816Image000122.jpg,7,8,PASS_RIGHT_SIDE,588,767,595,775
1277391816Image000122.jpg,8,9,OTHER,685,759,693,768
1277391816Image000122.jpg,6,6,PRIORITY_ROAD,685,767,691,773
1277391816Image000122.jpg,13,13,PASS_RIGHT_SIDE,551,761,564,774
1277391816Image000122.jpg,7,8,PASS_RIGHT_SIDE,588,767,595,775
1277391816Image000127.jpg,9,9,OTHER,673,760,682,769
1277391816Image000127.jpg,7,7,PRIORITY_ROAD,674,768,681,775
1277391816Image000127.jpg,14,15,PASS_RIGHT_SIDE,531,759,545,774
1277391816Image000127.jpg,11,9,PASS_RIGHT_SIDE,570,764,581,773
1277391816Image000127.jpg,9,9,OTHER,673,760,682,769
1277391816Image000127.jpg,7,7,PRIORITY_ROAD,674,768,681,775
1277391816Image000127.jpg,14,15,PASS_RIGHT_SIDE,531,759,545,774
1277391816Image000127.jpg,11,9,PASS_RIGHT_SIDE,570,764,581,773
1277391816Image000127.jpg,9,9,OTHER,673,760,682,769
1277391816Image000127.jpg,7,7,PRIORITY_ROAD,674,768,681,775
1277391816Image000127.jpg,14,15,PASS_RIGHT_SIDE,531,759,545,774
1277391816Image000127.jpg,11,9,PASS_RIGHT_SIDE,570,764,581,773
1277391816Image000127.jpg,9,9,OTHER,673,760,682,769
1277391816Image000127.jpg,7,7,PRIORITY_ROAD,674,768,681,775
1277391816Image000127.jpg,14,15,PASS_RIGHT_SIDE,531,759,545,774
1277391816Image000127.jpg,11,9,PASS_RIGHT_SIDE,570,764,581,773
1277391816Image000127.jpg,9,9,OTHER,673,760,682,769
1277391816Image000127.jpg,7,7,PRIORITY_ROAD,674,768,681,775
1277391816Image000127.jpg,14,15,PASS_RIGHT_SIDE,531,759,545,774
1277391816Image000127.jpg,11,9,PASS_RIGHT_SIDE,570,764,581,773
